0.010
0.290
0.460
0.645
0.680
0.830
1.020
1.185
1.375
1.550
1.725
1.995
2.100
2.275
2.450
2.645
2.810
3.005
3.185
3.365
3.545
3.700
3.890
4.260
4.430
4.620
4.790
5.150
5.345
5.705
6.050
6.245
6.435
6.480
6.595
6.805
6.990
7.160
7.210
7.335
7.510
7.680
7.780
7.880
7.945
8.060
8.235
8.420
8.600
8.790
8.965
9.155
9.330
9.485
9.670
9.880
10.040
10.215
10.405
10.575
10.735
10.805
10.945
11.125
11.490
11.860
12.030
12.215
12.375
12.590
12.745
12.855
12.945
13.115
13.290
13.465
13.560
13.665
13.845
14.020
14.210
14.380
14.565
14.735
14.920
15.105
15.270
15.455
15.820
15.995
16.180
16.355
16.715
16.905
17.285
17.445
17.620
17.810
17.990
18.160
18.370
18.710
18.775
18.900
19.075
19.245
19.445
19.545
19.605
19.805
19.975
20.165
20.350
20.510
20.700
20.885
21.050
21.240
21.605
21.780
21.960
22.140
22.275
22.415
22.500
22.695
23.050
23.230
23.405
23.595
23.770
23.945
24.160
24.495
24.685
24.855
25.030
25.235
25.410
25.585
25.945
26.130
26.295
26.485
26.665
26.840
27.025
27.210
27.390
27.565
27.745
27.925
28.015
28.200
28.285
28.475
28.850
29.015
29.185
29.375
29.555
29.725
29.950
30.275
30.465
30.640
30.810
31.010
31.110
31.170
31.370
31.415
