0.190
0.520
0.845
1.020
1.055
1.140
1.460
1.750
1.945
2.080
2.365
2.575
2.665
2.870
2.960
3.290
3.495
3.560
3.880
4.165
4.475
4.700
4.780
4.970
5.045
5.370
5.695
5.870
5.965
6.240
6.275
6.430
6.560
6.735
6.860
7.010
7.145
7.345
7.450
7.645
7.725
7.960
8.040
8.320
8.550
8.905
9.135
9.215
9.500
9.770
10.090
10.585
10.685
11.000
11.185
11.270
11.590
11.865
12.065
12.165
12.390
12.450
12.770
13.050
13.255
13.380
13.640
13.865
13.940
14.150
14.235
14.415
14.505
14.810
15.120
15.415
15.580
15.695
15.870
15.980
16.215
16.560
16.710
16.835
17.035
17.135
17.375
17.445
17.705
17.930
18.010
18.290
18.600
18.820
18.885
19.065
