0.295
0.550
0.840
1.110
1.200
1.430
1.660
1.775
1.890
2.005
2.120
2.355
2.470
2.585
2.700
2.815
2.930
3.045
3.160
3.275
3.390
3.510
3.620
3.735
3.850
3.965
4.085
4.200
4.315
4.430
4.545
4.660
4.775
4.905
5.020
5.195
5.295
5.450
5.630
5.675
5.720
5.815
6.045
6.275
6.390
6.505
6.620
6.740
6.970
7.085
7.200
7.315
7.430
7.545
7.660
7.775
7.890
8.005
8.120
8.240
8.350
8.465
8.585
8.700
8.815
8.930
9.045
9.160
9.275
9.390
9.525
9.635
9.810
10.065
10.335
10.430
10.660
10.890
11.005
11.125
11.240
11.355
11.585
11.700
11.815
11.930
12.045
12.160
12.275
12.390
12.505
12.620
12.740
12.855
12.970
13.085
13.200
13.315
13.430
13.545
13.660
13.775
13.890
14.005
14.140
14.280
14.430
14.570
14.690
14.870
14.915
15.045
15.275
15.510
15.620
15.740
15.855
15.970
16.200
16.315
16.430
16.545
16.660
16.775
16.890
17.010
17.120
17.240
17.355
17.470
17.585
17.700
17.815
17.930
18.045
18.160
18.275
18.390
18.505
18.620
18.745
18.925
19.080
19.185
19.305
19.440
19.530
19.665
19.895
20.125
20.240
20.355
20.470
20.590
20.820
20.935
21.050
21.165
21.280
21.395
21.510
21.625
21.740
21.855
21.970
22.085
22.200
22.315
22.430
22.545
22.660
22.780
22.895
23.010
23.125
23.240
23.370
23.455
23.540
23.660
23.875
24.005
24.280
24.510
24.740
24.855
24.970
25.085
25.200
25.430
25.550
25.665
25.780
25.895
26.010
26.125
26.240
26.355
26.470
26.585
26.700
26.815
26.930
27.045
27.160
27.275
27.395
27.510
27.625
27.740
27.855
27.985
28.415
28.575
28.670
28.895
29.125
29.355
29.470
29.585
29.700
29.820
30.050
30.165
30.280
30.395
30.510
30.625
30.740
30.855
30.970
31.090
31.205
31.320
31.435
31.550
31.665
31.780
31.895
32.010
32.125
32.240
32.355
32.470
32.605
32.715
32.925
33.030
33.105
33.235
33.420
33.465
33.510
33.740
33.970
34.085
34.200
34.315
34.430
34.665
34.780
34.895
35.010
35.125
35.240
35.355
35.470
35.585
35.700
35.815
35.930
36.045
36.160
36.275
36.390
36.510
36.625
36.740
36.855
36.970
37.085
37.215
37.445
37.895
37.990
38.130
38.360
38.590
38.705
38.820
38.935
39.055
39.280
39.395
39.515
39.630
39.745
39.860
39.975
40.090
40.205
40.320
40.435
40.550
40.665
40.780
40.895
41.010
41.125
41.240
41.355
41.470
41.585
41.700
41.835
41.945
42.000
42.120
42.220
42.375
42.600
42.645
42.740
42.970
43.200
43.315
43.430
43.550
43.665
43.895
44.010
44.125
44.240
44.355
44.470
44.585
44.700
44.815
44.935
45.050
45.165
45.280
45.395
45.510
45.625
45.740
45.855
45.970
46.085
46.200
46.315
46.450
46.675
46.990
47.125
47.170
47.355
47.590
47.820
47.935
48.050
48.165
48.285
48.515
48.630
48.745
48.860
48.975
49.090
49.205
49.320
49.435
49.550
49.665
49.780
49.895
50.010
50.125
50.240
50.355
50.470
50.585
50.700
50.815
50.935
51.065
51.150
51.205
51.355
51.495
51.615
51.840
51.885
51.975
52.205
52.435
52.550
52.665
52.780
52.895
53.125
53.240
53.355
53.475
53.590
53.700
53.820
53.935
54.050
54.165
54.280
54.395
54.510
54.625
54.740
54.855
54.970
55.085
55.200
55.315
55.430
55.550
55.670
55.850
55.905
56.070
56.130
56.225
56.265
56.360
56.590
56.820
57.050
57.165
57.280
57.395
57.515
57.745
57.860
57.975
58.090
58.210
58.320
58.435
58.550
58.665
58.785
58.900
59.010
59.125
59.240
59.360
59.470
59.590
59.700
59.820
59.935
