0.010
0.060
0.265
0.325
0.380
0.730
1.000
1.060
1.230
1.280
1.695
1.830
2.020
2.230
2.765
2.910
3.310
3.660
3.830
4.240
4.765
5.140
5.235
5.325
5.680
5.860
6.080
6.240
6.385
6.535
6.595
6.765
6.830
6.965
7.330
7.560
7.705
7.830
7.880
8.445
8.590
8.770
8.945
9.135
9.305
9.485
9.525
9.735
9.845
10.030
10.205
10.395
10.565
10.725
10.905
11.265
11.430
11.880
11.960
12.135
12.325
12.655
12.700
12.865
13.220
13.280
13.410
13.775
13.995
14.125
14.325
14.520
14.715
14.850
15.040
15.215
15.405
15.560
15.755
16.125
16.305
16.450
16.580
16.645
16.885
16.970
17.170
17.510
17.695
17.855
18.155
18.430
18.575
18.805
18.990
19.095
19.255
19.450
19.810
19.995
20.125
20.205
20.340
20.545
20.715
20.900
21.280
21.470
21.640
21.675
22.025
22.360
22.625
22.755
22.895
23.070
23.255
23.445
23.625
23.805
24.065
24.145
24.325
24.500
24.670
24.830
25.080
25.215
25.420
25.520
25.580
25.795
26.260
26.530
26.660
26.920
27.000
27.255
27.415
27.735
27.990
28.090
28.130
28.435
28.620
28.785
28.985
29.155
29.190
29.365
29.510
