0.995
1.170
1.235
1.295
1.355
1.415
1.475
1.535
1.710
1.775
1.895
2.015
2.120
2.185
2.245
2.420
2.605
2.780
2.845
2.965
3.140
3.315
3.490
3.675
3.795
3.835
4.095
4.195
4.555
4.795
4.890
4.930
5.095
5.200
5.810
5.985
6.165
6.275
6.335
6.695
7.020
7.055
7.405
7.765
7.800
7.945
8.090
8.835
9.185
9.355
9.420
9.545
9.905
10.255
10.615
10.800
10.905
10.980
11.330
11.510
11.685
12.045
12.380
12.755
12.950
13.115
13.155
13.465
13.660
13.830
14.020
14.195
14.365
14.465
14.535
14.825
14.900
15.225
15.545
15.715
15.865
15.950
16.110
16.175
16.335
16.875
16.960
17.105
17.315
17.400
17.645
17.725
18.025
18.140
18.325
18.380
18.625
19.370
19.525
19.755
19.840
20.000
20.175
20.215
20.520
20.895
21.285
21.490
21.695
21.730
22.115
22.340
22.555
22.995
23.445
23.885
24.150
24.335
24.625
24.785
24.900
25.005
25.225
25.445
25.815
25.895
26.115
26.340
26.565
26.790
27.005
27.230
27.435
27.640
27.740
27.835
28.030
28.130
28.215
28.400
28.580
28.745
28.925
29.110
29.285
29.645
29.815
30.000
30.180
30.270
30.360
30.540
30.630
30.715
30.890
30.980
31.070
31.250
31.430
31.605
31.775
31.955
32.135
32.310
32.485
32.670
32.845
33.030
33.205
33.390
33.480
33.565
33.660
33.740
33.825
33.915
34.095
34.280
34.455
34.635
34.810
34.985
35.175
35.350
35.515
35.710
35.880
36.060
36.240
36.415
36.600
36.765
36.945
37.130
37.295
37.475
37.655
37.835
38.020
38.195
38.365
38.560
38.730
