0.035
0.221
0.325
0.476
0.685
0.848
1.416
1.625
1.765
1.904
2.020
2.601
2.763
2.902
3.088
3.425
3.680
4.017
4.249
4.772
5.457
5.968
6.107
6.455
7.848
8.127
8.278
8.882
9.172
9.311
9.497
9.683
9.834
10.275
10.600
11.262
11.436
11.622
11.726
12.829
14.385
14.942
15.662
15.801
15.975
16.300
16.893
17.101
17.241
17.392
17.450
17.589
17.682
17.949
17.984
18.239
18.680
18.866
18.913
19.064
19.447
19.493
19.737
19.865
20.225
20.457
20.944
21.420
21.931
22.117
23.104
23.324
23.557
23.591
24.149
24.335
24.799
25.054
25.228
26.738
26.982
27.446
27.574
27.783
28.270
31.138
31.289
31.382
31.486
31.521
31.602
31.753
32.427
32.508
32.787
32.856
32.996
33.390
34.040
34.400
34.656
34.981
35.109
36.827
39.079
39.219
39.404
39.532
39.695
39.834
41.227
41.749
42.191
42.934
43.352
43.491
43.642
44.153
44.188
44.420
44.571
44.745
44.931
45.012
45.186
46.312
46.695
46.788
46.846
47.009
47.067
47.450
47.972
48.298
48.785
48.901
49.505
49.772
50.143
50.283
50.608
50.712
50.747
50.887
51.014
51.328
51.386
51.931
52.071
52.140
52.326
52.895
53.023
53.824
53.952
54.091
54.555
54.695
54.741
54.799
54.846
54.938
55.101
55.310
55.345
55.472
57.237
57.620
57.922
58.410
58.688
58.839
58.979
59.106
59.281
59.606
59.861
60.024
60.256
60.418
60.465
60.651
61.812
62.253
62.450
62.497
62.729
62.810
62.996
63.065
63.367
63.541
63.762
63.983
64.110
64.168
64.319
64.459
64.551
65.086
65.666
65.956
66.130
66.316
66.653
66.862
67.245
67.396
67.628
67.767
67.965
68.069
68.336
68.371
68.522
69.300
69.416
69.950
