0.464
0.499
0.650
0.824
0.871
0.975
1.010
1.068
1.173
1.347
1.498
1.614
1.683
1.892
2.020
2.078
2.171
2.310
2.345
2.380
2.485
2.694
3.007
3.077
3.146
3.228
3.924
3.959
4.389
4.435
4.598
4.632
4.981
5.341
5.457
5.700
5.886
5.968
6.084
6.467
6.571
6.711
6.861
6.920
7.094
7.279
7.338
7.396
7.651
7.779
7.848
7.918
7.953
8.127
8.208
8.324
8.568
8.696
8.742
8.789
8.940
9.102
9.323
9.404
9.555
9.636
9.764
10.101
10.391
10.786
11.192
11.238
12.237
12.307
12.725
12.922
12.957
13.084
13.224
13.328
13.375
13.665
13.839
13.897
14.002
14.176
14.396
14.582
14.884
15.047
15.290
15.337
15.441
15.511
15.685
15.813
15.882
16.010
16.196
16.393
16.567
16.846
16.985
17.101
17.334
17.461
17.601
17.636
17.682
17.775
18.054
18.251
18.425
18.971
19.586
19.714
19.830
19.911
20.561
20.619
20.735
20.828
21.328
21.478
21.676
21.838
21.908
22.059
22.187
22.419
22.454
22.547
22.779
22.918
23.220
23.417
23.510
23.557
23.615
23.777
23.975
24.126
24.381
24.416
24.602
24.648
24.718
24.892
25.043
25.101
25.379
25.542
25.739
25.844
25.879
26.006
26.297
26.448
26.773
26.993
27.051
27.237
27.434
27.516
27.818
27.899
28.026
28.386
28.421
28.456
28.677
28.793
28.897
29.083
29.443
29.756
29.861
30.058
30.383
31.417
32.369
32.415
32.566
32.682
32.763
33.042
33.088
33.425
33.588
33.739
34.099
34.203
34.435
34.482
34.667
34.865
34.981
35.085
35.143
35.190
35.352
35.527
35.573
35.689
35.736
35.817
35.956
36.084
36.270
36.641
37.024
37.198
37.407
37.500
37.628
37.802
38.069
38.243
38.429
38.592
39.857
40.414
41.030
41.181
41.448
41.773
42.075
42.237
42.284
42.446
42.678
42.794
42.841
42.887
43.096
43.143
43.317
43.514
43.549
44.037
44.350
44.536
44.815
45.023
45.174
45.302
45.372
45.465
45.639
45.674
45.778
46.266
46.591
46.869
47.044
47.160
47.264
47.543
47.752
47.914
48.123
48.263
48.390
48.506
48.727
48.808
49.122
49.203
49.412
49.772
50.225
52.872
