0.337
0.476
0.639
0.848
1.405
1.556
1.614
2.009
2.218
2.566
3.088
3.193
3.402
3.587
4.017
4.110
4.261
4.748
4.992
5.433
5.654
5.956
6.444
8.115
8.150
8.278
8.858
9.288
9.485
9.671
9.822
10.263
10.588
10.809
11.238
11.610
11.714
11.912
12.597
12.806
14.385
15.499
15.801
15.952
16.149
16.289
16.881
17.090
17.148
17.229
17.427
17.531
17.937
18.228
18.669
18.855
19.040
19.482
19.598
19.632
19.853
20.039
20.213
20.445
20.666
20.933
21.409
21.560
21.920
22.698
23.104
23.313
23.545
23.580
24.102
24.160
24.335
24.787
25.066
25.194
25.228
26.807
27.214
27.423
27.550
27.771
31.289
31.324
31.475
31.742
31.835
32.009
32.055
32.496
32.543
32.775
32.938
32.972
33.379
34.029
34.377
34.458
34.981
35.097
38.951
39.068
39.195
39.532
39.822
41.529
42.051
42.191
42.458
42.934
43.619
43.654
44.141
44.188
44.408
44.559
44.989
45.023
45.186
45.232
46.312
46.591
46.777
46.835
47.009
47.438
47.554
47.961
48.286
48.472
48.681
50.132
50.190
50.596
50.701
50.736
50.887
51.374
51.432
51.908
52.071
52.175
52.326
52.895
54.416
54.544
54.579
54.683
55.287
55.333
55.449
56.390
56.877
57.365
57.458
57.620
57.864
57.911
58.398
58.677
58.839
58.967
59.083
59.130
59.188
59.455
59.594
59.780
59.849
60.000
60.349
60.639
60.697
61.475
61.800
62.009
62.241
62.288
62.438
62.717
62.798
62.973
63.054
63.344
63.530
63.774
63.936
64.099
64.157
65.666
65.945
66.119
66.165
66.363
66.641
66.676
66.839
66.873
66.943
67.245
67.373
67.628
67.767
68.046
68.348
68.510
68.708
68.778
68.859
68.963
69.277
69.416
