0.544
0.157
0.695
0.815
0.759
0.765
0.769
0.673
0.805
0.899
0.803
0.806
0.809
0.750
0.727
0.750
0.881
0.841
0.857
0.660
0.902
0.784
0.691
0.797
0.860
0.789
0.933
0.882
0.772
0.813
0.851
0.857
0.898
0.777
0.828
0.830
0.914
0.756
0.826
0.752
0.857
0.829
0.806
0.732
0.838
0.746
0.852
0.672
0.772
0.887
0.672
0.877
0.701
0.797
0.853
0.787
0.752
0.957
0.745
0.813
0.890
0.678
0.806
0.846
0.811
0.945
0.868
0.828
0.779
0.916
0.819
0.899
0.615
0.696
0.800
0.656
0.879
0.819
0.651
0.814
0.381
0.542
0.667
0.800
0.674
0.969
0.382
0.793
0.930
0.854
0.780
0.705
0.971
0.774
0.840
0.821
0.855
0.916
0.881
0.821
0.882
0.822
0.629
0.526
0.864
0.840
1.000
0.866
0.727
0.831
0.625
0.746
0.909
0.705
0.846
0.811
0.778
0.763
0.770
0.796
0.890
0.767
0.682
0.761
0.840
0.678
0.798
0.856
0.822
0.811
0.586
0.860
0.736
0.797
0.819
0.843
0.743
0.747
0.462
0.887
0.812
0.815
0.662
0.343
0.604
0.465
0.533
0.486
0.384
0.500
0.278
0.570
0.854
0.874
0.766
0.803
0.435
0.806
0.835
0.776
0.842
0.880
0.757
0.638
0.830
0.878
0.630
0.796
0.943
0.559
0.395
0.835
0.644
0.803
0.653
0.920
0.855
0.706
0.814
0.721
0.847
0.639
0.747
0.686
0.886
