0.533
0.133
0.695
0.815
0.736
0.765
0.731
0.635
0.805
0.899
0.773
0.806
0.809
0.712
0.659
0.750
0.881
0.841
0.841
0.642
0.887
0.725
0.691
0.729
0.860
0.789
0.933
0.882
0.772
0.797
0.851
0.857
0.898
0.777
0.800
0.830
0.900
0.731
0.797
0.752
0.857
0.829
0.777
0.707
0.778
0.730
0.796
0.672
0.756
0.872
0.655
0.846
0.701
0.797
0.853
0.787
0.736
0.957
0.727
0.800
0.878
0.622
0.742
0.831
0.778
0.945
0.863
0.821
0.779
0.910
0.812
0.888
0.568
0.658
0.784
0.556
0.879
0.802
0.578
0.807
0.365
0.271
0.667
0.800
0.674
0.969
0.343
0.793
0.928
0.854
0.780
0.667
0.971
0.774
0.800
0.821
0.855
0.916
0.881
0.821
0.882
0.812
0.508
0.526
0.864
0.840
1.000
0.866
0.727
0.831
0.625
0.746
0.909
0.705
0.846
0.811
0.741
0.753
0.770
0.774
0.883
0.767
0.682
0.761
0.834
0.625
0.779
0.840
0.784
0.790
0.543
0.819
0.729
0.789
0.797
0.831
0.702
0.720
0.406
0.887
0.800
0.810
0.627
0.332
0.592
0.456
0.529
0.479
0.370
0.500
0.278
0.544
0.854
0.874
0.702
0.752
0.435
0.806
0.835
0.776
0.827
0.880
0.757
0.536
0.830
0.878
0.575
0.796
0.943
0.500
0.384
0.835
0.533
0.769
0.632
0.920
0.841
0.686
0.814
0.718
0.847
0.622
0.747
0.571
0.886
