0.162751
0.405109
0.484202
0.551685
0.730189
0.914497
1.089372
1.272955
1.460166
1.642297
1.871595
1.921663
2.008737
2.211186
2.394043
2.571096
2.749599
2.939712
3.139259
3.243749
3.319214
3.426606
3.488284
3.600030
3.667513
3.764021
3.835858
3.941073
4.015087
4.110143
4.186334
4.285744
4.363386
4.459168
4.533182
4.632592
4.708783
4.800211
4.876402
4.962751
5.052003
5.131821
5.219622
5.305971
5.402479
5.485200
5.560665
5.652093
5.739894
5.821164
5.908238
5.991685
6.075631
6.159304
6.243749
6.330551
6.408919
6.495994
6.576538
6.666062
6.756492
6.822184
6.921935
7.011186
7.092456
7.185336
7.260075
7.367468
7.437127
7.536538
7.601118
7.702706
7.783250
7.881935
7.963204
