0.010
0.140
0.250
0.380
0.630
0.920
1.310
1.440
1.710
1.890
1.990
2.570
3.090
3.470
3.610
3.850
4.110
4.360
4.480
4.590
4.860
5.050
5.130
5.410
5.670
5.920
6.180
6.310
6.450
6.560
6.700
7.200
7.480
7.770
7.910
8.010
8.260
8.410
8.530
8.650
8.800
9.040
9.270
9.310
9.680
9.790
10.060
10.300
10.840
11.310
11.740
11.820
12.080
12.340
12.490
12.600
12.700
12.850
13.080
13.360
13.720
13.840
14.100
14.380
14.940
15.460
15.850
15.970
16.220
16.450
16.720
16.810
16.940
17.180
17.360
17.440
17.700
17.920
18.180
18.420
18.550
18.770
18.930
19.430
19.690
19.750
20.000
20.260
20.490
20.630
20.730
20.960
21.240
21.490
21.670
21.910
22.000
22.140
22.290
22.610
23.400
