0.000
0.130
0.360
0.600
0.810
1.040
1.260
1.410
1.510
1.600
1.720
1.940
2.160
2.290
2.530
2.620
2.720
2.830
3.040
3.080
3.270
3.310
3.500
3.730
3.780
3.940
4.190
4.390
4.630
4.850
5.350
5.590
5.630
5.800
5.850
5.930
6.280
6.510
6.550
6.720
6.760
7.000
7.220
7.420
7.660
7.910
8.140
8.380
8.580
8.620
8.820
9.050
9.290
9.510
9.550
9.660
9.760
9.880
9.990
10.110
10.210
10.310
10.430
10.510
10.640
10.790
11.120
11.160
11.340
11.380
11.630
11.820
12.050
12.090
12.300
12.530
12.760
13.000
13.210
13.480
13.690
13.930
14.150
14.280
14.630
14.900
15.090
15.340
15.560
15.830
16.000
16.040
16.280
16.500
16.720
16.940
17.180
17.220
17.430
17.910
18.120
18.600
18.790
18.840
19.070
19.130
19.270
19.370
19.460
19.550
19.760
19.940
19.990
20.220
20.450
20.670
20.920
20.960
21.140
21.190
21.410
21.610
21.660
21.870
22.070
22.320
22.530
22.580
22.670
22.800
23.040
23.270
23.360
23.480
23.720
23.950
24.180
24.390
24.440
24.680
24.880
25.140
25.270
25.360
25.590
25.810
25.920
26.000
26.060
26.140
26.280
26.350
26.750
27.220
27.300
27.460
27.680
27.900
27.940
28.140
28.400
28.550
28.610
28.660
28.870
29.090
29.130
29.190
29.580
29.810
30.030
30.280
30.500
30.720
30.760
30.930
