0.010
0.190
0.340
0.500
0.670
0.850
1.010
1.170
1.330
1.470
1.510
1.640
1.820
1.960
2.130
2.300
2.470
2.620
2.770
2.930
3.110
3.270
3.420
3.580
3.730
3.900
4.060
4.220
4.380
4.570
4.730
4.880
5.040
5.210
5.380
5.550
5.690
5.870
5.990
6.050
6.340
6.470
6.640
6.830
6.990
7.160
7.280
7.320
7.440
7.630
7.780
7.930
8.100
8.420
8.770
8.930
8.990
9.080
9.270
9.430
9.620
9.750
9.930
10.250
10.350
10.390
10.440
10.730
10.880
10.920
11.240
11.360
11.400
11.700
11.850
12.200
12.330
12.540
12.680
12.790
12.840
13.010
13.140
13.180
13.310
13.640
13.680
13.800
13.840
14.140
14.270
14.340
14.510
14.640
14.740
14.800
14.840
14.950
15.080
15.130
15.180
15.290
15.620
15.750
15.790
15.920
16.110
16.270
16.340
16.610
16.770
16.810
16.930
17.070
17.240
17.590
17.760
17.910
17.960
18.080
18.190
18.230
18.290
18.570
18.660
18.730
18.890
19.030
19.080
19.200
19.520
19.560
19.690
19.840
19.890
20.020
20.170
20.220
20.390
20.490
20.530
20.650
20.710
20.810
20.980
21.130
21.460
21.620
21.750
21.930
22.060
22.100
22.160
22.420
22.510
22.570
22.740
22.910
23.040
23.390
23.550
23.950
24.020
24.170
24.350
24.500
24.670
24.850
25.000
25.150
25.210
25.320
25.460
25.640
25.810
25.930
26.090
26.270
26.310
26.470
26.580
26.740
26.940
27.070
27.220
27.260
27.380
27.560
27.680
27.730
27.990
28.180
28.340
28.420
28.520
28.680
28.820
28.970
29.130
29.320
29.460
29.600
29.640
29.800
29.910
30.250
30.400
30.570
30.740
30.840
30.950
31.020
31.090
