0.000
0.140
0.250
0.370
0.480
0.590
0.700
0.810
0.920
1.040
1.150
1.270
1.370
1.480
1.600
1.710
1.820
1.940
2.050
2.160
2.270
2.380
2.490
2.600
2.710
2.830
2.940
3.060
3.160
3.280
3.390
3.500
3.610
3.730
3.840
3.950
4.060
4.170
4.280
4.390
4.510
4.620
4.730
4.850
4.960
5.070
5.180
5.300
5.400
5.520
5.630
5.740
5.850
5.960
6.070
6.190
6.300
6.410
6.520
6.640
6.750
6.860
6.970
7.080
7.200
7.300
7.420
7.530
7.650
7.750
7.870
7.970
8.090
8.200
8.320
8.420
8.540
8.650
8.770
8.870
8.990
9.090
9.210
9.310
9.440
9.540
9.660
9.760
9.880
9.990
10.210
10.330
10.440
10.560
10.660
10.780
10.880
11.100
11.230
11.330
11.450
11.550
11.670
11.780
11.890
12.000
12.120
12.230
12.350
12.450
12.570
12.670
12.800
12.900
13.020
13.120
13.240
13.340
13.460
13.570
13.690
13.790
13.910
14.020
14.140
14.240
14.360
14.470
14.590
14.690
14.810
14.920
15.030
15.140
15.260
15.360
15.480
15.580
15.700
15.810
15.930
16.030
16.150
16.260
16.370
16.480
16.600
16.700
16.820
16.930
17.050
17.150
17.270
17.370
17.500
17.600
17.730
17.820
17.950
18.050
18.170
18.270
18.390
18.490
18.610
18.720
18.840
18.940
19.060
19.170
19.280
19.390
19.510
19.620
19.730
19.840
19.990
