0.170
0.220
0.340
0.410
0.880
0.990
1.280
1.400
1.540
1.670
1.810
1.950
2.080
2.390
2.500
2.640
2.950
3.080
3.210
3.510
3.620
3.780
3.910
4.080
4.320
4.630
4.750
4.890
5.180
5.320
5.440
5.750
5.860
5.900
5.940
6.010
6.150
6.190
6.320
6.430
6.540
6.850
6.980
7.110
7.170
7.410
7.550
7.670
7.850
7.980
8.090
8.170
8.250
8.380
8.660
8.780
9.070
9.140
9.200
9.250
9.330
9.770
9.910
10.210
10.330
10.470
10.600
10.880
11.010
11.310
11.420
11.520
11.560
11.870
11.990
12.120
12.420
12.510
12.580
12.680
12.810
13.090
13.230
13.530
13.650
13.740
13.790
14.090
14.210
14.350
14.650
14.750
14.820
14.910
15.040
15.330
15.460
15.760
15.880
16.020
16.310
16.450
16.580
16.880
16.990
17.150
17.290
17.560
17.690
17.840
17.980
18.100
18.250
18.700
18.820
19.110
19.230
19.370
19.510
19.790
19.920
20.200
20.330
20.480
20.760
20.900
21.030
21.320
21.440
21.510
21.590
21.730
22.010
22.140
22.430
22.570
22.700
22.990
23.120
23.160
23.260
23.550
23.830
23.970
24.260
24.380
24.510
24.800
24.950
25.000
25.230
25.360
25.500
25.640
25.790
25.910
25.950
26.060
26.100
26.240
26.340
26.490
26.610
26.760
26.810
26.890
27.030
27.160
27.730
28.030
28.160
28.290
28.420
28.650
28.740
28.840
29.110
29.250
29.400
29.580
29.820
29.950
