0.340
0.470
1.010
1.380
1.750
2.110
2.420
2.740
3.130
3.470
3.830
4.170
4.510
4.890
5.000
5.040
5.200
5.580
5.910
6.250
6.600
6.910
6.950
7.280
7.620
7.940
8.270
8.620
8.720
8.980
9.150
9.310
9.700
10.030
10.380
10.700
11.020
11.060
11.390
11.730
12.080
12.460
12.810
12.980
13.180
13.530
13.850
14.170
14.500
14.790
15.110
15.460
15.800
16.160
16.570
17.030
17.220
17.420
17.780
18.110
18.450
18.780
19.090
19.280
19.360
19.450
19.800
20.130
20.480
20.840
21.140
21.310
21.510
21.640
21.990
22.300
22.620
22.950
23.270
23.620
24.270
24.960
25.270
25.350
25.530
25.620
25.970
26.270
26.600
27.250
27.560
27.920
28.220
28.270
28.570
28.870
29.170
29.330
29.510
29.610
30.100
30.320
30.460
30.760
31.090
31.410
31.720
32.070
