0.000
0.210
0.410
0.820
1.030
1.240
1.330
1.860
2.270
2.470
2.890
3.130
3.500
3.700
3.920
4.110
4.320
4.530
5.560
5.760
6.180
6.790
6.880
6.990
7.200
7.400
7.600
7.820
8.200
8.480
8.850
9.050
9.260
9.470
9.590
10.080
10.180
10.270
10.590
10.690
10.790
11.100
11.430
11.760
11.930
12.130
12.340
12.750
12.940
13.150
13.370
13.980
14.230
14.400
14.750
15.430
15.630
16.660
17.070
17.260
17.470
17.680
18.350
18.710
18.920
19.300
19.340
19.450
19.950
20.360
20.560
20.650
20.760
20.870
20.970
22.000
22.200
22.620
22.790
23.020
23.240
23.440
23.650
23.740
23.850
23.960
24.050
24.260
24.530
24.650
