0.420
0.560
0.710
0.770
0.880
1.190
1.550
1.860
1.960
2.540
2.820
3.160
3.520
3.810
4.140
4.410
4.770
5.100
5.410
5.770
6.110
6.390
6.720
7.020
7.690
8.020
8.370
8.700
9.020
9.270
9.330
9.620
9.680
10.010
10.330
10.640
10.980
11.310
11.630
11.940
12.300
12.650
12.960
13.280
13.610
13.710
13.980
14.300
14.630
14.950
15.240
15.300
15.600
15.910
16.270
16.620
16.920
17.220
17.600
17.950
18.260
18.380
18.560
18.600
18.950
19.330
19.640
19.880
19.950
20.150
20.250
20.310
20.680
21.010
21.310
21.660
22.010
22.300
22.630
22.940
23.300
23.610
23.650
23.940
24.310
24.970
25.010
25.310
25.600
25.640
25.990
26.310
26.630
26.930
26.990
27.320
27.630
27.990
28.300
28.350
28.990
29.280
29.560
29.640
