0.010
0.080
0.370
0.540
0.660
0.810
0.940
1.090
1.200
1.360
1.480
1.620
1.740
2.020
2.170
2.300
2.450
2.500
2.570
2.710
2.770
2.820
2.970
3.100
3.250
3.370
3.500
3.650
3.800
3.910
4.080
4.140
4.200
4.350
4.470
4.630
4.740
4.890
5.010
5.150
5.280
5.410
5.550
5.680
5.830
6.100
6.240
6.390
6.530
6.650
6.800
6.940
6.990
7.060
7.190
7.340
7.470
7.590
7.740
7.880
8.000
8.060
8.200
8.590
8.780
8.910
8.950
9.000
9.120
9.290
9.380
9.550
9.670
9.810
9.910
10.070
10.200
10.360
10.470
10.550
10.640
10.740
10.900
10.960
11.000
11.170
11.280
11.420
11.540
11.690
11.830
11.980
12.020
12.080
12.240
12.380
12.640
12.920
13.180
13.460
13.600
13.740
13.870
13.910
14.010
14.150
14.280
14.430
14.550
14.720
14.820
15.000
15.110
15.180
15.360
15.520
15.650
15.700
15.790
15.900
16.050
16.170
16.210
16.320
16.460
16.610
16.720
16.790
17.070
17.300
17.480
17.590
17.630
17.740
17.830
18.010
18.120
18.280
18.540
18.660
18.790
18.840
18.950
19.100
19.210
19.460
19.500
19.660
19.750
19.890
20.000
20.060
20.150
20.260
20.420
20.550
20.680
20.820
20.960
21.100
21.280
21.360
21.640
21.790
21.920
22.010
22.070
22.190
22.330
22.380
22.450
22.600
22.730
22.840
22.910
23.000
23.190
23.280
23.550
23.700
23.820
23.970
24.090
24.250
24.290
24.360
24.510
24.630
24.770
24.900
25.040
25.190
25.310
25.440
25.540
25.830
25.890
26.040
26.170
26.280
26.560
26.720
26.840
27.000
27.260
27.340
27.400
27.550
27.670
27.820
27.880
27.920
28.060
28.350
28.460
28.600
28.670
28.750
28.980
29.020
29.160
29.260
29.310
29.450
29.560
29.850
