0.000
0.120
0.180
0.320
0.410
0.570
1.130
1.240
1.810
2.000
2.140
2.350
2.470
2.980
3.050
3.450
3.880
4.030
4.110
4.270
5.060
5.140
5.340
5.480
5.650
5.750
5.840
5.970
6.300
6.430
6.510
6.760
6.950
7.060
7.250
7.510
7.590
7.900
7.950
8.870
9.080
9.160
9.870
10.620
10.860
10.930
11.160
11.260
11.480
11.830
12.010
12.250
12.380
12.800
12.940
13.250
13.630
13.820
14.320
14.530
14.810
14.900
15.260
15.760
15.810
15.900
16.020
16.330
16.760
17.030
17.290
17.360
17.510
17.720
17.800
17.990
18.050
18.240
19.480
19.670
19.710
20.120
20.660
21.640
21.720
22.130
22.340
22.390
22.650
22.750
23.000
23.120
23.180
23.370
23.600
23.730
23.920
24.120
25.640
25.860
26.280
26.350
26.490
26.580
26.970
27.590
27.740
27.820
27.960
28.210
28.450
28.740
29.020
