0.010
0.350
0.670
0.710
1.010
1.330
1.670
2.000
2.330
2.650
2.990
3.220
3.400
3.440
3.640
3.990
4.300
4.600
4.920
4.960
5.590
5.790
5.900
6.220
6.540
6.880
7.210
7.520
7.730
7.840
8.150
8.470
8.670
8.770
8.810
9.120
9.440
9.780
10.090
10.400
10.730
11.050
11.380
11.560
11.690
12.020
12.350
12.640
12.990
13.200
13.310
13.550
13.640
13.960
14.280
14.550
14.600
14.840
14.950
15.060
15.260
15.550
15.590
15.900
16.230
16.560
16.870
17.200
17.530
17.840
18.170
18.510
18.820
19.150
19.480
19.800
20.130
20.400
20.710
20.780
21.090
21.330
21.440
21.750
22.040
22.080
22.250
22.340
22.390
22.730
22.830
23.010
23.050
23.340
23.380
23.670
23.990
24.260
24.320
24.660
24.720
24.980
25.140
25.300
25.590
25.900
26.160
26.210
26.250
26.530
26.650
26.870
27.200
27.470
27.520
27.810
27.970
28.150
28.380
28.470
28.730
28.790
28.940
29.100
29.390
29.450
29.740
29.780
