0.000
0.280
0.400
0.520
0.750
1.080
1.260
1.330
1.500
1.710
1.840
2.050
2.790
2.930
3.340
3.680
3.720
3.850
3.910
4.250
4.790
5.260
5.340
5.710
6.100
6.250
6.400
6.630
6.780
6.990
7.350
7.580
7.890
8.640
8.980
9.160
9.330
9.540
9.870
10.050
10.230
10.400
10.740
10.920
11.280
11.450
11.720
11.900
12.010
12.230
12.340
12.680
12.720
12.890
13.430
13.470
13.610
13.790
14.150
14.330
14.540
14.640
14.700
14.870
15.070
15.240
15.420
15.770
16.140
16.320
16.470
16.600
16.660
16.910
17.020
17.180
17.370
17.540
17.870
18.060
18.180
18.450
18.590
18.630
19.110
19.470
20.020
20.140
20.210
20.570
20.640
20.750
20.920
20.960
21.300
21.490
21.680
21.880
22.040
22.380
22.770
22.910
23.270
23.310
23.630
23.810
24.170
24.350
24.520
24.850
25.060
25.110
25.230
25.540
25.610
25.810
26.290
26.340
26.550
26.670
26.840
27.040
27.280
27.410
27.600
27.720
27.760
28.000
28.120
28.160
28.270
28.450
28.490
28.640
28.680
28.810
29.010
29.170
29.210
29.380
29.530
