0.000
0.170
0.270
0.840
0.880
1.160
1.600
2.040
2.530
2.940
3.030
3.470
3.780
3.820
4.090
4.380
4.560
4.690
5.120
5.260
5.300
5.410
5.530
5.820
5.880
6.120
6.410
7.340
7.630
7.890
8.190
8.230
8.330
8.630
8.770
9.070
9.630
9.970
10.830
10.900
11.080
11.120
11.390
11.740
11.810
12.610
12.860
13.180
13.440
14.000
14.290
14.890
15.150
15.190
15.420
15.750
15.790
16.050
16.360
16.540
16.640
16.930
16.970
17.210
17.520
17.810
17.990
18.380
18.690
18.760
18.960
19.260
19.570
19.830
20.440
21.330
21.650
21.890
21.930
22.220
22.290
22.760
23.060
23.120
23.350
23.410
23.580
23.660
23.990
24.090
24.340
24.430
24.580
24.850
25.180
25.440
25.750
26.270
26.360
26.590
27.460
27.750
28.310
28.380
28.620
28.730
28.910
28.960
29.230
29.400
29.610
