2.110
6.960
9.840
12.170
12.290
13.600
14.800
15.880
17.790
18.070
18.380
22.350
22.740
24.500
27.340
30.480
31.190
31.240
32.910
35.380
36.360
37.980
39.150
39.450
39.670
41.860
47.070
47.630
47.920
47.980
48.110
48.150
48.420
48.550
49.040
49.620
50.500
52.740
52.860
55.540
55.920
56.110
56.220
56.790
57.170
57.290
57.360
57.450
57.660
57.830
58.100
58.390
58.480
58.650
58.880
59.360
59.970
60.060
60.650
60.860
60.900
61.000
61.040
61.190
62.150
62.240
63.200
63.360
63.930
64.360
65.320
65.420
65.720
66.620
67.380
67.620
68.050
68.100
68.270
68.340
68.500
68.560
68.780
68.880
69.310
69.480
69.530
69.950
70.040
70.180
70.610
70.940
71.070
71.120
71.400
71.830
72.660
72.700
74.680
74.720
75.280
75.750
76.150
76.230
76.290
76.660
76.970
77.210
77.500
77.570
77.630
77.670
77.990
78.100
78.220
78.330
78.470
78.590
78.670
79.180
79.490
79.570
79.710
79.850
80.110
80.180
80.490
80.990
81.030
81.540
81.600
81.790
82.010
82.270
82.440
82.480
82.610
82.850
83.020
83.120
83.450
83.590
83.840
83.940
84.450
85.000
85.490
85.600
86.080
86.490
86.770
87.700
87.820
87.920
88.020
88.130
88.230
88.320
88.440
88.850
89.300
91.610
91.840
92.010
92.490
93.450
93.500
93.550
94.000
95.650
