0.010
0.180
0.320
0.360
0.550
0.640
0.710
0.930
1.030
1.150
1.190
1.260
1.360
1.500
1.570
1.820
2.070
2.150
2.390
2.460
2.500
2.960
3.030
3.240
3.650
3.820
3.900
4.060
4.280
4.380
4.450
4.530
4.680
4.730
4.810
4.930
5.190
5.330
5.500
5.650
5.820
5.890
6.010
6.100
6.360
6.440
6.530
6.610
6.650
7.490
7.690
7.770
8.030
8.070
8.220
8.290
8.560
8.780
8.870
9.050
9.220
9.390
9.570
9.920
10.080
10.280
10.330
10.370
10.450
10.520
10.660
10.800
10.870
11.170
11.470
11.520
11.660
11.830
12.000
12.560
12.650
12.800
12.970
13.140
13.300
14.050
14.240
14.360
14.500
14.690
15.590
15.910
16.090
16.210
16.330
18.660
20.210
20.590
21.930
22.910
26.410
28.290
28.520
28.640
28.780
28.920
29.230
29.300
29.590
29.910
29.950
30.200
30.300
30.430
30.900
31.040
31.200
31.450
32.860
32.950
33.900
34.040
34.660
34.930
35.100
35.280
35.920
36.080
36.230
36.910
37.100
37.410
38.490
38.570
38.790
39.030
39.180
39.280
39.460
39.600
39.670
39.770
39.830
39.930
40.000
40.100
40.270
40.610
40.790
40.960
41.140
41.310
41.490
41.570
41.670
41.840
41.930
42.110
42.200
42.290
42.380
42.450
42.560
42.630
42.740
42.800
42.980
43.120
43.320
43.410
43.550
43.740
43.820
44.090
44.210
44.370
44.460
44.540
44.680
44.930
45.100
45.650
45.770
45.840
45.950
46.020
46.130
46.220
46.320
46.400
46.510
46.700
46.760
46.970
47.080
47.310
47.510
47.600
47.700
47.880
47.960
48.140
48.240
48.330
