0.000
0.810
1.510
1.600
1.670
2.480
2.730
3.060
5.330
5.450
5.710
5.800
5.980
6.040
6.090
6.180
6.310
6.360
6.440
6.850
6.900
6.950
7.140
7.790
7.840
7.940
8.110
8.210
8.330
8.470
8.760
9.320
12.210
12.300
12.730
12.940
13.070
13.320
13.820
13.990
14.130
14.370
14.900
15.280
15.860
16.020
16.190
16.230
16.300
16.390
16.990
17.110
17.150
17.230
17.280
17.620
18.240
20.560
21.810
22.220
22.610
22.650
22.770
22.900
23.540
23.620
23.960
25.010
25.390
25.730
26.000
26.440
26.990
27.040
27.420
32.350
32.390
32.750
33.030
33.420
34.460
34.870
34.980
35.020
35.340
35.570
35.660
35.820
35.860
36.080
36.250
36.650
37.740
41.750
42.230
42.270
43.490
44.340
44.550
44.820
45.290
47.060
