0.865
0.370
0.901
0.859
0.825
0.783
0.859
0.879
0.772
0.917
0.878
0.832
0.828
0.779
0.796
0.890
0.901
0.932
0.887
0.883
0.873
0.860
0.856
0.871
0.862
0.879
0.938
0.894
0.884
0.901
0.917
0.924
0.838
0.886
0.910
0.915
0.906
0.869
0.803
0.864
0.924
0.835
0.846
0.851
0.918
0.865
0.885
0.767
0.904
0.852
0.840
0.894
0.794
0.886
0.932
0.882
0.877
0.932
0.832
0.880
0.884
0.787
0.901
0.875
0.751
0.927
0.899
0.906
0.889
0.893
0.898
0.959
0.543
0.661
0.795
0.642
0.902
0.913
0.716
0.883
0.783
0.526
0.757
0.896
0.855
0.936
0.554
0.876
0.801
0.932
0.875
0.769
0.994
0.899
0.794
0.889
0.893
0.950
0.952
0.902
0.917
0.896
0.947
0.966
0.873
0.881
0.933
0.860
0.800
0.904
0.894
0.852
0.909
0.744
0.828
0.549
0.850
0.888
0.842
0.852
0.929
0.841
0.708
0.877
0.886
0.790
0.905
0.894
0.880
0.868
0.845
0.909
0.856
0.893
0.901
0.896
0.805
0.864
0.552
0.970
0.888
0.870
0.812
0.739
0.832
0.695
0.792
0.650
0.698
0.765
0.653
0.738
0.824
0.887
0.870
0.867
0.730
0.889
0.889
0.743
0.897
0.874
0.892
0.708
0.862
0.913
0.819
0.850
0.864
0.771
0.602
0.893
0.689
0.866
0.857
0.910
0.957
0.874
0.879
0.876
0.938
0.863
0.805
0.720
0.930
