0.812
0.143
0.878
0.857
0.854
0.838
0.872
0.803
0.842
0.951
0.865
0.844
0.816
0.763
0.796
0.920
0.918
0.916
0.917
0.832
0.887
0.885
0.863
0.869
0.884
0.892
0.956
0.892
0.869
0.907
0.919
0.896
0.865
0.877
0.928
0.914
0.933
0.883
0.808
0.850
0.969
0.846
0.874
0.851
0.919
0.865
0.899
0.776
0.900
0.835
0.857
0.915
0.800
0.881
0.912
0.925
0.886
0.928
0.852
0.886
0.843
0.837
0.886
0.826
0.817
0.912
0.888
0.906
0.894
0.910
0.904
0.949
0.336
0.495
0.847
0.602
0.912
0.845
0.722
0.884
0.751
0.528
0.811
0.913
0.850
0.896
0.243
0.882
0.809
0.931
0.904
0.835
1.000
0.877
0.746
0.871
0.907
0.947
0.941
0.912
0.928
0.900
0.936
0.966
0.890
0.892
1.000
0.914
0.809
0.898
0.916
0.881
0.889
0.766
0.828
0.566
0.857
0.862
0.852
0.874
0.926
0.806
0.696
0.886
0.886
0.757
0.890
0.896
0.894
0.872
0.832
0.878
0.869
0.887
0.890
0.887
0.811
0.886
0.588
0.974
0.872
0.909
0.757
0.587
0.782
0.546
0.572
0.671
0.759
0.880
0.694
0.732
0.806
0.915
0.884
0.874
0.836
0.925
0.899
0.806
0.904
0.847
0.889
0.753
0.887
0.956
0.804
0.851
0.898
0.741
0.711
0.889
0.674
0.905
0.899
0.912
0.945
0.860
0.879
0.860
0.937
0.877
0.818
0.776
0.952
