0.812
0.143
0.878
0.871
0.854
0.838
0.887
0.838
0.842
0.951
0.878
0.844
0.837
0.794
0.852
0.920
0.918
0.928
0.917
0.846
0.887
0.885
0.863
0.869
0.899
0.892
0.956
0.892
0.880
0.907
0.919
0.896
0.878
0.926
0.928
0.927
0.947
0.883
0.821
0.850
0.969
0.862
0.885
0.851
0.919
0.865
0.899
0.806
0.925
0.848
0.872
0.915
0.814
0.909
0.939
0.925
0.899
0.928
0.869
0.886
0.865
0.853
0.900
0.852
0.823
0.912
0.903
0.911
0.909
0.910
0.939
0.949
0.336
0.538
0.847
0.627
0.912
0.845
0.722
0.895
0.761
0.585
0.811
0.913
0.900
0.896
0.297
0.882
0.811
0.931
0.904
0.835
1.000
0.877
0.746
0.871
0.907
0.947
0.953
0.919
0.928
0.909
0.936
0.966
0.890
0.892
1.000
0.933
0.809
0.898
0.916
0.905
0.889
0.766
0.828
0.566
0.857
0.869
0.872
0.874
0.926
0.806
0.696
0.886
0.897
0.779
0.905
0.910
0.899
0.879
0.832
0.905
0.875
0.916
0.897
0.916
0.811
0.894
0.654
0.974
0.872
0.914
0.757
0.593
0.789
0.551
0.572
0.688
0.759
0.880
0.694
0.756
0.823
0.915
0.884
0.874
0.836
0.925
0.913
0.806
0.904
0.864
0.889
0.774
0.887
0.956
0.821
0.866
0.898
0.765
0.737
0.889
0.717
0.905
0.899
0.939
0.945
0.860
0.894
0.871
0.937
0.903
0.818
0.776
0.952
