0.691
0.077
0.640
0.750
0.812
0.877
0.841
0.655
0.837
0.767
0.747
0.727
0.841
0.677
0.680
0.689
0.872
0.726
0.686
0.794
0.836
0.778
0.679
0.825
0.867
0.671
0.893
0.724
0.761
0.847
0.610
0.964
0.868
0.711
0.833
0.734
0.800
0.667
0.738
0.631
0.750
0.667
0.765
0.705
0.615
0.640
0.714
0.544
0.782
0.822
0.639
0.726
0.605
0.653
0.797
0.780
0.688
0.887
0.667
0.730
0.762
0.620
0.712
0.817
0.799
0.909
0.773
0.880
0.777
0.932
0.858
0.887
0.113
0.404
0.843
0.942
0.745
0.693
0.612
0.772
0.653
0.706
0.636
0.743
0.825
0.888
0.190
0.745
0.959
0.796
0.891
0.696
0.994
0.684
0.815
0.781
0.818
0.925
0.920
0.819
0.828
0.734
0.927
0.929
0.831
0.711
0.933
0.582
0.571
0.745
0.795
0.618
0.800
0.564
0.867
1.000
0.665
0.729
0.715
0.818
0.861
0.694
0.552
0.702
0.795
0.427
0.806
0.787
0.829
0.753
0.743
0.799
0.795
0.746
0.738
0.770
0.756
0.770
0.493
0.875
0.833
0.818
0.656
0.413
0.578
0.448
0.456
0.510
0.786
0.600
0.810
0.583
0.852
0.754
0.651
0.694
0.786
0.833
0.743
0.857
0.701
0.732
0.638
0.673
0.840
0.891
0.667
0.729
0.891
0.705
0.629
0.767
0.744
0.750
0.655
0.863
0.734
0.600
0.677
0.765
0.858
0.713
0.538
0.697
0.886
