0.320
0.820
1.390
1.600
5.430
5.950
8.120
8.840
9.290
9.350
9.820
10.580
11.230
11.690
15.780
15.830
16.280
16.870
17.080
17.940
18.830
20.010
20.190
20.430
20.910
21.390
23.090
23.290
23.560
24.150
24.310
24.770
31.270
31.320
31.800
32.030
32.480
39.050
39.820
42.210
42.920
43.600
43.640
44.130
44.390
45.170
45.210
46.300
46.760
46.800
48.270
50.170
50.680
51.410
51.890
52.150
54.540
55.300
57.600
57.650
58.380
58.440
58.660
58.820
59.070
59.110
59.160
59.450
59.590
59.840
60.620
60.670
61.790
62.230
62.330
62.970
63.030
63.510
63.750
65.650
66.110
66.840
66.920
67.360
