0.010
0.350
0.790
1.180
1.560
1.700
1.820
1.920
2.260
2.650
3.050
3.440
3.890
4.280
4.720
5.210
5.840
6.370
6.810
7.060
7.210
7.470
7.610
7.780
7.840
8.000
8.210
8.260
8.370
8.580
8.630
8.760
8.990
9.150
9.380
9.530
9.770
9.950
10.170
10.360
10.770
11.000
11.150
11.200
12.070
12.560
13.030
13.440
13.490
13.670
13.720
13.890
14.370
14.420
14.640
14.840
15.020
15.300
15.510
15.690
15.900
16.100
16.310
16.510
16.670
16.950
17.160
17.340
17.560
17.750
17.930
17.980
18.130
18.180
18.330
18.380
18.530
18.740
18.920
19.120
19.280
19.330
19.490
19.660
19.870
19.920
20.060
20.440
20.490
20.850
21.230
21.440
21.690
21.890
22.090
22.290
22.480
22.680
22.870
23.050
23.300
23.500
23.700
23.910
24.110
24.250
24.500
24.880
25.040
25.280
25.420
25.470
25.660
26.050
26.170
26.260
26.450
26.850
27.000
27.240
27.380
27.640
27.690
27.780
27.850
28.040
28.300
28.400
28.540
28.680
28.840
