0.010
0.180
0.390
0.610
0.810
1.230
1.320
1.460
1.630
1.850
2.010
2.070
2.270
2.480
2.710
2.900
3.140
3.350
3.560
3.770
3.970
4.190
4.240
4.630
4.840
5.020
5.230
5.670
5.880
6.300
6.520
6.710
6.920
7.140
7.360
7.560
7.770
8.000
8.180
8.400
8.520
8.870
9.100
9.290
9.520
9.730
9.930
10.100
10.340
10.390
10.760
10.810
10.930
10.990
11.420
11.820
12.270
12.450
12.670
13.060
13.190
13.280
13.420
13.700
13.910
13.980
14.120
14.340
14.730
14.950
15.140
15.570
15.790
15.980
16.190
16.330
16.400
16.620
16.840
17.020
17.070
17.250
17.460
17.670
18.070
18.280
18.370
18.490
18.900
19.100
19.290
19.380
19.710
19.930
20.120
20.310
20.520
20.750
20.960
21.170
21.390
21.600
21.810
21.860
22.000
23.240
23.310
23.460
23.540
23.590
24.040
24.260
24.510
24.660
24.830
25.080
