0.796
0.556
0.864
0.881
0.879
0.968
0.924
0.878
0.940
0.957
0.914
0.855
0.914
0.875
0.903
0.922
0.967
0.923
0.899
0.930
0.951
0.900
0.804
0.899
0.940
0.859
0.925
0.876
0.877
0.950
0.929
0.991
0.909
0.867
0.957
0.919
0.897
0.831
0.902
0.821
0.933
0.842
0.913
0.784
0.857
0.906
0.833
0.803
0.873
0.920
0.866
0.899
0.809
0.813
0.928
0.913
0.842
0.986
0.865
0.890
0.895
0.743
0.891
0.919
0.829
0.979
0.911
0.931
0.912
0.978
0.931
0.968
0.260
0.532
0.948
0.831
0.914
0.877
0.780
0.902
0.736
0.341
0.789
0.881
0.893
0.974
0.559
0.909
0.979
0.887
0.972
0.865
1.000
0.895
0.889
0.900
0.936
0.966
0.914
0.914
0.926
0.879
0.984
0.963
0.916
0.840
1.000
0.943
0.711
0.884
0.889
0.859
0.912
0.809
0.889
0.857
0.848
0.838
0.847
0.889
0.925
0.820
0.696
0.867
0.911
0.693
0.941
0.905
0.937
0.895
0.842
0.873
0.882
0.902
0.855
0.922
0.819
0.870
0.590
0.970
0.929
0.924
0.860
0.841
0.794
0.778
0.864
0.787
0.694
0.824
0.833
0.769
0.932
0.945
0.822
0.822
0.783
0.925
0.898
0.963
0.876
0.963
0.905
0.775
0.925
0.955
0.829
0.868
0.972
0.706
0.630
0.824
0.778
0.829
0.832
0.935
0.954
0.778
0.904
0.900
0.961
0.797
0.928
0.885
0.940
