0.951
1.000
0.953
0.955
0.854
0.803
0.843
0.790
0.769
0.935
0.890
0.886
0.759
0.754
0.793
0.942
0.882
0.939
0.968
0.778
0.816
0.847
0.976
0.815
0.841
0.914
0.947
0.984
0.885
0.872
0.878
0.812
0.812
0.949
0.866
0.972
0.947
0.914
0.721
0.927
0.955
0.875
0.828
0.860
0.975
0.838
0.925
0.982
0.902
0.788
0.951
0.942
0.966
0.915
0.945
1.000
0.931
0.866
0.855
0.897
0.819
0.948
0.851
0.786
0.776
0.854
0.927
0.875
0.929
0.839
0.959
0.931
0.880
0.694
0.824
0.463
0.987
0.990
0.769
0.912
0.781
0.431
1.000
0.907
0.857
0.833
1.000
0.976
0.698
1.000
0.959
0.814
1.000
0.987
0.625
0.900
0.923
0.959
0.988
0.935
0.955
0.901
0.957
0.933
0.867
0.974
1.000
0.980
1.000
0.936
0.974
0.962
1.000
0.980
0.857
0.395
0.894
0.863
0.891
0.938
0.987
0.962
0.941
0.951
0.902
0.838
0.866
0.910
0.836
0.887
0.770
0.875
0.851
0.910
0.889
0.946
0.786
0.887
0.625
0.996
0.841
0.932
1.000
0.976
0.963
0.791
0.997
0.791
0.733
0.943
0.607
0.912
0.729
0.922
0.884
0.912
0.852
1.000
0.926
0.692
0.957
0.823
0.909
0.818
0.839
0.977
0.719
0.773
0.841
0.838
0.683
0.912
0.673
0.919
0.961
0.932
0.917
0.929
0.957
0.871
0.911
0.933
1.000
0.765
1.000
