0.691
0.462
0.867
0.762
0.812
0.846
0.762
0.691
0.907
0.917
0.787
0.779
0.955
0.758
0.760
0.833
0.894
0.869
0.857
0.809
0.918
0.722
0.717
0.895
0.900
0.788
0.946
0.829
0.784
0.819
0.951
0.982
0.868
0.747
0.940
0.797
0.907
0.747
0.831
0.708
0.891
0.879
0.852
0.636
0.791
0.800
0.750
0.658
0.769
0.904
0.625
0.863
0.642
0.806
0.824
0.780
0.675
0.958
0.817
0.843
0.833
0.620
0.879
0.817
0.857
0.979
0.829
0.891
0.807
0.969
0.858
0.928
0.387
0.737
0.829
0.788
0.822
0.854
0.699
0.852
0.535
0.294
0.682
0.878
0.860
0.969
0.556
0.775
0.954
0.852
0.782
0.821
1.000
0.800
0.926
0.812
0.845
0.884
0.875
0.854
0.914
0.862
0.885
0.857
0.859
0.800
1.000
0.764
0.679
0.902
0.795
0.742
0.833
0.603
0.800
1.000
0.720
0.783
0.800
0.836
0.815
0.833
0.552
0.803
0.835
0.720
0.901
0.863
0.824
0.838
0.676
0.703
0.813
0.818
0.789
0.775
0.837
0.803
0.438
0.907
0.885
0.861
0.592
0.389
0.670
0.599
0.511
0.661
0.536
0.650
0.619
0.562
0.870
0.877
0.884
0.758
0.821
0.833
0.843
0.857
0.792
0.839
0.826
0.469
0.860
0.913
0.729
0.864
0.945
0.409
0.629
0.867
0.535
0.781
0.690
0.904
0.937
0.692
0.791
0.821
0.917
0.700
0.577
0.758
0.886
