0.010
0.160
0.620
0.730
0.980
1.100
1.200
1.560
1.620
1.870
1.960
2.110
2.520
2.600
2.640
2.730
2.850
2.990
3.100
3.220
3.650
4.350
4.800
4.900
5.020
5.130
5.260
5.810
5.910
6.400
6.810
6.910
7.000
7.110
7.250
7.360
7.480
8.590
9.010
9.070
9.120
9.230
9.480
9.610
9.910
10.010
10.110
10.200
10.330
10.560
10.790
10.950
11.070
11.160
11.260
11.380
11.530
11.620
11.730
11.930
12.020
12.150
12.260
12.380
12.500
12.590
12.920
13.010
13.100
13.240
13.330
13.390
13.480
13.860
13.970
14.080
14.200
14.460
14.860
