0.000
0.110
0.220
0.370
0.620
0.900
1.210
1.300
1.420
1.700
1.870
1.970
2.550
3.070
3.450
3.590
3.830
3.960
4.090
4.180
4.220
4.340
4.450
4.580
4.850
5.030
5.120
5.390
5.510
5.650
5.900
6.160
6.290
6.430
6.540
6.690
7.180
7.470
7.750
7.880
7.990
8.080
8.240
8.390
8.500
8.630
8.790
9.020
9.280
9.670
9.780
10.040
10.290
10.830
11.290
11.720
11.800
12.070
12.330
12.460
12.570
12.680
12.840
13.060
13.340
13.710
13.820
13.960
14.080
14.210
14.360
14.920
15.450
15.830
15.950
16.200
16.430
16.690
16.790
16.910
17.160
17.420
17.690
17.770
17.900
18.090
18.160
18.400
18.530
18.600
18.670
18.750
18.910
19.410
19.540
19.680
19.730
19.980
20.240
20.480
20.600
20.710
20.940
21.220
21.480
21.650
21.890
21.990
22.110
22.280
22.600
23.390
