0.040
0.380
0.630
1.000
1.130
1.380
1.500
1.760
1.900
2.140
2.510
2.670
2.880
3.300
3.450
3.690
3.830
4.070
4.610
4.990
5.240
5.610
5.800
6.030
6.170
6.540
6.800
7.180
7.310
7.690
7.950
8.330
8.500
8.710
9.120
9.490
9.870
10.250
11.400
11.790
12.300
12.690
12.960
13.330
13.470
14.090
14.470
14.840
14.990
15.210
15.380
15.760
16.140
16.390
16.930
17.300
17.550
17.910
18.450
18.700
18.820
19.070
19.560
19.830
19.940
20.180
20.670
20.890
21.270
21.640
22.170
22.420
22.790
22.830
23.180
23.300
23.570
24.090
24.410
24.460
25.100
25.220
25.630
26.010
26.390
26.790
27.410
28.590
29.120
29.380
29.530
29.770
30.080
