0.200
0.320
0.390
0.980
1.520
1.640
2.060
2.490
2.630
2.780
3.060
3.190
3.490
3.670
3.760
3.890
4.300
4.730
4.870
5.170
5.310
5.430
5.580
5.730
5.990
6.130
6.280
6.410
6.520
7.090
7.250
7.400
7.530
7.660
8.070
8.220
8.360
8.650
8.760
8.910
9.310
9.890
10.180
10.450
10.580
10.870
11.000
11.280
11.410
11.550
11.970
12.100
12.250
12.560
12.660
12.780
12.940
13.080
13.220
13.520
13.630
13.770
14.080
14.200
14.340
14.730
14.890
15.020
15.450
15.860
16.010
16.320
16.430
16.560
16.870
17.120
17.260
17.670
17.810
17.960
18.080
18.230
18.670
18.800
19.090
19.350
19.480
19.630
19.780
19.900
20.320
20.460
20.750
20.880
21.020
21.310
21.570
21.710
21.860
21.990
22.120
22.410
22.540
22.680
22.980
23.090
23.240
23.520
23.810
23.940
24.360
24.490
24.670
24.780
24.930
25.070
25.210
25.340
25.490
25.620
25.770
25.900
26.040
26.220
26.320
26.460
26.590
26.720
26.870
27.010
27.140
27.720
28.010
28.270
28.400
28.630
28.690
28.820
28.960
29.100
29.230
29.380
29.680
29.800
29.930
