0.330
0.450
1.000
1.370
1.740
2.100
2.400
2.470
2.730
3.120
3.450
3.820
4.160
4.490
4.570
4.870
4.980
5.020
5.200
5.570
5.900
6.230
6.580
6.940
7.270
7.600
7.920
8.250
8.600
8.690
8.970
9.070
9.130
9.290
9.690
10.010
10.370
11.370
11.710
12.070
12.450
12.800
12.970
13.160
13.510
13.830
14.160
14.480
15.100
15.450
15.780
16.150
16.550
17.020
17.200
17.400
17.530
17.770
17.880
18.090
18.440
18.600
19.080
19.350
19.440
19.780
20.470
21.130
21.300
21.520
21.620
22.290
22.600
22.930
23.260
23.600
24.260
25.330
25.520
25.610
25.960
26.040
26.260
26.600
27.240
27.550
27.900
28.250
28.550
28.850
29.150
29.310
29.500
29.590
30.090
30.440
30.760
31.070
31.390
31.710
32.060
