0.160
0.240
0.300
0.540
0.850
0.930
1.670
2.050
2.310
2.510
2.550
2.790
3.080
3.120
3.190
3.240
3.490
3.530
3.570
3.770
3.930
4.070
4.290
4.670
4.750
4.840
4.930
5.040
5.430
5.790
6.190
6.540
6.760
6.900
6.990
7.290
7.350
7.700
8.040
8.170
8.430
8.790
8.830
8.940
9.160
9.540
9.920
10.290
10.680
11.800
12.330
12.530
12.920
13.290
13.480
14.040
14.340
14.780
15.170
15.250
15.540
16.290
16.670
16.740
17.040
17.270
17.410
17.550
17.620
17.790
18.030
18.160
18.420
18.620
18.910
19.220
19.290
19.710
20.030
20.410
20.800
21.540
21.900
22.300
22.570
22.670
23.330
23.420
23.790
24.200
24.300
24.500
24.910
25.090
25.160
25.270
25.360
25.530
25.620
25.680
26.040
26.420
26.790
27.740
27.930
28.300
28.550
28.700
29.050
29.090
29.810
30.160
30.340
30.540
30.920
30.960
31.290
31.340
31.670
32.050
32.120
32.410
32.790
33.160
33.550
33.900
