0.230
0.270
0.490
0.560
0.810
1.070
1.320
1.870
2.110
2.390
2.430
2.920
3.190
3.430
3.970
4.220
4.510
5.030
5.120
5.220
5.310
5.550
6.080
6.180
6.340
6.610
7.120
7.370
7.630
7.880
8.130
8.270
8.400
8.680
9.170
9.470
9.730
10.240
10.330
10.470
10.510
10.790
11.040
11.320
11.550
11.590
11.850
12.160
12.380
12.630
12.900
13.400
13.440
13.710
13.950
14.200
14.470
14.730
14.820
14.990
15.540
15.590
16.070
16.610
16.650
17.180
17.710
17.950
18.250
18.550
18.870
18.930
19.030
19.070
19.300
19.620
19.840
20.120
20.380
20.670
20.920
21.030
21.160
21.440
21.740
21.910
21.960
22.090
22.240
22.380
22.490
22.780
22.870
23.020
23.280
23.540
23.970
24.060
24.310
24.560
25.080
25.330
