0.250
0.310
0.570
0.820
1.140
1.590
1.710
2.020
2.560
2.920
3.020
3.440
3.790
3.840
4.070
4.380
4.690
4.830
5.100
5.140
5.280
5.510
5.800
6.070
6.390
6.460
6.530
7.310
7.610
7.880
8.180
8.590
8.660
8.760
8.960
9.070
9.620
9.930
10.300
10.530
10.810
10.870
11.060
11.110
11.380
11.870
12.110
12.300
12.410
12.580
13.080
13.120
13.310
13.410
13.690
13.980
14.270
14.340
14.610
14.800
14.890
15.140
15.180
15.340
15.590
15.680
15.750
15.820
16.020
16.310
16.350
16.630
16.890
16.940
17.430
17.670
17.800
18.110
18.390
18.520
18.670
18.950
19.230
19.550
19.620
19.700
19.810
20.350
20.430
21.000
21.310
21.380
22.210
22.500
22.790
23.080
23.320
23.380
23.620
23.690
23.950
24.210
24.320
24.420
24.680
24.830
24.950
25.210
25.710
25.980
26.260
26.580
26.630
27.130
27.440
27.510
27.730
28.290
28.360
28.570
28.610
28.700
28.880
28.930
29.230
29.590
