0.000
0.110
0.300
0.540
0.630
0.810
0.980
1.140
1.310
1.370
1.470
1.630
1.800
1.850
1.970
2.140
2.300
2.480
2.640
2.810
2.970
3.140
3.180
3.300
3.470
3.640
3.810
3.960
4.130
4.450
4.760
4.810
4.870
4.960
5.090
5.280
5.410
5.470
5.760
5.860
6.090
6.220
6.300
6.370
6.450
6.610
6.710
6.800
7.110
7.150
7.410
7.560
7.670
7.770
7.950
8.030
8.130
8.450
8.770
8.960
9.100
9.140
9.290
9.360
9.460
9.500
9.630
9.800
9.840
9.960
10.130
10.290
10.450
10.630
10.800
10.960
11.130
11.290
11.470
11.620
11.790
11.950
12.120
12.290
12.460
12.620
12.790
12.960
13.120
13.300
13.460
13.620
13.790
13.950
14.130
14.290
14.450
14.620
14.790
15.100
15.150
15.430
15.580
15.670
15.710
15.780
15.820
15.950
16.120
16.450
16.810
16.980
17.070
17.190
17.290
17.350
17.450
17.790
17.830
18.150
18.310
18.500
18.620
18.780
19.130
19.480
19.630
19.710
19.770
19.850
19.950
20.120
20.290
20.460
20.620
20.790
20.960
21.120
21.280
21.450
21.610
21.790
21.950
22.130
22.290
22.450
22.620
22.790
22.950
23.110
23.290
23.450
23.620
23.780
23.950
24.120
24.290
24.460
24.620
24.790
24.950
25.120
25.280
25.460
25.620
25.790
25.830
25.950
26.120
26.280
26.450
26.580
26.630
26.670
26.780
26.950
27.120
27.170
27.280
27.450
27.610
27.780
27.950
28.040
28.140
28.280
28.460
28.610
28.780
28.950
29.120
29.280
29.460
29.500
29.610
29.780
