30.540
30.710
32.710
39.860
46.140
57.640
67.800
71.140
71.250
71.360
71.760
73.470
74.430
76.650
82.330
83.160
84.830
95.270
95.360
95.550
95.710
95.880
95.940
96.000
96.060
96.120
96.190
96.270
96.350
96.420
96.520
96.610
96.720
96.830
96.930
97.010
97.070
97.130
97.180
97.470
98.050
99.480
99.610
99.710
102.030
102.340
104.560
104.990
105.400
105.830
110.690
111.460
111.540
111.640
112.190
112.820
112.860
113.380
113.490
113.550
113.620
114.420
114.710
115.000
115.180
116.150
116.690
116.840
123.930
124.660
125.400
125.830
125.980
127.940
128.270
129.920
130.520
131.130
132.630
133.410
134.020
134.730
136.740
136.790
136.960
137.330
137.410
138.960
139.500
139.640
139.690
139.910
140.100
140.220
140.330
140.980
141.060
141.260
141.500
141.700
141.920
142.130
142.570
142.890
143.050
143.260
143.380
143.420
143.520
143.830
143.960
144.220
144.370
144.430
144.580
144.970
145.030
145.210
145.730
145.910
146.210
146.280
146.360
146.400
146.460
146.530
146.590
146.720
146.780
146.840
146.900
147.030
147.080
147.150
147.210
147.270
147.340
147.400
147.460
147.530
147.980
