4.050
4.580
4.820
4.970
8.030
8.110
8.210
8.380
8.940
9.110
9.260
9.340
9.430
9.610
9.700
9.950
10.090
10.280
10.350
10.410
10.480
10.540
10.600
10.650
13.420
13.520
15.000
15.080
15.210
15.290
15.370
15.450
20.480
20.610
20.700
21.400
21.740
22.200
22.340
22.410
22.480
22.670
23.610
23.720
24.110
25.270
26.330
26.690
27.830
28.070
29.870
31.890
31.930
32.190
32.650
32.750
34.100
34.570
34.670
35.570
35.950
36.230
36.510
36.630
36.720
38.850
38.920
39.770
39.860
39.940
40.030
40.110
40.200
40.270
40.370
40.440
40.540
41.220
41.300
41.390
41.470
41.550
41.630
41.720
41.800
41.880
41.970
42.050
42.130
42.210
42.300
42.380
42.460
42.550
42.630
43.820
47.450
47.560
50.060
50.320
50.390
50.540
50.660
50.790
50.970
51.030
51.170
51.220
51.280
51.410
51.470
51.530
51.600
51.970
52.650
52.940
53.240
53.350
53.540
53.620
53.730
53.870
53.980
54.070
54.260
54.460
54.560
55.790
56.310
56.560
56.660
57.370
57.540
57.700
57.840
58.120
58.290
58.450
58.540
58.620
58.700
58.790
58.860
58.940
59.220
59.370
59.450
59.540
60.010
60.180
60.260
60.350
60.430
60.610
61.270
61.400
62.090
62.160
62.260
62.340
62.510
62.610
62.700
62.910
62.990
63.080
63.170
63.310
63.570
63.710
63.770
63.840
63.930
64.040
64.170
64.300
64.470
64.680
64.750
64.870
65.060
65.260
65.360
65.440
65.530
65.620
65.800
65.960
66.920
67.310
67.540
67.780
69.170
69.250
69.440
69.590
69.990
70.380
70.790
70.920
71.110
71.190
71.590
71.680
71.780
71.870
71.960
72.060
72.240
72.580
73.340
73.570
74.240
74.360
74.480
74.580
74.670
74.830
74.970
