1.710
1.760
1.820
1.870
1.920
1.980
2.030
2.550
2.940
3.060
3.300
3.640
3.790
3.900
4.280
4.560
4.820
5.230
5.720
5.940
6.000
6.050
6.100
6.150
6.210
6.720
7.120
7.240
7.510
7.760
7.820
8.040
8.280
8.450
8.720
8.820
8.860
9.360
9.640
9.880
10.410
11.240
11.650
12.490
12.530
13.020
13.300
13.810
14.100
15.150
15.390
15.640
15.890
16.140
16.400
16.500
16.640
16.890
17.180
17.990
18.250
19.300
19.550
19.800
20.300
20.840
21.130
21.370
22.150
22.460
22.950
23.490
23.730
24.500
24.730
24.990
25.270
25.530
25.920
26.010
26.100
26.290
26.370
26.450
26.490
26.590
26.650
26.740
26.970
27.120
27.220
27.450
27.700
27.940
28.160
28.430
28.680
28.910
29.150
29.410
29.460
29.680
29.720
30.260
30.520
30.790
30.860
31.100
31.290
31.630
31.850
31.960
32.080
32.350
32.600
32.840
33.100
33.350
33.600
33.660
33.910
34.460
34.540
34.720
34.810
34.880
35.090
35.640
36.520
36.780
36.860
37.040
37.300
37.560
37.820
37.890
38.150
39.140
39.680
39.720
40.210
40.440
40.510
40.940
41.150
41.250
41.770
42.130
42.290
42.550
42.810
43.080
43.340
43.790
43.850
44.280
44.380
44.650
44.900
44.940
45.120
45.160
45.390
45.780
45.940
46.160
46.210
46.380
46.460
46.790
47.000
47.560
47.610
48.070
48.120
48.570
48.610
48.830
48.880
49.300
49.350
49.600
50.100
50.140
50.630
50.970
51.460
51.540
51.630
51.730
52.000
52.210
52.250
52.620
52.730
52.770
53.020
53.270
53.510
53.790
53.830
54.090
54.160
54.270
54.420
54.510
54.610
54.820
54.860
54.940
55.050
55.200
55.280
55.460
55.520
55.620
55.660
55.750
55.840
56.350
56.870
56.950
57.160
57.210
58.150
59.070
59.800
60.080
60.310
60.570
60.830
60.900
61.090
61.350
61.620
61.870
62.160
62.400
62.690
62.900
62.950
63.050
63.240
63.800
64.010
64.300
64.450
64.570
64.710
64.850
65.110
65.270
65.380
65.510
65.650
65.910
65.980
66.060
66.180
66.310
66.450
66.720
66.980
67.110
67.260
67.340
67.430
67.520
69.130
