0.210
0.250
0.460
0.700
0.780
1.030
1.390
1.720
2.720
4.090
4.380
4.630
4.760
4.920
5.360
5.660
6.210
7.580
7.620
7.830
8.130
8.280
8.830
9.060
9.310
10.010
10.050
10.250
10.510
10.990
11.030
11.490
11.990
12.220
12.460
13.450
14.670
14.910
15.150
16.140
16.400
16.620
16.720
17.220
17.570
18.400
19.430
19.670
20.020
20.060
20.260
20.330
20.540
20.980
21.160
21.250
21.800
22.450
23.110
23.240
23.750
23.870
24.460
24.700
24.930
25.670
25.920
26.160
26.650
27.140
27.180
27.630
27.860
28.120
31.720
31.850
32.030
32.080
32.170
32.370
32.530
32.650
33.370
34.780
35.710
35.790
35.930
36.190
36.340
36.500
36.610
36.690
36.780
37.690
37.890
38.060
38.180
39.140
39.530
39.630
39.830
40.110
40.160
40.230
40.460
40.550
40.800
40.860
41.060
42.550
43.050
43.440
43.780
44.010
44.090
44.270
44.530
44.720
44.760
44.810
44.870
44.950
45.220
45.280
45.450
45.510
45.690
45.780
46.190
46.250
46.420
46.480
46.670
46.750
46.870
47.160
47.200
47.390
47.430
47.620
47.680
47.730
47.800
47.870
48.140
48.180
48.370
48.410
48.630
48.680
48.720
48.850
48.970
49.140
49.360
49.400
49.610
49.670
49.830
49.970
50.310
50.510
50.710
51.000
51.070
51.210
51.500
51.830
52.070
52.200
52.320
52.390
52.560
52.660
52.830
52.940
53.090
53.200
53.350
53.760
54.080
54.270
54.510
54.560
55.030
55.260
55.520
55.700
55.960
56.000
56.040
56.230
56.270
56.500
56.770
56.950
57.190
57.430
57.640
57.740
57.860
57.910
58.360
58.780
59.230
59.580
59.720
59.850
60.620
60.880
61.130
61.840
62.100
62.340
62.380
62.820
62.950
63.570
63.810
64.070
64.800
65.040
65.280
65.770
66.530
66.760
66.800
67.000
67.720
67.760
67.970
68.010
68.220
68.260
68.690
68.730
68.830
69.710
69.920
69.960
70.170
70.290
70.390
70.890
71.160
71.500
72.090
72.710
72.810
72.920
73.160
73.290
73.490
73.590
74.100
74.750
75.080
75.190
75.240
75.340
75.510
76.120
76.660
77.510
77.750
77.980
