0.190
0.880
1.570
2.210
2.810
3.430
4.010
4.590
5.120
5.690
6.220
6.740
7.270
7.780
8.290
8.790
9.050
9.540
10.020
10.500
10.720
11.160
11.390
11.580
11.970
12.180
12.570
12.950
13.150
13.330
13.680
14.030
14.210
14.380
14.710
14.900
15.040
15.200
15.360
15.660
15.810
15.940
16.090
16.240
16.400
16.520
16.640
16.770
16.890
17.020
17.370
17.490
17.600
17.710
18.010
18.140
18.210
18.320
18.610
18.800
18.940
21.190
21.460
21.720
21.850
21.970
22.240
22.510
22.770
23.040
23.560
23.820
24.100
24.360
24.630
24.900
25.170
25.450
25.700
25.970
26.240
26.500
26.760
27.030
27.310
27.580
27.830
28.100
28.370
28.630
28.900
29.160
29.430
29.700
29.970
30.240
30.380
30.490
30.750
31.040
31.300
31.580
31.860
32.110
32.380
32.640
32.910
33.180
33.450
33.730
34.000
34.250
34.520
34.650
34.790
34.930
35.050
35.310
35.590
35.860
36.130
36.390
36.650
36.930
37.090
37.190
37.460
37.730
38.010
38.140
38.260
38.520
38.780
38.930
39.050
39.310
39.860
40.270
40.650
40.920
41.190
41.450
41.710
41.980
42.260
42.530
42.790
43.060
43.330
43.590
43.840
44.110
44.270
44.370
44.640
44.900
45.170
45.440
45.690
46.100
46.210
46.470
46.860
46.990
47.240
47.380
47.500
47.770
48.300
49.000
49.110
49.360
49.640
49.910
50.160
50.420
50.690
50.960
51.220
51.490
51.760
52.030
52.280
52.540
52.810
52.960
53.350
53.610
53.880
54.140
54.410
54.670
54.950
55.070
55.340
55.610
55.870
55.990
56.260
56.540
56.810
57.080
57.610
57.870
58.130
58.400
58.660
58.930
59.200
59.350
59.730
59.990
60.140
60.260
60.410
60.520
60.770
61.040
61.320
61.590
61.850
62.110
62.390
62.640
62.920
63.180
63.450
63.720
63.880
64.140
64.250
64.400
64.510
64.790
65.070
65.330
65.610
66.130
66.390
66.660
66.930
67.190
67.460
67.740
68.150
68.270
68.530
68.690
68.800
68.950
69.060
69.330
69.610
69.880
70.160
70.410
70.680
70.960
71.210
71.490
71.740
72.020
72.430
72.600
72.690
72.760
72.940
73.030
73.300
73.840
74.650
74.920
75.200
75.460
75.730
75.990
76.270
76.550
76.700
76.810
77.090
77.350
77.620
77.890
78.160
78.430
78.710
78.970
79.240
79.410
79.510
79.670
79.780
80.040
80.310
80.580
80.830
80.970
81.240
81.500
81.620
81.900
82.450
83.260
83.530
84.070
84.330
84.600
84.890
85.150
85.300
85.420
85.690
85.970
86.230
86.500
86.760
87.040
87.300
87.470
87.560
87.840
88.120
88.370
88.510
88.760
88.890
89.150
89.280
89.530
89.650
89.910
89.960
90.370
90.500
90.620
