0.190
2.940
5.640
8.330
11.050
13.710
13.810
16.440
19.210
21.840
22.220
22.410
22.610
23.000
23.200
23.400
23.790
23.970
24.170
24.360
24.550
24.740
24.940
25.140
25.320
25.510
25.710
25.920
26.120
26.310
26.520
26.720
26.910
27.090
27.290
27.700
27.900
28.100
28.290
28.500
28.690
28.890
29.090
29.280
29.470
29.680
29.880
30.070
30.270
30.470
30.670
30.850
31.050
31.250
31.450
31.630
31.830
32.030
32.240
32.420
32.610
32.810
33.020
33.200
33.400
33.600
33.820
34.000
34.200
34.420
34.630
34.800
35.000
35.200
35.410
35.590
35.790
35.990
36.200
36.370
36.570
36.770
36.980
37.170
37.370
37.580
37.770
37.950
38.160
38.350
38.560
38.740
38.930
39.130
39.350
39.520
39.730
39.930
