0.150
0.510
1.250
3.100
3.470
4.210
6.060
6.420
7.170
9.020
9.390
10.130
11.970
12.340
13.080
14.940
15.300
16.040
17.900
18.270
19.010
20.860
21.230
21.970
23.560
23.820
25.300
25.660
26.790
27.150
28.250
28.630
29.000
29.740
30.120
30.850
32.700
33.080
33.820
34.210
35.660
36.030
36.400
36.770
37.150
37.880
38.620
38.990
39.360
39.730
40.830
41.590
41.960
42.320
42.690
43.060
43.430
43.800
44.550
44.900
45.270
45.660
46.020
46.390
46.750
47.020
47.170
47.500
47.870
48.230
48.610
48.980
49.030
49.430
49.710
49.900
50.120
50.460
50.830
51.200
51.570
51.940
52.390
52.680
53.200
53.430
53.800
54.150
54.530
55.630
56.010
56.370
56.750
57.110
57.480
57.850
58.230
58.580
58.970
59.340
60.070
60.450
61.540
62.300
63.020
63.410
64.240
64.520
65.270
65.990
66.720
67.460
67.990
68.210
68.950
69.690
70.420
71.160
71.210
71.910
72.340
72.650
73.020
73.390
73.780
74.130
74.190
74.580
74.870
75.490
75.610
75.970
76.010
76.210
76.360
76.760
76.850
77.100
77.700
77.820
78.580
78.940
79.310
79.790
80.050
80.630
80.800
81.190
81.550
81.910
82.270
82.670
83.010
83.070
83.420
83.750
84.230
84.490
84.870
85.230
85.990
86.030
86.470
86.670
86.710
87.220
87.450
87.820
88.190
88.920
88.960
89.380
89.500
89.670
90.100
90.410
90.800
91.140
91.900
92.460
92.650
93.030
93.380
93.760
94.120
94.510
94.860
95.590
96.040
96.340
96.720
96.800
97.070
97.490
97.820
98.210
98.250
98.380
98.550
98.950
99.120
99.310
99.670
99.880
100.020
100.080
100.400
100.790
101.370
101.520
102.260
102.330
102.670
103.000
103.470
103.760
104.320
104.470
104.850
105.230
105.600
105.960
