1.200
1.250
1.350
1.490
1.540
1.670
1.820
2.060
2.140
4.050
4.260
4.350
4.600
4.700
4.760
5.180
5.310
5.380
5.910
7.490
7.790
8.040
8.280
8.840
9.200
9.370
9.540
10.350
10.490
10.650
10.850
11.150
11.250
11.500
12.440
14.210
14.400
14.780
15.590
16.190
16.320
25.590
27.600
29.230
29.580
29.650
29.830
30.250
30.390
30.520
30.640
31.180
33.740
33.880
34.390
34.900
35.250
35.590
36.050
36.260
36.330
36.520
36.690
37.400
38.530
39.020
39.160
39.250
39.830
39.990
40.330
40.490
41.920
42.440
42.620
42.800
43.310
43.400
43.730
43.800
44.010
44.360
45.440
45.540
46.110
47.240
47.420
47.590
47.780
47.960
