0.550
0.750
0.910
1.070
1.450
1.760
1.970
2.170
2.610
2.800
2.980
3.770
3.880
3.920
4.850
5.240
5.470
6.010
6.270
6.330
6.400
6.490
6.550
6.740
6.900
7.030
7.270
7.450
7.550
7.670
7.750
7.800
8.240
8.840
8.950
9.130
9.210
9.300
9.390
9.460
9.580
10.070
10.290
10.470
10.720
10.890
11.040
11.180
11.420
11.680
11.730
12.230
12.340
12.790
12.920
13.440
13.530
13.830
13.970
14.500
14.840
16.290
18.620
19.170
20.080
20.550
21.960
23.010
23.290
26.370
26.430
27.010
27.240
27.320
27.690
28.940
29.250
29.500
31.520
31.820
32.620
38.400
38.650
41.920
42.030
42.130
42.280
42.530
43.130
44.970
45.100
45.320
45.360
45.510
45.650
46.580
48.570
48.790
48.910
49.270
49.330
50.560
51.240
54.470
54.640
54.820
56.120
56.500
56.700
56.870
57.570
57.820
58.020
58.100
58.170
59.190
59.340
61.180
61.440
61.610
61.810
62.710
63.110
63.670
65.090
65.150
65.230
65.390
65.500
65.600
65.980
66.050
66.890
67.430
69.130
69.510
69.630
69.850
70.180
70.860
70.970
71.190
71.780
72.040
72.090
72.210
72.300
72.900
73.130
73.210
73.320
73.840
74.020
74.460
74.520
74.670
74.810
74.900
75.020
75.080
75.620
75.760
76.360
76.610
