0.040
0.100
0.190
0.240
0.350
0.410
0.480
0.530
0.630
0.820
0.930
1.080
1.130
1.220
1.270
1.380
1.520
1.680
1.810
1.930
2.000
2.110
2.270
2.390
2.440
2.550
2.690
2.860
2.990
3.160
3.290
3.430
3.480
3.580
3.710
3.760
3.880
4.160
4.330
4.380
4.460
4.610
4.760
4.900
5.050
5.200
5.250
5.340
5.440
5.490
5.540
5.640
5.790
5.920
5.970
6.050
6.100
6.230
6.390
6.520
6.680
6.730
6.820
6.980
7.100
7.150
7.260
7.310
7.410
7.560
7.610
7.700
7.870
8.000
8.150
8.290
8.340
8.430
8.480
8.580
8.750
8.870
8.920
9.050
9.170
9.330
9.470
9.620
9.760
9.920
9.970
