0.010
0.120
0.230
0.340
0.450
0.570
0.680
0.790
0.900
1.020
1.130
1.240
1.350
1.460
1.570
1.690
1.800
1.910
2.020
2.130
2.240
2.360
2.470
2.580
2.690
2.810
2.910
3.030
3.140
3.250
3.360
3.480
3.590
3.700
3.810
3.930
4.040
4.150
4.260
4.370
4.480
4.600
4.710
4.820
4.930
5.040
5.160
5.270
5.380
5.490
5.600
5.720
5.830
5.940
6.050
6.160
6.270
6.390
6.500
6.610
6.720
6.830
6.950
7.060
7.170
7.280
7.400
7.500
7.620
7.730
7.840
7.950
8.070
8.170
8.290
8.400
8.510
8.620
8.740
8.850
8.960
9.070
9.180
9.290
9.410
9.520
9.630
9.740
9.860
9.960
10.080
10.190
10.310
10.410
10.530
10.640
10.750
10.860
10.980
11.080
11.200
11.310
11.430
11.530
11.650
11.750
11.870
11.980
12.100
12.200
12.320
12.430
12.540
12.650
12.770
12.880
12.990
13.100
13.220
13.320
13.440
13.550
13.660
13.770
13.890
13.990
14.110
14.220
14.330
14.440
14.560
14.670
14.780
14.890
15.010
15.110
15.230
15.340
15.450
15.560
15.680
15.790
15.900
16.010
16.130
16.230
16.350
16.460
16.570
16.680
16.800
16.900
17.020
17.130
17.240
17.350
17.470
17.580
17.690
17.800
17.920
18.020
18.140
18.250
18.360
18.470
18.590
18.700
18.810
18.920
19.040
19.140
19.260
19.370
19.480
19.590
19.710
19.810
19.930
