0.310
0.360
0.720
1.150
1.200
1.570
1.990
2.040
2.400
2.450
2.820
3.240
3.660
4.080
4.500
4.550
4.920
5.340
5.760
6.180
6.600
6.650
7.020
7.440
7.860
8.280
8.700
9.120
9.540
9.960
10.380
10.790
11.210
11.260
11.630
12.050
12.900
12.960
13.510
13.590
13.640
13.700
13.750
13.920
13.970
14.150
14.290
14.360
14.560
14.610
14.990
15.230
15.390
15.820
16.070
16.240
16.570
16.670
16.870
16.940
17.040
17.090
17.200
17.360
17.510
17.760
17.830
17.910
17.960
18.190
18.240
18.350
18.600
18.760
19.020
19.160
19.210
19.410
19.600
19.900
20.230
20.310
20.450
20.610
20.660
21.020
21.070
21.270
21.460
21.850
21.900
22.120
22.170
22.300
22.390
22.680
22.730
22.940
23.140
23.520
23.570
23.830
23.970
24.050
24.100
24.260
24.360
24.410
24.650
24.730
24.810
25.080
25.200
25.250
25.480
25.590
25.640
25.860
25.910
26.060
26.110
26.260
26.310
26.490
26.890
27.140
27.330
27.730
27.780
27.990
28.170
28.300
28.410
28.570
28.620
28.680
28.840
29.010
29.410
29.660
29.710
29.810
29.860
29.970
30.110
30.240
30.290
30.520
30.660
30.710
30.930
