0.060
0.110
0.270
0.380
0.500
0.550
0.720
0.940
1.160
1.220
1.370
1.460
1.580
1.650
1.780
2.030
2.200
2.250
2.440
2.530
2.630
2.800
2.850
3.070
3.140
3.250
3.470
3.520
3.680
3.730
3.910
3.960
4.150
4.270
4.340
4.560
4.630
4.780
4.830
4.980
5.190
5.430
5.480
5.530
5.630
5.860
5.910
6.060
6.210
6.280
6.500
6.680
6.750
6.840
6.920
7.140
7.220
7.300
7.350
7.560
7.610
7.660
7.770
7.990
8.200
8.410
8.620
8.860
9.050
9.260
9.460
9.680
9.910
10.120
10.320
10.370
10.570
10.740
10.790
10.850
11.190
11.390
11.440
11.530
11.630
11.850
12.050
12.290
12.500
12.560
12.840
12.920
13.000
13.140
13.190
13.240
13.360
13.560
13.780
13.990
14.200
14.310
14.640
14.760
14.860
15.070
15.170
15.270
15.490
15.720
15.770
15.920
16.060
16.350
16.580
16.790
16.990
17.200
17.390
17.440
17.530
17.600
17.650
17.700
18.050
18.280
18.350
18.500
18.680
18.930
19.130
19.240
19.340
19.710
19.770
19.980
20.030
20.200
20.420
20.470
20.520
20.620
20.850
20.950
21.070
21.290
21.340
21.480
21.700
21.910
22.120
22.340
22.560
22.670
22.760
23.100
23.210
23.420
23.490
23.540
23.590
23.850
23.930
24.070
24.220
24.290
24.340
24.510
24.580
24.940
25.160
25.360
25.570
25.700
25.780
26.010
26.120
26.210
26.450
26.520
26.570
26.650
26.850
27.070
27.140
27.420
27.470
27.520
27.710
27.760
27.920
27.990
28.260
28.350
28.500
28.600
28.680
28.790
28.940
29.000
29.100
29.210
29.310
29.450
29.540
29.640
