0.020
0.070
0.120
0.300
0.440
0.870
1.190
1.500
1.560
1.910
2.330
2.380
2.960
3.030
3.390
3.440
3.740
3.790
4.110
4.430
4.640
4.830
5.000
5.200
5.250
5.580
6.590
6.750
6.970
7.040
7.090
7.400
7.760
7.830
8.140
8.490
8.540
9.180
9.230
9.280
9.490
9.580
9.640
9.970
10.330
10.700
11.050
11.430
11.800
12.170
12.530
12.580
12.880
13.250
13.610
13.980
14.350
14.410
14.720
14.790
15.080
15.450
15.500
15.820
16.170
16.540
16.910
17.280
17.330
17.640
17.690
18.000
18.080
18.380
18.440
18.740
19.110
19.160
19.470
19.840
19.920
19.990
20.200
20.570
20.620
20.930
21.130
21.300
21.670
21.740
22.030
22.400
22.770
22.820
23.130
23.180
23.490
23.580
23.750
23.870
23.920
24.050
24.230
24.310
24.600
24.910
24.960
25.150
25.330
25.690
25.900
26.060
26.120
26.420
26.790
26.910
27.150
27.220
27.280
27.520
27.720
27.880
28.070
28.250
28.620
28.980
29.030
29.340
29.390
29.460
29.710
