2.130
15.740
29.230
30.540
30.700
31.230
32.710
39.850
46.130
49.480
50.030
50.280
51.900
57.640
63.250
65.730
65.860
67.440
67.580
67.790
68.470
69.910
71.140
71.350
73.470
74.420
76.640
82.320
84.430
84.820
85.680
86.600
91.190
91.320
91.480
91.560
93.260
94.290
94.580
95.230
95.280
95.380
95.460
95.570
95.620
95.670
95.720
95.770
95.820
95.870
95.940
96.000
96.060
96.130
96.190
96.270
96.340
96.430
96.510
96.600
96.700
96.820
96.930
97.010
97.070
97.130
97.180
97.230
97.280
97.380
97.600
98.420
99.590
99.660
100.260
102.020
102.330
104.560
104.990
105.400
105.840
107.690
109.010
109.400
109.990
110.680
111.450
111.530
111.630
112.120
112.180
112.810
112.860
113.480
113.610
114.590
115.170
116.150
116.840
117.430
122.170
122.240
122.680
123.500
123.920
124.650
125.400
125.640
125.980
126.630
127.930
128.040
128.270
129.350
129.920
130.510
131.120
131.900
131.950
132.630
133.400
134.010
134.720
136.740
136.790
137.410
138.960
139.370
139.500
139.640
140.220
141.060
142.420
142.890
143.050
143.260
143.960
144.160
144.370
145.580
146.210
146.280
146.710
146.910
147.030
147.080
147.150
147.210
147.270
147.400
147.460
147.960
