0.210
0.260
0.760
1.300
1.530
1.580
1.780
2.040
2.280
2.330
2.810
2.860
3.330
3.580
3.630
3.830
4.070
4.300
4.350
4.830
4.880
5.350
5.620
5.870
6.120
6.360
6.410
6.860
7.120
7.370
7.630
7.880
8.130
8.370
8.420
8.890
8.940
9.410
9.460
9.680
9.930
10.160
10.410
10.460
10.670
10.900
11.160
11.410
11.650
11.900
12.140
12.390
12.910
13.420
13.680
13.920
13.970
14.180
14.420
14.470
14.680
14.910
15.170
15.410
15.460
15.670
15.910
16.160
16.410
16.930
16.980
17.450
17.710
17.960
18.220
18.460
18.510
18.970
19.480
19.730
19.780
19.980
20.230
20.470
20.520
20.990
21.040
21.500
21.750
21.800
22.000
22.490
22.540
22.760
22.990
23.250
23.510
23.750
23.990
24.250
24.480
24.530
25.000
25.050
25.500
25.760
26.010
26.250
26.480
26.530
26.990
27.040
27.260
27.490
27.740
27.990
28.220
28.480
28.970
29.020
29.500
29.740
30.000
30.260
30.510
