0.140
0.500
1.240
3.090
3.460
4.200
6.050
6.420
7.160
9.010
9.380
9.780
10.120
10.350
10.510
11.270
11.560
11.670
11.970
12.340
13.080
14.250
14.930
15.300
15.650
15.980
16.040
16.320
16.370
16.870
17.110
17.310
17.360
17.490
17.890
18.270
19.000
20.850
21.220
21.600
21.970
22.380
23.120
23.350
23.530
23.580
23.810
24.180
25.290
25.660
25.730
26.050
26.200
26.450
26.500
26.780
27.150
28.230
28.280
28.620
29.000
29.470
29.740
30.100
30.850
32.690
33.070
33.470
33.810
34.120
34.200
35.000
35.650
36.020
36.400
36.770
37.140
37.510
37.880
38.260
38.610
38.990
39.360
39.730
40.090
40.140
40.650
40.700
40.830
41.230
41.580
41.950
42.320
42.690
42.820
43.060
43.430
43.800
43.940
44.200
44.540
44.900
45.270
45.650
45.770
46.020
46.390
46.480
46.750
46.820
47.160
47.500
47.630
47.870
48.230
48.360
48.610
48.970
49.030
49.350
49.420
49.580
49.710
49.770
50.090
50.260
50.380
50.460
50.820
51.200
51.560
51.820
51.870
51.940
52.310
52.380
52.680
52.820
53.050
53.190
53.420
53.790
54.020
54.150
54.530
54.880
55.260
55.630
56.000
56.370
56.750
57.110
57.480
57.850
58.220
58.580
58.970
59.330
59.380
59.720
60.070
60.450
60.820
61.180
61.540
61.920
62.120
62.290
62.760
63.020
63.400
64.150
64.520
64.930
65.250
65.990
66.670
66.720
66.770
67.350
67.400
67.460
67.520
67.980
68.190
68.600
68.950
69.520
69.690
69.800
70.050
70.420
70.540
70.830
71.150
71.200
71.550
71.900
72.280
72.330
72.640
73.010
73.370
73.420
73.770
74.130
74.520
74.580
74.870
75.270
75.320
75.490
75.610
75.960
76.010
76.200
76.360
76.750
76.850
77.080
77.130
77.680
77.820
78.210
78.550
78.600
78.650
79.120
79.310
79.780
80.040
80.090
80.450
80.620
80.800
81.190
81.530
81.680
81.900
82.260
82.660
83.000
83.050
83.600
83.750
84.130
84.210
84.490
84.870
85.220
85.610
85.850
85.900
85.980
86.030
86.460
86.670
86.720
87.220
87.440
87.820
88.180
88.870
88.920
88.970
89.380
89.490
89.660
90.060
90.110
90.410
90.770
90.820
91.140
91.190
91.240
91.330
91.880
92.260
92.450
92.620
92.670
93.020
93.170
93.340
93.390
93.750
94.090
94.140
94.490
94.830
94.880
95.410
95.590
96.040
96.330
96.710
96.790
96.950
97.070
97.140
97.420
97.480
97.580
97.810
98.200
98.250
98.350
98.400
98.550
98.740
98.940
99.120
99.300
99.660
99.830
99.880
100.030
100.080
100.390
100.440
100.770
101.180
101.520
101.900
102.250
102.300
102.510
103.000
103.070
103.450
103.680
103.740
104.310
104.480
104.850
105.210
105.590
105.960
106.340
106.690
107.110
107.470
107.880
108.200
108.910
109.410
109.660
110.110
112.590
112.640
112.690
113.000
113.380
113.490
114.450
115.220
115.550
