0.270
1.510
1.640
1.860
1.950
3.960
4.340
5.180
5.530
5.860
5.930
6.360
6.820
7.610
7.990
8.170
8.400
11.280
11.330
12.070
12.120
12.320
12.620
13.030
13.240
13.540
13.730
13.950
14.140
14.330
14.380
14.560
15.300
16.130
16.430
16.650
17.940
18.280
18.510
19.310
19.540
19.760
19.980
20.200
20.410
20.460
20.690
20.910
21.170
23.490
23.540
23.720
23.850
24.000
24.150
24.280
24.390
24.550
24.670
24.720
24.810
24.940
24.990
25.130
25.250
25.430
25.540
25.590
25.700
25.860
25.980
26.140
26.210
26.540
26.610
26.740
27.680
27.850
28.020
28.230
28.380
28.550
28.610
28.760
28.880
29.000
29.300
30.590
30.800
31.010
32.960
33.520
33.570
33.880
34.100
34.190
34.420
34.590
34.740
34.920
37.560
37.650
37.820
38.970
39.020
39.280
39.680
40.020
40.260
40.460
40.590
40.640
40.830
41.220
41.740
42.080
42.320
42.640
42.690
43.140
44.620
44.670
44.940
45.110
46.800
46.960
47.010
47.110
48.060
50.050
50.240
50.400
50.490
50.910
51.050
51.100
51.700
51.890
52.060
52.200
52.250
52.390
53.220
53.430
53.610
53.680
53.730
54.090
54.140
54.260
55.110
55.310
55.500
55.650
55.790
55.990
56.120
56.340
56.550
56.800
57.060
57.440
57.610
57.670
57.810
58.020
58.140
58.190
58.370
58.540
58.750
59.330
59.550
59.850
60.140
60.310
60.750
