0.010
0.310
0.480
0.850
1.040
1.390
1.570
1.740
2.830
3.020
3.200
3.720
3.910
4.280
4.450
4.640
5.720
6.070
6.610
6.820
7.350
7.530
8.080
8.620
8.980
9.350
9.500
9.690
10.060
10.240
10.420
11.510
11.850
12.230
12.390
12.610
12.960
13.130
13.310
14.400
14.580
15.120
15.290
15.470
15.840
16.020
16.200
16.930
17.830
18.010
18.180
18.730
19.090
19.820
20.720
20.910
21.070
21.260
21.620
21.800
21.980
22.530
22.710
23.070
23.250
23.790
23.960
24.700
24.880
25.960
26.150
26.310
26.500
26.860
27.040
27.230
27.590
27.770
28.310
28.500
29.030
29.390
29.750
30.660
