0.020
0.300
0.820
1.370
1.640
1.920
2.190
2.450
2.730
3.000
3.130
3.270
3.540
3.810
4.080
4.350
4.620
4.890
5.160
5.310
5.430
5.700
5.970
6.240
6.510
6.650
6.780
7.050
7.320
7.860
8.000
8.130
8.400
8.940
9.210
9.480
9.750
10.020
10.290
10.560
10.830
11.650
11.780
11.920
12.190
12.450
12.730
13.270
13.540
13.810
14.070
14.350
14.490
14.620
14.890
15.030
15.160
15.300
15.430
15.580
15.700
15.970
16.240
16.780
17.060
17.320
17.860
18.130
18.370
18.670
18.940
19.110
19.350
19.490
19.750
20.020
20.290
20.430
20.570
20.840
21.100
21.380
21.640
21.920
22.190
22.450
22.730
23.000
23.270
23.540
23.670
23.810
23.940
24.080
24.350
24.620
24.890
25.160
25.430
26.240
26.510
26.780
27.050
27.320
27.590
28.000
28.670
29.080
29.220
29.490
29.750
