0.010
0.520
0.690
1.040
1.380
1.720
2.060
2.230
2.400
2.570
2.920
3.090
3.250
3.420
3.760
4.270
4.440
4.610
4.710
4.780
5.970
6.140
6.320
6.830
7.000
7.170
7.340
7.510
7.680
7.950
8.190
8.540
8.700
8.870
9.210
9.390
10.230
11.420
11.770
12.110
12.280
12.450
12.620
12.960
13.130
13.470
13.630
14.320
15.010
15.170
15.340
15.680
16.360
16.880
17.050
17.390
17.730
18.070
18.410
18.750
18.920
19.090
19.600
19.770
20.280
20.790
20.970
21.130
21.480
22.330
22.500
22.670
22.840
23.350
23.520
23.690
23.860
24.030
24.370
