0.010
0.150
0.260
0.370
0.480
0.590
0.820
0.920
1.040
1.150
1.270
1.380
1.480
1.600
1.820
2.050
2.160
2.270
2.380
2.500
2.610
2.720
2.830
2.940
3.170
3.500
3.610
3.840
3.950
4.060
4.400
4.510
4.620
4.850
4.960
5.070
5.300
5.400
5.520
5.630
5.740
5.850
5.960
6.080
6.190
6.300
6.410
6.520
6.750
6.860
7.080
7.200
7.300
7.530
7.750
7.980
8.090
8.200
8.430
8.540
8.650
8.980
9.090
9.320
9.540
9.760
9.880
9.990
10.210
10.330
10.430
10.660
10.780
10.880
11.110
11.230
11.330
11.670
11.780
12.000
12.120
12.230
12.350
12.450
12.570
12.670
12.900
13.020
13.120
13.350
13.460
13.570
13.800
13.910
14.020
14.360
14.470
14.810
15.140
15.360
15.590
15.810
16.040
16.150
16.260
16.600
16.930
17.150
17.380
17.500
17.600
17.830
17.940
18.050
18.280
18.390
18.840
18.940
19.170
19.390
19.620
19.730
19.840
