0.340
0.470
1.390
1.760
2.120
2.420
2.500
2.750
3.470
3.970
4.180
4.510
4.890
5.000
5.050
5.210
5.590
5.920
6.250
6.410
6.600
6.720
6.910
7.290
7.620
7.940
8.270
8.620
8.710
8.980
9.090
9.150
9.260
9.310
10.040
10.380
11.020
11.390
11.730
12.090
12.820
12.990
13.180
13.850
14.180
14.500
15.460
15.800
16.160
16.570
17.040
17.220
17.420
17.550
18.110
18.450
18.780
19.100
19.360
19.450
20.480
21.140
21.320
21.510
21.640
22.300
22.620
22.950
23.620
24.820
25.350
25.540
25.630
26.600
26.950
27.260
27.560
27.920
28.220
28.270
28.570
28.870
29.320
29.410
29.520
29.610
30.100
30.310
30.460
30.770
31.090
31.410
31.730
32.080
