0.310
0.950
1.040
1.130
1.220
1.450
1.680
1.800
1.910
2.030
2.140
2.370
2.490
2.610
2.720
2.840
2.950
3.070
3.180
3.300
3.410
3.530
3.640
3.760
3.870
3.990
4.100
4.220
4.340
4.450
4.570
4.680
4.800
4.930
5.560
5.650
5.740
5.830
6.060
6.300
6.410
6.530
6.640
6.760
6.990
7.110
7.220
7.340
7.450
7.570
7.680
7.800
7.910
8.030
8.140
8.260
8.370
8.490
8.600
8.720
8.950
9.070
9.180
9.300
9.410
9.540
10.220
10.310
10.450
10.680
10.910
11.030
11.140
11.260
11.380
11.600
11.720
11.840
11.950
12.070
12.180
12.300
12.410
12.530
12.640
12.760
12.870
12.990
13.100
13.220
13.340
13.450
13.570
13.680
13.800
13.910
14.030
14.160
14.800
14.890
15.070
15.300
15.530
15.640
15.760
15.880
15.990
16.220
16.340
16.450
16.570
16.680
16.800
16.910
17.030
17.140
17.260
17.380
17.490
17.610
17.720
17.840
17.950
18.070
18.180
18.300
18.410
18.530
18.640
18.770
19.460
19.680
19.910
20.140
20.260
20.380
20.490
20.610
20.840
20.950
21.070
21.300
21.530
21.650
21.760
21.880
21.990
22.110
22.220
22.340
22.450
22.570
22.680
22.800
22.910
23.030
23.140
23.260
23.390
24.300
24.530
24.760
24.880
24.990
25.110
25.220
25.450
25.570
25.680
25.800
25.910
26.030
26.150
26.260
26.380
26.490
26.610
26.720
26.840
26.950
27.070
27.180
27.300
27.410
27.530
27.640
27.760
27.880
28.010
28.690
28.910
29.140
29.380
29.490
29.610
29.720
29.840
30.070
30.300
30.530
30.650
30.760
30.880
30.990
31.110
31.220
31.340
31.450
31.570
31.680
31.800
31.910
32.030
32.260
32.380
32.490
32.620
33.530
33.760
33.990
34.110
34.220
34.340
34.450
34.680
34.800
34.920
35.030
35.150
35.260
35.380
35.490
35.610
35.720
35.840
35.950
36.070
36.180
36.300
36.410
36.530
36.760
36.880
36.990
37.110
37.240
38.150
38.380
38.610
38.720
38.840
38.950
39.070
39.300
39.420
39.530
39.650
39.760
39.880
39.990
40.110
40.220
40.340
40.570
40.800
40.910
41.030
41.260
41.380
41.490
41.610
41.720
41.850
42.530
42.620
42.760
42.990
43.220
43.340
43.450
43.570
43.690
43.910
44.030
44.150
44.260
44.380
44.490
44.610
44.720
44.840
44.950
45.070
45.180
45.300
45.410
45.530
45.760
45.880
45.990
46.110
46.220
46.340
46.470
47.380
47.610
47.840
47.950
48.070
48.300
48.530
48.650
48.760
48.880
49.110
49.340
49.570
49.690
49.800
49.920
50.030
50.150
50.260
50.380
50.490
50.610
50.720
50.840
51.860
51.990
52.220
52.450
52.570
52.680
52.800
52.920
53.140
53.260
53.380
53.490
53.610
53.720
53.840
53.950
54.070
54.190
54.300
54.420
54.530
54.650
54.760
54.880
54.990
55.110
55.220
55.340
55.450
55.570
55.690
56.150
56.380
56.610
56.840
57.070
57.190
57.300
57.420
57.530
57.760
57.880
57.990
58.230
58.340
58.570
58.690
58.800
58.920
59.030
59.150
59.260
59.380
59.490
59.610
59.720
59.840
59.950
