0.090
0.350
0.610
0.880
1.140
1.400
1.670
1.940
2.200
2.460
2.730
2.990
3.250
3.520
3.780
4.050
4.320
4.570
4.840
5.100
5.370
5.630
5.890
6.160
6.430
6.680
6.950
7.220
7.480
7.740
8.010
8.280
8.550
8.700
9.020
9.070
9.870
10.390
11.070
11.180
11.980
12.240
12.500
12.770
13.030
13.290
13.540
13.820
14.090
14.350
14.890
15.140
15.400
15.670
15.930
16.200
16.460
16.720
17.000
17.120
17.450
17.520
17.750
17.940
18.050
18.220
18.320
18.460
18.570
18.840
19.590
19.630
19.900
20.160
20.420
20.690
20.950
21.220
21.450
21.740
22.010
22.150
22.800
23.040
23.590
23.850
24.120
24.380
