0.816
0.933
1.000
0.941
0.733
1.000
0.920
0.859
0.917
1.000
0.863
0.912
1.000
1.000
1.000
1.000
0.893
0.816
0.842
1.000
0.929
0.917
0.808
0.941
0.885
0.750
0.707
0.000
0.800
0.594
0.280
0.605
0.826
0.857
0.917
0.960
0.875
0.958
1.000
0.909
0.864
0.725
0.295
0.840
0.630
0.475
0.326
0.490
0.129
0.923
0.971
0.955
0.966
0.263
0.250
0.364
0.300
0.333
1.000
0.209
0.938
1.000
0.744
0.976
0.972
1.000
1.000
0.976
0.810
1.000
0.636
0.867
0.857
1.000
0.946
0.848
0.931
0.794
0.762
0.909
0.529
1.000
0.783
0.972
0.818
0.889
0.667
0.391
0.500
0.581
1.000
0.639
0.929
1.000
0.971
0.865
0.935
0.806
0.778
0.962
1.000
0.961
0.975
0.872
0.929
0.864
0.974
0.882
1.000
1.000
0.975
1.000
0.981
0.905
0.926
0.977
0.957
0.930
0.918
1.000
1.000
0.909
0.868
1.000
1.000
1.000
0.919
0.688
0.860
0.974
1.000
0.946
0.973
0.959
0.900
0.976
0.897
0.913
0.907
0.938
0.964
0.948
0.962
0.915
0.960
0.958
0.921
0.911
0.649
0.962
0.976
0.897
0.953
0.993
0.912
0.924
0.938
0.364
0.591
0.542
0.811
1.000
0.667
0.922
0.926
0.938
0.971
0.491
1.000
0.982
0.610
1.000
0.660
0.940
0.548
0.500
1.000
0.952
0.923
0.965
0.309
0.920
1.000
1.000
0.041
0.920
0.846
0.727
0.994
1.000
0.875
0.783
0.955
1.000
0.989
1.000
0.965
1.000
1.000
0.978
0.391
0.889
0.997
0.939
0.966
1.000
1.000
1.000
1.000
1.000
1.000
1.000
0.909
1.000
1.000
1.000
0.833
1.000
1.000
1.000
1.000
0.947
1.000
0.947
0.942
1.000
1.000
1.000
0.371
0.933
0.768
1.000
0.948
0.898
0.680
0.992
1.000
0.941
0.960
1.000
0.973
1.000
0.534
0.877
0.912
0.975
0.933
0.905
0.576
0.913
0.758
0.957
0.933
0.963
0.650
0.909
0.229
1.000
0.949
0.963
0.951
0.939
0.931
0.554
0.993
0.764
0.452
0.526
0.857
0.917
0.974
0.974
0.769
0.917
0.545
1.000
0.973
1.000
0.961
0.930
1.000
0.412
1.000
1.000
0.644
1.000
0.953
0.476
0.667
0.806
0.971
0.588
0.944
0.629
1.000
0.981
0.939
0.250
0.552
0.270
1.000
1.000
1.000
0.625
0.938
1.000
0.963
1.000
1.000
1.000
0.993
0.335
0.072
0.971
0.931
0.988
0.118
0.963
1.000
0.571
1.000
