0.792
0.938
1.000
0.944
0.750
1.000
0.861
0.952
0.963
0.976
0.904
0.944
1.000
1.000
1.000
1.000
0.963
0.711
0.783
1.000
1.000
1.000
0.929
1.000
0.894
0.797
0.835
0.333
0.769
0.609
0.260
0.803
0.976
1.000
0.974
0.897
0.917
0.968
1.000
1.000
0.952
0.638
0.488
0.967
0.683
0.579
0.537
0.632
0.143
1.000
1.000
1.000
0.921
0.548
0.351
0.408
0.667
0.714
1.000
0.317
0.973
1.000
0.769
0.979
0.951
0.962
1.000
1.000
0.920
1.000
0.792
0.909
0.846
0.556
0.957
0.955
0.967
0.964
0.842
0.955
0.647
1.000
0.833
0.983
1.000
0.852
0.652
0.410
0.484
0.517
0.970
0.667
0.920
1.000
0.961
0.933
1.000
0.895
0.897
0.969
1.000
1.000
1.000
0.976
0.967
0.808
1.000
0.857
0.977
1.000
0.940
1.000
0.983
0.948
0.972
1.000
0.950
0.942
0.941
0.984
0.983
0.962
0.957
1.000
1.000
1.000
0.967
0.821
0.971
0.966
1.000
0.980
0.980
0.984
0.852
0.979
0.920
0.902
0.949
1.000
0.979
0.985
0.941
0.973
0.970
0.976
0.913
0.891
0.757
0.964
0.979
0.857
0.967
0.989
0.963
0.985
0.978
0.500
0.742
0.600
0.881
1.000
0.746
0.952
0.969
0.978
0.955
0.979
1.000
1.000
0.721
1.000
0.871
0.967
0.811
0.812
1.000
0.915
0.976
0.967
0.380
0.911
1.000
1.000
0.059
0.951
1.000
0.826
1.000
1.000
0.905
0.870
0.923
1.000
0.981
1.000
1.000
1.000
1.000
0.969
0.667
1.000
0.994
0.983
0.969
0.800
1.000
1.000
1.000
1.000
1.000
1.000
0.933
1.000
0.933
1.000
0.909
1.000
1.000
1.000
0.972
1.000
1.000
0.953
0.981
1.000
1.000
0.955
0.556
0.970
0.951
1.000
0.983
0.978
0.800
1.000
1.000
0.941
1.000
1.000
0.978
1.000
0.709
0.923
0.918
0.967
0.937
0.937
0.767
0.977
0.843
0.967
0.959
0.963
0.738
0.968
0.654
1.000
0.955
0.949
0.984
0.939
0.967
0.709
1.000
0.724
0.479
0.627
0.600
0.962
1.000
1.000
0.944
1.000
0.786
1.000
0.978
1.000
1.000
0.911
1.000
0.667
1.000
1.000
0.656
1.000
0.980
0.760
0.682
0.909
1.000
0.682
0.951
0.792
1.000
0.984
1.000
0.578
0.791
0.704
1.000
0.976
1.000
0.463
0.942
1.000
0.990
1.000
1.000
1.000
1.000
0.538
0.122
0.998
0.982
0.989
0.429
0.973
1.000
0.923
1.000
