0.792
0.875
1.000
0.944
0.750
1.000
0.861
0.952
0.963
0.976
0.885
0.944
1.000
1.000
1.000
1.000
0.963
0.711
0.783
1.000
1.000
0.923
0.929
1.000
0.894
0.797
0.835
0.333
0.692
0.522
0.240
0.738
0.976
1.000
0.974
0.897
0.833
0.968
1.000
1.000
0.952
0.638
0.465
0.917
0.683
0.579
0.463
0.632
0.089
0.976
0.976
0.966
0.921
0.516
0.263
0.368
0.667
0.714
1.000
0.267
0.973
1.000
0.769
0.979
0.951
0.962
1.000
1.000
0.920
1.000
0.792
0.909
0.846
0.444
0.957
0.955
0.933
0.964
0.789
0.955
0.647
1.000
0.833
0.983
1.000
0.836
0.652
0.386
0.484
0.517
0.970
0.632
0.880
1.000
0.941
0.900
1.000
0.816
0.793
0.954
1.000
1.000
0.978
0.976
0.950
0.750
1.000
0.833
0.977
1.000
0.940
1.000
0.983
0.931
0.930
1.000
0.950
0.923
0.897
0.984
0.983
0.942
0.957
1.000
1.000
0.980
0.900
0.744
0.971
0.948
1.000
0.980
0.941
0.984
0.852
0.958
0.920
0.885
0.932
0.962
0.979
0.970
0.882
0.946
0.970
0.976
0.913
0.891
0.720
0.964
0.974
0.857
0.959
0.989
0.950
0.985
0.956
0.444
0.636
0.600
0.881
1.000
0.746
0.947
0.969
0.978
0.955
0.851
1.000
1.000
0.644
1.000
0.790
0.961
0.757
0.750
1.000
0.915
0.976
0.967
0.342
0.891
1.000
1.000
0.037
0.951
1.000
0.783
1.000
0.984
0.857
0.783
0.923
1.000
0.981
1.000
1.000
1.000
1.000
0.953
0.635
1.000
0.991
0.949
0.969
0.800
1.000
1.000
1.000
1.000
1.000
1.000
0.933
1.000
0.933
1.000
0.909
1.000
1.000
1.000
0.972
1.000
1.000
0.953
0.981
1.000
1.000
0.955
0.481
0.909
0.931
1.000
0.975
0.978
0.800
1.000
1.000
0.941
1.000
1.000
0.978
0.985
0.640
0.899
0.903
0.967
0.913
0.937
0.700
0.959
0.826
0.942
0.927
0.941
0.714
0.952
0.538
1.000
0.949
0.932
0.958
0.919
0.944
0.674
0.995
0.687
0.458
0.529
0.500
0.962
1.000
1.000
0.944
1.000
0.714
1.000
0.978
1.000
0.981
0.911
1.000
0.513
1.000
1.000
0.641
1.000
0.980
0.720
0.591
0.909
1.000
0.636
0.951
0.750
1.000
0.984
0.919
0.500
0.716
0.620
1.000
0.964
1.000
0.463
0.917
1.000
0.990
1.000
1.000
1.000
0.997
0.500
0.055
0.998
0.977
0.986
0.214
0.946
1.000
0.923
1.000
