0.851
0.696
0.500
0.640
0.579
0.700
0.882
0.803
0.700
0.830
0.746
0.889
1.000
1.000
0.985
1.000
0.867
1.000
0.500
0.492
1.000
0.480
0.962
0.947
0.670
0.549
0.689
0.312
0.773
0.885
0.173
0.486
0.820
0.806
0.623
0.864
0.197
0.917
1.000
0.792
0.667
0.841
0.211
0.527
0.339
0.396
0.619
0.371
0.072
0.953
1.000
0.821
0.880
0.186
0.149
0.268
0.075
0.161
0.017
0.131
0.792
0.900
0.769
0.976
0.974
0.975
1.000
0.981
0.952
0.810
0.519
0.679
0.508
0.333
0.955
0.915
0.727
0.818
0.750
0.512
0.733
0.964
1.000
0.932
0.769
0.588
0.674
0.201
0.271
0.320
0.927
0.673
0.846
1.000
0.895
1.000
0.800
0.881
0.763
1.000
1.000
1.000
0.946
0.895
0.983
0.771
1.000
0.705
0.907
0.982
1.000
1.000
0.982
0.961
0.955
1.000
0.966
0.964
0.951
1.000
0.969
0.704
0.753
0.932
1.000
0.895
0.931
0.763
0.855
0.902
0.827
1.000
0.980
0.967
0.864
0.965
0.887
0.803
0.935
0.897
0.958
0.985
0.800
0.984
0.900
0.514
0.793
0.915
0.680
1.000
0.977
0.951
0.970
0.994
0.884
0.992
0.975
0.267
0.414
0.515
1.000
0.995
0.561
0.899
0.891
1.000
0.974
0.465
0.991
0.979
0.428
1.000
0.762
0.977
0.920
0.320
1.000
0.885
1.000
0.989
0.215
0.889
1.000
0.898
0.046
0.976
0.867
0.714
1.000
1.000
0.870
0.720
0.958
1.000
0.982
1.000
0.986
0.990
0.974
0.909
0.495
1.000
0.997
1.000
0.944
1.000
1.000
1.000
1.000
1.000
0.933
0.939
1.000
1.000
1.000
1.000
0.889
1.000
1.000
0.974
1.000
1.000
1.000
0.925
1.000
1.000
0.977
1.000
0.682
0.943
0.942
1.000
0.956
0.947
1.000
0.972
0.958
1.000
1.000
1.000
0.991
0.977
0.487
0.962
0.958
0.923
0.874
0.898
0.576
0.785
0.936
0.985
0.914
0.963
0.705
0.786
0.272
1.000
0.957
0.994
0.911
0.931
0.979
0.557
0.989
0.925
0.229
0.336
0.163
0.391
0.976
0.963
0.647
0.800
0.287
0.806
0.930
0.905
0.982
1.000
1.000
0.416
0.886
1.000
0.429
0.932
0.980
0.708
0.239
0.912
1.000
0.511
0.849
0.811
0.984
0.983
0.946
0.271
0.367
0.368
1.000
0.977
0.980
0.241
0.790
1.000
0.980
1.000
1.000
1.000
1.000
0.756
0.050
1.000
0.990
1.000
0.333
0.949
1.000
0.541
1.000
