0.816
0.933
1.000
0.941
0.733
1.000
0.920
0.891
0.917
1.000
0.863
0.912
1.000
1.000
1.000
1.000
0.893
0.816
0.842
1.000
0.929
0.917
0.885
0.941
0.885
0.781
0.780
0.000
0.867
0.688
0.320
0.763
0.826
0.857
0.958
0.960
1.000
0.958
1.000
0.909
0.909
0.725
0.409
0.900
0.630
0.500
0.457
0.531
0.226
0.962
1.000
0.955
0.966
0.342
0.341
0.491
0.400
0.333
1.000
0.284
0.938
1.000
0.744
0.976
0.972
1.000
1.000
0.976
0.810
1.000
0.682
0.867
0.857
1.000
0.946
0.891
0.931
0.794
0.810
0.909
0.588
1.000
0.783
0.972
0.818
0.926
0.667
0.422
0.500
0.581
1.000
0.750
1.000
1.000
1.000
0.904
0.935
0.861
0.778
0.981
1.000
0.961
1.000
0.872
0.964
0.909
1.000
0.882
1.000
1.000
0.975
1.000
1.000
0.929
0.963
0.977
0.978
0.930
0.959
1.000
1.000
0.939
0.974
1.000
1.000
1.000
0.973
0.812
0.930
0.974
1.000
0.946
1.000
0.980
0.925
1.000
0.923
0.957
0.926
1.000
0.964
0.966
0.962
0.983
0.980
0.958
0.921
0.929
0.766
0.977
0.982
0.897
0.969
0.993
0.919
0.966
0.950
0.545
0.682
0.625
0.811
1.000
0.688
0.930
0.926
0.938
0.971
0.652
1.000
1.000
0.779
1.000
0.736
0.955
0.742
0.595
1.000
0.952
0.949
0.965
0.353
0.947
1.000
1.000
0.081
0.960
0.846
0.818
0.994
1.000
1.000
0.783
1.000
1.000
0.989
1.000
0.965
1.000
1.000
0.978
0.450
0.889
0.997
0.980
0.966
1.000
1.000
1.000
1.000
1.000
1.000
1.000
0.909
1.000
1.000
1.000
0.833
1.000
1.000
1.000
1.000
0.947
1.000
0.982
0.942
1.000
1.000
1.000
0.429
1.000
0.842
1.000
0.969
0.918
0.680
1.000
1.000
0.941
1.000
1.000
0.982
1.000
0.649
0.942
0.937
0.975
0.933
0.916
0.636
0.966
0.842
0.971
0.967
0.972
0.700
0.927
0.486
1.000
0.971
0.985
0.979
0.959
0.965
0.576
1.000
0.836
0.516
0.658
1.000
0.917
0.974
1.000
0.846
1.000
0.636
1.000
0.973
1.000
0.961
0.953
1.000
0.588
1.000
1.000
0.661
1.000
0.953
0.762
0.833
0.806
1.000
0.706
0.944
0.714
1.000
1.000
1.000
0.312
0.759
0.514
1.000
1.000
1.000
0.625
0.938
1.000
0.963
1.000
1.000
1.000
0.996
0.413
0.139
0.976
0.949
0.988
0.294
0.963
1.000
0.714
1.000
