0.426
0.176
0.714
0.913
0.532
0.517
0.794
0.478
0.557
0.850
0.795
0.756
0.548
0.719
0.678
0.833
0.930
0.905
0.688
0.635
0.770
0.652
0.934
0.543
0.640
0.840
0.849
0.918
0.819
0.800
0.838
0.754
0.660
0.788
0.786
0.852
0.782
0.733
0.622
0.781
0.750
0.722
0.718
0.500
0.849
0.750
0.766
0.773
0.886
0.790
0.658
0.879
0.846
0.776
0.759
0.815
0.783
0.766
0.667
0.767
0.725
0.759
0.709
0.667
0.513
0.691
0.765
0.630
0.861
0.695
0.790
0.748
0.459
0.436
0.634
0.408
0.965
0.786
0.763
0.786
0.526
0.163
0.737
0.710
0.716
0.886
0.285
0.920
0.819
0.843
0.648
0.543
0.973
0.820
0.545
0.759
0.843
0.990
0.906
0.847
0.952
0.703
0.785
0.152
0.753
0.875
0.938
0.979
1.000
0.826
0.878
0.518
0.862
0.939
0.828
0.417
0.665
0.527
0.775
0.590
0.956
0.816
0.800
0.697
0.718
0.491
0.639
0.830
0.780
0.668
0.586
0.633
0.626
0.835
0.709
0.676
0.536
0.517
0.272
0.943
0.694
0.634
0.862
0.721
0.789
0.542
0.971
0.431
0.486
0.435
0.341
0.548
0.734
0.810
0.685
0.771
0.600
0.941
0.792
0.595
0.840
0.825
0.806
0.448
0.783
0.911
0.397
0.925
0.785
0.608
0.500
0.900
0.650
0.692
0.614
0.791
0.829
0.824
0.846
0.566
0.834
0.827
0.972
0.354
0.878
