0.130
0.180
2.400
2.590
2.780
2.940
3.130
3.310
3.630
3.830
4.010
4.180
4.340
4.630
4.880
5.050
5.240
5.420
6.040
6.210
6.370
6.550
8.020
8.390
8.580
8.750
8.940
9.120
9.300
9.470
9.640
10.000
10.180
10.360
10.560
10.740
11.020
11.230
11.410
11.600
11.980
12.470
12.660
12.840
13.020
13.250
13.640
13.810
13.970
14.350
15.100
15.830
16.130
16.310
16.830
18.110
20.020
20.200
20.460
20.960
21.700
21.880
22.050
22.220
22.370
22.670
23.900
24.100
24.290
24.500
24.690
27.830
27.980
29.250
29.620
29.790
29.960
30.110
30.280
30.390
31.170
31.360
31.520
31.690
32.020
32.250
32.550
32.930
33.650
33.980
34.150
34.300
36.980
37.090
38.410
38.600
38.760
38.940
39.090
39.240
39.410
39.600
39.770
39.910
40.220
40.550
40.700
40.850
41.000
41.200
41.370
41.860
42.040
42.200
42.370
42.550
42.720
42.890
43.050
43.210
45.870
45.950
47.250
47.580
48.170
48.510
48.850
49.070
49.220
49.370
49.570
50.340
50.390
50.550
50.720
51.120
52.060
52.250
52.400
52.550
52.710
52.870
53.020
53.190
53.340
53.500
53.760
54.380
54.460
55.400
55.550
55.670
55.990
56.330
56.700
56.930
57.090
57.850
58.200
58.250
58.450
58.620
58.780
58.930
59.090
59.240
59.400
59.760
60.350
61.500
