0.010
0.110
0.220
0.370
0.610
0.900
1.210
1.290
1.420
1.700
1.860
1.970
2.550
3.070
3.390
3.450
3.590
3.830
3.960
4.030
4.090
4.180
4.230
4.340
4.410
4.580
4.840
4.940
5.020
5.120
5.380
5.500
5.650
5.900
6.080
6.160
6.290
6.380
6.430
6.530
6.610
6.680
6.890
7.180
7.460
7.750
7.880
7.990
8.080
8.240
8.390
8.500
8.630
8.780
9.020
9.160
9.250
9.300
9.360
9.590
9.660
9.770
9.970
10.030
10.280
10.820
11.290
11.440
11.720
11.790
12.070
12.320
12.460
12.570
12.680
12.840
13.060
13.280
13.340
13.710
13.820
13.960
14.080
14.210
14.360
14.600
14.920
15.440
15.830
15.950
16.200
16.370
16.430
16.580
16.690
16.750
16.800
16.910
17.090
17.160
17.320
17.420
17.680
17.760
17.900
18.090
18.160
18.320
18.400
18.530
18.600
18.670
18.750
18.910
19.110
19.410
19.540
19.670
19.730
19.980
20.240
20.340
20.480
20.610
20.710
20.810
20.940
21.220
21.480
21.640
21.820
21.890
21.980
22.110
22.270
22.600
23.380
