0.020
0.630
1.220
1.830
2.410
3.020
3.610
4.220
4.820
5.420
5.480
6.010
6.620
7.220
7.600
7.820
8.310
9.810
10.430
11.020
11.620
12.220
12.830
13.400
14.000
14.590
15.200
15.800
16.410
17.000
17.390
17.460
17.510
17.600
18.100
18.320
19.090
19.140
19.990
20.620
21.220
21.830
22.420
23.040
23.600
24.210
24.810
25.420
26.020
26.640
27.250
27.650
27.710
27.880
28.390
28.640
31.740
31.880
31.990
32.090
32.230
32.330
32.410
32.530
32.650
32.770
32.890
32.990
33.120
33.220
33.320
33.450
33.560
33.670
33.790
33.900
34.020
34.130
34.250
34.350
34.460
34.590
34.710
34.830
34.950
35.070
35.180
35.280
35.390
35.520
35.630
35.750
35.870
35.980
36.100
36.200
36.310
36.440
36.560
36.680
36.790
36.910
37.020
37.130
37.270
37.520
37.770
38.020
38.280
38.860
39.480
39.590
39.710
39.830
39.930
40.060
40.170
40.280
40.400
40.520
40.650
40.760
40.880
41.000
41.110
41.220
41.330
41.450
41.570
41.690
41.810
41.910
42.030
42.150
42.260
42.380
42.510
42.620
42.740
42.850
42.970
43.090
43.210
43.340
43.460
43.580
43.680
43.800
43.910
44.020
44.150
44.250
44.380
44.490
44.610
44.730
44.840
44.960
45.090
45.200
45.320
45.430
45.550
45.660
45.790
45.910
45.960
46.050
46.110
46.510
46.690
47.390
47.520
47.620
47.720
47.860
47.970
48.070
48.190
48.290
48.410
48.530
48.620
48.770
48.840
48.970
49.080
49.190
49.300
49.420
49.530
49.630
49.750
49.870
49.980
50.090
50.230
50.350
50.460
50.580
50.690
50.800
50.920
51.030
51.160
51.280
51.390
51.510
51.630
51.740
51.840
51.970
52.070
52.200
52.310
52.420
52.540
52.660
52.770
52.900
53.160
53.340
53.430
53.700
54.010
54.720
