1.910
2.250
2.640
3.420
3.880
4.270
4.700
5.200
5.830
6.360
6.790
7.030
7.200
7.600
7.770
7.990
8.190
8.350
8.560
8.750
9.130
9.360
9.510
9.630
9.760
9.930
10.160
10.340
10.760
10.980
11.080
11.130
11.180
13.440
13.670
13.880
14.370
14.610
14.820
15.010
15.060
15.290
15.490
15.670
15.890
16.090
16.300
16.500
16.670
16.720
16.930
17.150
17.330
18.140
18.320
18.510
18.910
19.260
19.470
19.650
19.870
20.040
20.420
20.840
21.220
21.430
21.680
22.080
22.280
22.460
22.670
22.860
23.040
23.290
23.490
23.680
24.100
24.480
24.870
25.460
25.660
26.060
26.250
26.440
26.850
27.230
27.640
28.030
28.290
28.520
28.740
28.810
28.860
