2.220
2.520
2.710
2.910
3.090
3.270
3.440
3.610
3.790
3.950
4.130
4.290
4.490
4.660
4.850
4.980
5.170
5.330
5.500
5.670
5.850
6.020
6.190
6.350
6.550
6.740
6.890
7.080
7.240
7.400
7.600
7.790
7.960
8.120
8.270
8.450
8.610
8.820
8.980
9.030
9.160
9.330
9.510
9.780
10.020
10.260
10.450
10.730
11.030
11.390
11.650
11.880
12.100
12.340
12.520
12.710
12.950
13.190
13.450
13.760
14.300
14.920
15.210
15.450
15.500
15.670
15.830
15.980
16.030
16.130
16.180
16.280
16.410
16.460
16.710
16.860
16.930
17.040
17.150
17.200
17.350
17.400
17.450
17.500
17.600
17.840
18.000
18.230
18.280
18.460
18.770
18.870
19.170
19.330
19.400
19.490
19.640
19.780
19.850
19.930
20.010
20.080
20.230
20.520
20.670
20.850
21.010
21.160
21.210
21.370
21.610
21.830
22.030
22.080
22.270
22.560
22.720
22.770
22.860
22.910
23.030
23.220
23.430
23.620
23.800
23.850
23.900
23.950
24.000
24.190
24.240
24.600
24.650
24.790
24.980
25.130
25.330
25.500
25.720
25.770
25.820
25.870
25.960
26.010
26.140
26.190
26.340
26.510
26.700
26.880
27.030
27.090
27.230
27.280
27.410
27.620
27.770
27.960
28.130
28.270
28.400
28.450
28.500
28.630
28.820
29.000
29.050
29.190
29.350
29.510
29.710
29.850
29.900
29.980
30.120
30.180
30.380
30.550
30.720
30.890
31.100
31.270
31.450
31.640
31.880
32.060
32.260
32.480
32.560
32.760
32.980
33.250
33.660
33.750
33.940
34.110
34.300
34.460
34.620
34.780
34.950
35.110
35.260
35.420
35.580
35.770
35.950
36.120
36.270
36.430
36.580
36.730
36.900
37.080
37.230
37.420
37.570
37.830
37.880
38.050
38.210
38.360
38.490
38.650
38.810
38.990
39.100
39.250
39.410
39.460
39.530
39.750
39.900
40.060
40.210
40.360
40.480
40.660
40.840
40.950
41.050
41.110
41.270
41.350
41.580
41.630
41.800
41.940
42.080
42.240
42.340
42.420
42.490
42.700
42.800
42.920
42.970
43.130
43.210
43.410
43.470
43.600
43.740
43.890
44.010
44.180
44.310
44.480
44.530
44.680
44.810
44.860
44.950
45.120
45.310
45.370
45.490
45.670
45.820
45.870
46.120
46.350
46.550
46.670
46.750
46.890
46.940
47.120
47.380
47.440
47.600
47.900
48.050
48.160
48.350
48.520
48.690
48.850
48.900
49.000
49.120
49.170
49.340
49.390
49.540
49.690
49.870
50.050
50.210
50.430
50.640
50.790
51.000
51.190
51.430
51.760
51.810
51.980
52.160
52.340
52.520
52.680
52.850
53.010
53.180
53.370
53.550
53.710
53.960
54.620
55.220
55.760
56.420
56.470
56.760
56.990
57.040
57.220
57.370
57.520
57.690
57.840
58.030
58.170
58.370
58.650
58.700
58.940
59.190
59.490
59.730
59.780
