0.400
0.520
0.680
0.750
0.860
1.170
1.530
1.840
1.910
2.530
2.810
3.150
3.210
3.420
3.490
3.790
4.030
4.110
4.250
4.440
4.490
4.760
4.880
5.070
5.180
5.320
5.390
5.440
5.750
5.900
6.090
6.310
6.370
6.700
7.000
7.160
7.680
8.000
8.350
8.470
8.680
8.990
9.250
9.310
9.430
9.590
9.650
9.700
9.990
10.310
10.630
10.700
10.760
10.820
10.970
11.080
11.150
11.280
11.600
11.930
12.000
12.280
12.420
12.630
12.950
13.130
13.260
13.600
13.690
13.780
13.960
14.280
14.490
14.560
14.610
14.730
14.830
14.930
15.050
15.220
15.270
15.580
15.900
16.250
16.300
16.350
16.600
16.900
17.220
17.580
17.940
18.240
18.350
18.540
18.590
18.930
19.110
19.190
19.310
19.610
19.860
19.920
20.060
20.130
20.230
20.280
20.390
20.570
20.660
20.920
20.990
21.290
21.440
21.650
21.770
21.980
22.280
22.620
22.920
23.280
23.600
23.920
23.970
24.040
24.210
24.290
24.510
24.600
24.760
24.940
24.990
25.290
25.370
25.570
25.620
25.690
25.750
25.970
26.290
26.610
26.910
26.970
27.190
27.300
27.610
27.970
28.280
28.330
28.530
28.980
29.260
29.550
