0.170
0.380
0.590
0.790
1.210
1.440
1.610
1.840
2.050
2.250
2.460
2.680
2.880
3.120
3.340
3.540
3.750
3.950
4.170
4.610
4.830
4.940
5.000
5.210
5.660
5.860
6.280
6.510
6.690
6.910
7.120
7.350
7.400
7.540
7.760
7.860
7.980
8.150
8.260
8.380
8.430
8.600
8.860
9.080
9.280
9.500
9.710
9.910
10.000
10.080
10.320
10.750
10.900
10.970
11.400
11.810
12.440
12.650
13.050
13.170
13.260
13.690
13.900
13.950
14.100
14.320
14.580
14.710
14.930
15.130
15.560
15.780
15.970
16.170
16.390
16.610
16.830
17.000
17.230
17.440
17.650
18.060
18.270
18.470
18.880
19.080
19.280
19.690
19.920
20.110
20.300
20.500
20.740
20.940
21.150
21.370
21.790
21.840
23.450
23.570
24.020
24.240
24.500
24.640
24.730
25.080
