0.150
1.500
1.960
2.450
2.930
4.280
4.770
5.250
5.740
7.080
7.550
8.030
8.520
9.460
11.410
12.710
12.830
12.920
13.170
13.660
14.170
15.550
15.670
16.040
16.140
16.360
16.500
16.970
17.020
17.910
18.340
18.830
18.880
19.340
19.830
20.720
22.560
23.560
23.970
24.430
24.880
25.380
26.840
27.280
27.770
28.240
28.790
28.840
29.620
30.080
30.510
31.010
31.480
31.970
32.450
32.910
33.400
33.880
35.210
35.700
36.170
36.350
36.680
38.070
38.510
38.740
38.970
39.500
40.860
41.330
41.830
42.260
42.310
42.360
42.410
45.110
48.000
54.170
