2.230
2.530
2.720
2.920
3.090
3.270
3.450
3.620
3.800
3.960
4.140
4.300
4.500
4.670
4.860
4.990
5.180
5.340
5.500
5.680
5.860
6.020
6.190
6.360
6.560
6.750
6.900
7.090
7.250
7.410
7.600
7.800
7.970
8.120
8.280
8.460
8.620
8.830
8.980
9.170
9.340
9.520
9.780
10.020
10.270
10.460
10.740
11.040
11.390
11.660
11.890
12.110
12.350
12.520
12.720
12.960
13.190
13.450
13.760
14.300
14.920
15.220
15.450
15.490
15.670
15.830
15.990
16.140
16.190
16.280
16.420
16.590
16.720
16.870
17.050
17.170
17.360
17.620
17.840
18.000
18.240
18.460
18.780
18.880
19.180
19.330
19.410
19.500
19.650
19.790
19.850
19.940
20.020
20.080
20.240
20.380
20.530
20.670
20.850
21.020
21.170
21.380
21.620
21.830
22.040
22.290
22.570
22.720
22.870
23.040
23.230
23.440
23.620
23.810
23.860
24.000
24.200
24.610
24.790
24.990
25.130
25.340
25.510
25.720
25.850
25.960
26.020
26.150
26.350
26.510
26.700
26.880
27.030
27.100
27.240
27.420
27.630
27.780
27.970
28.140
28.280
28.410
28.510
28.640
28.820
29.010
29.190
29.350
29.520
29.700
29.850
29.890
29.980
30.130
30.190
30.390
30.560
30.730
30.900
31.110
31.280
31.450
31.640
31.890
32.070
32.270
32.490
32.570
32.780
32.990
33.260
33.670
33.760
33.950
34.120
34.310
34.470
34.630
34.790
34.950
35.120
35.270
35.430
35.590
35.780
35.960
36.130
36.270
36.440
36.590
36.740
36.910
37.090
37.230
37.420
37.570
37.830
38.060
38.220
38.370
38.500
38.660
38.810
39.000
39.100
39.250
39.420
39.470
39.540
39.750
39.910
40.080
40.220
40.370
40.490
40.660
40.840
40.950
41.060
41.120
41.270
41.360
41.590
41.630
41.800
41.950
42.090
42.250
42.340
42.490
42.690
42.810
42.930
43.090
43.140
43.220
43.420
43.490
43.610
43.750
43.900
44.020
44.180
44.320
44.490
44.660
44.700
44.820
44.960
45.130
45.310
45.380
45.500
45.670
45.830
45.980
46.140
46.360
46.560
46.680
46.890
47.130
47.390
47.460
47.610
47.910
48.060
48.160
48.350
48.530
48.700
48.860
49.010
49.130
49.170
49.350
49.550
49.700
49.880
50.060
50.220
50.440
50.650
50.800
51.010
51.200
51.440
51.770
51.990
52.170
52.340
52.520
52.680
52.850
53.020
53.190
53.370
53.550
53.720
53.960
54.630
55.220
55.770
56.420
56.480
56.760
57.000
57.220
57.380
57.530
57.690
57.850
58.030
58.180
58.380
58.650
58.940
59.190
59.490
59.730
59.780
59.990
