0.556
0.115
0.889
0.982
0.939
0.881
0.951
0.545
0.872
1.000
0.889
0.885
0.917
0.692
0.700
1.000
1.000
0.968
0.959
0.907
0.983
0.741
1.000
0.782
0.889
1.000
0.962
1.000
0.952
0.860
0.935
0.980
0.950
0.946
0.910
0.982
1.000
0.836
0.810
0.955
1.000
0.980
0.891
0.612
0.912
0.926
0.946
0.925
0.929
0.984
0.889
0.959
0.855
0.862
0.932
0.939
0.979
0.926
0.769
0.903
0.961
0.868
0.902
0.868
0.734
0.970
0.942
0.895
0.984
0.905
0.933
0.978
0.555
0.393
0.943
0.429
1.000
1.000
0.671
0.954
0.636
0.286
1.000
0.927
0.904
0.934
0.289
1.000
0.838
0.950
0.738
0.582
1.000
1.000
0.704
0.793
0.991
1.000
1.000
1.000
0.973
0.987
0.382
0.321
0.921
0.944
0.875
1.000
1.000
1.000
0.921
0.725
1.000
1.000
1.000
0.500
0.919
0.735
0.955
0.852
1.000
1.000
0.941
0.985
1.000
0.553
0.874
0.919
0.972
0.905
0.547
0.871
0.820
0.973
0.956
0.942
0.653
0.878
0.318
1.000
0.936
0.931
0.925
0.942
0.920
0.399
0.980
0.721
0.435
0.435
0.556
0.844
0.977
0.959
0.926
0.854
0.643
0.920
0.940
0.958
0.945
0.956
1.000
0.426
0.944
0.946
0.506
1.000
0.960
0.551
0.435
1.000
0.667
0.915
0.610
1.000
0.982
0.917
0.971
0.945
0.989
0.958
1.000
0.600
0.975
