0.964
1.000
0.547
0.688
0.688
0.677
0.635
0.636
0.767
0.817
0.707
0.675
0.818
0.629
0.640
0.600
0.787
0.726
0.771
0.515
0.822
0.741
0.528
0.825
0.817
0.659
0.875
0.789
0.636
0.694
0.768
0.750
0.838
0.651
0.714
0.709
0.853
0.787
0.877
0.631
0.750
0.773
0.691
0.682
0.769
0.627
0.821
0.506
0.628
0.808
0.542
0.781
0.580
0.792
0.784
0.700
0.610
0.930
0.683
0.685
0.869
0.859
0.758
0.775
0.948
0.895
0.778
0.717
0.640
0.944
0.693
0.825
0.981
0.965
0.714
0.817
0.789
0.693
0.524
0.693
0.238
0.471
0.500
0.730
0.509
0.949
0.937
0.657
0.961
0.759
0.709
0.661
0.944
0.632
0.778
0.719
0.757
0.844
0.795
0.701
0.806
0.743
0.646
0.357
0.761
0.756
1.000
0.764
0.571
0.725
0.455
0.596
0.833
0.551
0.733
1.000
0.640
0.636
0.645
0.673
0.815
0.639
0.517
0.617
0.733
0.947
0.670
0.763
0.714
0.740
0.554
0.900
0.602
0.664
0.727
0.742
0.740
0.689
0.904
0.798
0.698
0.688
0.504
0.208
0.433
0.394
0.364
0.328
1.000
0.975
0.952
0.938
0.759
0.800
0.837
0.758
0.893
0.806
0.757
0.679
0.727
0.786
0.609
0.898
0.780
0.783
0.958
0.695
0.909
0.432
1.000
0.717
0.674
0.734
0.534
0.863
0.747
0.554
0.687
0.566
0.735
0.475
0.596
0.727
0.795
