0.190
0.240
0.370
0.500
0.660
0.820
0.960
1.110
1.220
1.270
1.320
1.400
1.510
1.560
1.610
1.690
1.840
1.980
2.130
2.190
2.430
2.570
2.620
2.730
2.870
3.020
3.180
3.320
3.470
3.600
3.650
3.790
3.880
3.930
4.060
4.190
4.340
4.490
4.540
4.790
4.910
4.960
5.080
5.220
5.370
5.430
5.530
5.670
5.840
5.890
5.940
5.990
6.130
6.220
6.270
6.320
6.400
6.550
6.690
6.850
6.900
7.150
7.280
7.330
7.450
7.590
7.730
7.780
7.890
8.030
8.180
8.320
8.370
8.470
8.520
8.610
8.770
8.900
9.050
9.200
9.250
9.500
9.620
9.670
9.720
