0.180
0.270
0.390
0.540
0.680
0.810
0.860
0.970
1.060
1.130
1.280
1.390
1.440
1.560
1.670
1.720
1.860
1.970
2.020
2.140
2.250
2.300
2.440
2.540
2.590
2.720
2.810
2.860
3.000
3.140
3.290
3.380
3.440
3.580
3.720
3.880
3.970
4.020
4.180
4.310
4.390
4.460
4.550
4.600
4.750
4.870
4.920
5.030
5.180
5.320
5.460
5.610
5.710
5.760
5.910
6.020
6.070
6.190
6.320
6.370
6.490
6.610
6.660
6.770
6.870
6.920
7.070
7.180
7.230
7.350
7.500
7.640
7.780
7.850
7.920
8.020
8.070
8.230
8.290
8.340
8.390
8.510
8.660
8.750
8.940
9.020
9.090
9.170
9.230
9.380
9.460
9.510
9.560
9.670
