0.180
0.310
0.420
0.520
0.650
0.880
0.930
1.010
1.060
1.230
1.280
1.330
1.380
1.580
1.690
1.740
1.940
2.060
2.310
2.410
2.570
2.640
2.720
2.770
2.960
3.010
3.110
3.320
3.370
3.450
3.690
3.790
3.840
4.040
4.110
4.160
4.350
4.400
4.450
4.510
4.680
4.730
4.840
5.080
5.130
5.200
5.250
5.430
5.480
5.530
5.580
5.770
5.840
5.890
6.130
6.240
6.480
6.560
6.610
6.840
6.910
6.960
7.120
7.180
7.310
7.450
7.540
7.660
7.890
8.010
8.250
8.320
8.370
8.420
8.520
8.580
8.710
8.850
8.940
9.050
9.290
9.400
9.600
9.650
9.710
9.760
