0.180
0.290
0.340
0.520
0.750
0.800
0.960
1.180
1.400
1.550
1.640
1.850
2.060
2.280
2.420
2.520
2.730
2.780
2.850
2.940
3.060
3.150
3.200
3.380
3.590
3.640
3.820
4.030
4.270
4.470
4.520
4.690
4.860
4.930
5.010
5.420
5.650
5.850
5.900
5.990
6.110
6.260
6.320
6.450
6.540
6.590
6.680
6.750
6.840
7.070
7.220
7.270
7.440
7.670
7.830
7.920
8.120
8.170
8.350
8.400
8.480
8.570
8.620
8.820
9.040
9.270
9.460
9.510
9.640
9.750
9.860
9.950
10.070
10.170
10.280
10.390
10.460
10.590
10.660
10.790
10.880
11.070
11.120
11.170
11.280
11.330
11.400
11.560
11.750
11.970
12.130
12.210
12.260
12.450
12.660
12.900
13.120
13.390
13.580
13.630
13.830
13.990
14.040
14.110
14.500
14.550
14.710
14.760
14.920
14.970
15.190
15.240
15.420
15.470
15.630
15.680
15.840
15.890
15.950
16.110
16.320
16.370
16.550
16.600
16.760
16.810
17.030
17.140
17.240
17.290
17.410
17.500
17.680
17.730
17.780
17.880
17.930
18.140
18.190
18.380
18.430
18.590
18.640
18.840
18.890
19.040
19.090
19.310
19.510
19.560
19.630
19.700
19.760
19.980
20.160
20.210
20.420
20.470
20.670
20.720
20.820
20.890
20.940
21.150
21.350
21.400
21.580
21.630
21.800
22.020
22.070
22.250
22.300
22.510
22.560
22.720
22.950
23.000
23.050
23.180
23.420
23.640
23.860
24.080
24.330
24.540
24.590
24.770
24.820
25.000
25.050
25.240
25.460
25.510
25.690
25.740
25.900
25.950
26.000
26.140
26.210
26.360
26.410
26.460
26.620
26.820
26.870
26.930
27.070
27.170
27.290
27.390
27.510
27.590
27.740
27.800
28.200
28.460
28.560
28.680
29.150
29.370
29.600
29.830
30.050
30.260
30.310
