0.290
0.430
0.480
0.780
1.140
1.190
1.330
1.480
1.530
1.860
2.060
2.200
2.250
2.560
2.740
2.890
2.940
3.260
3.610
3.660
3.740
3.980
4.030
4.330
4.520
4.700
4.750
4.850
4.900
5.060
5.390
5.440
5.570
5.730
5.780
6.100
6.150
6.470
6.520
6.820
6.870
7.020
7.180
7.540
7.590
7.760
7.900
8.250
8.300
8.460
8.600
8.650
8.980
9.030
9.260
9.330
9.380
9.430
9.680
10.020
10.070
10.220
10.420
10.560
10.620
10.740
10.860
10.910
11.120
11.250
11.450
11.810
11.860
12.160
12.390
12.520
12.570
12.730
12.860
12.910
