0.180
0.350
0.520
0.690
0.850
1.030
1.190
1.350
1.400
1.510
1.680
1.850
2.010
2.190
2.350
2.520
2.690
2.800
2.860
3.010
3.060
3.190
3.350
3.430
3.530
3.690
3.830
3.880
4.030
4.080
4.150
4.200
4.310
4.360
4.500
4.550
4.690
4.780
4.860
5.030
5.180
5.360
5.530
5.650
5.700
5.860
6.030
6.190
6.370
6.510
6.690
6.850
7.030
7.180
7.360
7.530
7.700
7.840
7.890
7.960
8.030
8.080
8.190
8.360
8.440
8.540
8.680
8.730
8.870
9.040
9.200
9.370
9.530
9.580
9.700
9.860
10.040
10.140
10.190
10.370
10.520
10.570
10.720
10.870
11.030
11.210
11.370
11.530
11.710
11.860
12.040
12.190
12.320
12.370
12.420
12.530
12.700
12.870
13.040
13.210
13.370
13.520
13.880
14.030
14.210
14.350
14.400
14.530
14.600
14.760
14.870
15.050
15.200
15.370
15.540
15.710
15.760
15.880
15.940
16.010
16.060
16.180
16.230
16.490
16.550
16.710
16.870
16.970
17.050
17.210
17.260
17.380
17.530
17.700
17.780
17.880
18.050
18.100
18.210
18.270
18.380
18.540
18.710
18.790
18.870
18.920
18.990
19.210
19.380
19.550
19.720
19.850
19.900
20.040
20.100
20.190
20.240
20.380
20.520
20.570
20.720
20.890
21.040
21.090
21.220
21.390
21.550
21.890
22.050
22.220
22.390
22.550
22.720
22.880
23.050
23.220
23.380
23.550
23.720
23.890
