0.190
0.240
0.290
0.490
0.630
1.050
1.360
1.670
1.720
2.070
2.480
2.530
3.100
3.170
3.520
3.570
3.860
3.910
4.230
4.400
4.540
4.740
4.930
4.980
5.300
5.350
5.650
5.840
6.370
6.660
6.810
7.020
7.090
7.140
7.450
7.800
7.870
8.170
8.500
8.550
9.190
9.250
9.300
9.490
9.640
9.970
10.310
10.670
11.030
11.400
11.760
12.120
12.470
12.520
12.820
13.180
13.540
13.900
14.260
14.320
14.620
14.690
14.980
15.330
15.380
15.700
16.050
16.410
16.760
17.130
17.180
17.490
17.840
17.910
18.210
18.270
18.560
18.920
18.970
19.280
19.640
19.720
19.780
19.990
20.350
20.400
20.480
20.710
20.900
21.070
21.430
21.500
21.580
21.790
22.150
22.510
22.560
22.870
22.920
23.220
23.270
23.320
23.470
23.580
23.630
23.770
23.940
23.990
24.040
24.300
24.600
24.650
25.010
25.370
25.580
25.730
25.790
26.090
26.450
26.570
26.800
26.870
26.920
27.170
27.360
27.520
27.700
27.880
28.240
28.600
28.650
28.950
29.000
29.060
29.320
