0.200
0.340
1.540
1.790
1.840
2.780
2.830
3.190
3.330
3.590
3.820
4.030
4.090
4.150
4.750
4.800
5.070
5.750
6.730
6.780
7.530
7.690
7.740
7.960
8.010
8.130
8.200
9.460
9.640
9.890
10.620
11.420
11.600
11.650
11.880
12.010
12.090
12.180
12.570
13.390
13.500
14.210
14.470
14.520
14.800
15.230
15.280
15.440
15.630
15.730
15.800
15.900
15.950
16.440
17.320
17.390
18.390
18.440
18.850
19.080
19.200
19.330
19.490
19.560
20.310
20.680
21.280
22.050
22.240
22.760
23.190
23.400
23.680
23.740
24.180
25.070
25.120
26.100
26.550
26.900
27.080
27.130
27.380
27.560
28.030
28.690
29.010
