0.200
1.160
1.340
1.410
1.460
1.570
1.650
1.700
1.810
1.870
1.930
1.990
2.050
2.160
2.240
2.290
2.390
2.460
2.510
2.560
2.620
2.700
2.750
2.820
2.870
2.920
2.980
3.040
3.090
3.210
3.270
3.440
3.560
3.610
3.680
3.790
3.910
3.960
4.180
4.300
4.650
4.890
4.980
5.030
5.180
5.270
5.880
5.980
6.050
6.230
6.340
6.400
6.700
6.750
6.810
7.070
7.120
7.450
7.640
7.790
7.980
8.090
8.140
8.570
8.680
8.850
8.940
9.190
9.360
9.410
9.530
9.890
10.240
10.590
10.760
10.950
11.140
11.290
11.470
11.630
11.830
11.990
12.330
12.690
12.880
13.040
13.090
13.390
13.490
13.570
13.750
13.930
14.080
14.270
14.420
14.560
14.720
14.780
14.970
15.020
15.110
15.220
15.420
15.590
15.740
15.820
15.980
16.050
16.200
16.310
16.700
16.810
16.950
17.160
17.230
17.500
17.550
17.670
17.850
17.960
18.150
18.220
18.440
18.490
18.590
18.680
18.740
19.050
19.170
19.330
19.550
19.620
19.790
19.960
20.010
20.300
20.350
20.500
20.670
20.900
21.050
21.250
21.460
21.510
21.860
21.960
22.090
22.290
22.730
22.970
23.100
23.150
23.320
23.600
23.830
24.040
24.140
24.310
24.480
24.560
24.610
24.700
24.910
25.130
25.250
25.330
25.380
25.490
25.570
25.780
26.000
26.230
26.440
26.660
26.870
27.080
27.280
27.380
27.470
27.570
27.660
27.760
27.840
28.020
28.200
28.360
28.540
28.720
28.890
29.090
29.240
29.410
29.590
29.770
29.850
29.940
30.120
30.210
30.290
30.460
30.550
30.640
30.810
30.990
31.170
31.330
31.510
31.680
31.850
32.030
32.200
32.380
32.560
32.730
32.910
33.000
33.090
33.180
33.260
33.340
33.430
33.610
33.780
33.960
34.140
34.300
34.480
34.660
34.830
35.000
35.190
35.350
35.530
35.700
35.880
36.060
36.220
36.400
36.580
36.740
36.920
37.090
37.270
37.450
37.620
37.790
37.980
