0.180
0.340
0.590
0.840
1.080
1.580
1.730
1.830
2.080
2.340
2.580
2.830
3.070
3.470
3.570
3.820
3.870
4.070
4.320
4.570
4.820
5.070
5.570
5.710
5.820
6.070
6.320
6.560
6.810
7.060
7.450
7.560
7.810
8.060
8.310
8.560
8.810
9.060
9.550
9.700
9.810
10.050
10.310
10.550
10.800
11.050
11.440
11.550
11.790
11.840
12.040
12.300
12.540
12.790
13.040
13.540
13.690
13.790
14.040
14.290
14.450
14.540
14.780
15.030
15.190
15.430
15.530
15.690
15.780
15.940
16.030
16.280
16.540
16.780
16.920
17.030
17.280
17.410
17.530
17.650
17.700
17.780
17.930
18.030
18.280
18.400
18.530
18.770
18.910
19.020
19.170
19.270
19.420
19.520
19.650
19.770
19.920
20.020
20.270
20.520
20.770
20.900
21.020
21.270
21.400
21.520
21.640
21.690
21.760
21.910
22.010
22.260
22.390
22.520
22.760
22.900
23.010
23.160
23.260
23.410
23.510
23.670
23.760
23.910
24.000
24.260
24.510
24.750
24.890
25.000
25.250
25.390
25.500
25.630
25.680
25.750
25.900
26.000
26.250
26.370
26.500
26.750
26.890
27.000
27.140
27.240
27.390
27.500
27.620
27.670
27.740
27.890
28.000
28.240
28.500
28.740
28.880
28.990
29.240
29.370
29.490
29.620
29.670
29.740
29.890
29.990
30.240
30.360
30.410
30.490
30.730
30.980
31.130
31.230
31.390
31.480
31.640
31.730
31.890
31.980
32.230
32.480
32.720
32.860
32.970
33.100
33.220
33.360
33.470
33.600
33.650
33.720
33.850
33.970
34.090
34.220
34.350
34.470
34.610
34.720
34.860
34.970
35.090
35.140
35.220
35.360
35.470
35.590
35.710
35.840
35.960
36.010
36.090
36.210
36.470
36.710
36.840
36.960
37.080
37.210
37.460
37.590
37.710
37.830
37.960
38.080
38.200
38.350
38.450
38.710
38.960
39.080
39.130
39.200
39.360
39.450
39.700
39.830
39.950
40.080
40.210
40.450
40.580
40.700
40.830
40.950
41.070
41.200
41.330
41.450
41.580
41.630
41.690
41.820
41.940
42.070
42.190
42.330
42.440
42.580
42.690
42.830
42.940
43.070
43.120
43.190
43.330
43.440
43.600
43.690
43.810
43.940
44.060
44.190
44.340
44.440
44.680
44.820
44.930
45.060
45.180
45.320
45.430
45.560
45.610
45.680
45.810
45.930
46.050
46.180
46.430
46.550
46.680
46.930
47.180
47.430
47.580
47.670
47.930
48.170
48.420
48.670
48.790
48.920
49.040
49.170
49.290
49.410
49.560
49.610
49.670
49.790
49.910
50.040
50.160
50.320
50.420
50.660
50.800
50.910
51.040
51.090
51.160
51.300
51.410
51.540
51.660
51.780
51.910
52.030
52.160
52.300
52.410
52.650
52.790
52.910
53.030
53.150
53.410
53.530
53.580
53.650
53.780
53.860
53.910
54.030
54.150
54.400
54.510
54.650
54.800
54.900
55.030
55.080
55.150
55.300
55.400
55.550
55.650
55.900
