2.220
2.520
2.720
2.920
3.090
3.270
3.440
3.610
3.790
3.950
4.130
4.300
4.500
4.670
4.860
4.990
5.170
5.330
5.500
5.670
5.850
6.020
6.190
6.360
6.560
6.750
6.900
7.080
7.240
7.400
7.600
7.800
7.970
8.120
8.270
8.450
8.620
8.820
8.980
9.160
9.330
9.520
9.780
10.020
10.260
10.460
10.730
11.040
11.390
11.650
11.880
12.100
12.340
12.520
12.720
12.960
13.190
13.450
13.760
14.300
14.920
15.210
15.460
15.670
15.830
15.990
16.130
16.170
16.280
16.410
16.450
16.710
16.860
16.940
17.040
17.150
17.350
17.610
17.840
18.000
18.240
18.460
18.770
18.870
19.170
19.330
19.400
19.490
19.640
19.790
19.850
19.930
20.010
20.080
20.230
20.390
20.520
20.670
20.850
21.010
21.160
21.370
21.610
21.820
22.030
22.280
22.560
22.720
22.870
22.910
23.040
23.230
23.430
23.630
23.800
23.850
23.890
24.000
24.190
24.600
24.650
24.790
24.980
25.130
25.330
25.500
25.720
25.850
26.010
26.140
26.340
26.510
26.700
26.880
27.030
27.090
27.230
27.270
27.410
27.640
27.770
27.960
28.130
28.270
28.410
28.510
28.630
28.670
28.830
29.010
29.190
29.350
29.520
29.720
29.850
29.890
29.980
30.130
30.180
30.390
30.550
30.730
30.890
31.100
31.270
31.450
31.640
31.880
32.060
32.260
32.480
32.560
32.770
32.990
33.260
33.660
33.750
33.940
34.120
34.300
34.460
34.620
34.780
34.950
35.110
35.260
35.430
35.590
35.780
35.950
36.120
36.270
36.430
36.590
36.730
36.900
37.080
37.230
37.420
37.570
37.830
37.870
38.050
38.210
38.360
38.490
38.650
38.810
38.990
39.100
39.250
39.420
39.460
39.530
39.750
39.910
40.070
40.210
40.360
40.480
40.660
40.840
40.950
41.050
41.110
41.270
41.350
41.530
41.580
41.620
41.800
41.940
42.090
42.250
42.340
42.490
42.710
42.800
42.930
42.970
43.140
43.210
43.410
43.480
43.610
43.740
43.890
44.010
44.180
44.320
44.490
44.690
44.830
44.950
45.130
45.310
45.370
45.490
45.680
45.820
45.860
45.980
46.130
46.350
46.550
46.670
46.760
46.890
46.930
47.130
47.390
47.440
47.610
47.900
48.050
48.160
48.350
48.530
48.700
48.860
49.000
49.130
49.170
49.340
49.400
49.550
49.690
49.870
50.060
50.210
50.430
50.650
50.800
51.000
51.200
51.430
51.760
51.990
52.170
52.340
52.510
52.680
52.850
53.020
53.180
53.370
53.550
53.710
53.960
54.620
55.220
55.760
56.420
56.460
56.770
57.000
57.040
57.220
57.370
57.530
57.690
57.850
58.030
58.180
58.370
58.640
58.700
58.940
59.190
59.490
59.730
59.770
