0.330
0.770
1.160
1.550
1.680
1.790
1.900
2.250
2.640
3.030
3.420
3.870
4.270
4.710
5.200
5.830
6.360
6.790
7.030
7.200
7.430
7.600
7.770
7.990
8.190
8.250
8.360
8.560
8.750
8.970
9.140
9.360
9.520
9.750
9.930
10.150
10.350
10.750
10.980
11.080
11.140
11.180
12.060
12.560
13.010
13.430
13.540
13.650
13.770
13.870
14.360
14.610
14.820
15.010
15.050
15.290
15.490
15.670
15.890
16.090
16.290
16.500
16.660
16.700
16.930
17.140
17.320
17.540
17.720
17.920
17.960
18.120
18.310
18.510
18.720
18.910
19.050
19.100
19.140
19.270
19.470
19.650
19.870
20.240
20.430
20.840
21.040
21.220
21.430
21.680
21.870
22.080
22.270
22.460
22.670
22.850
23.040
23.290
23.480
23.680
23.880
24.100
24.230
24.480
24.630
24.740
24.870
25.020
25.150
25.270
25.390
25.460
25.630
25.670
25.780
25.900
26.040
26.150
26.250
26.440
26.710
26.840
26.980
27.050
27.230
27.370
27.500
27.620
27.750
27.870
28.030
28.290
28.380
28.420
28.500
28.650
28.740
28.830
