0.060
0.200
0.365
0.545
0.790
1.100
1.270
1.395
1.570
1.700
1.990
2.170
2.300
2.460
2.600
2.765
2.910
3.050
3.190
3.500
3.670
3.795
4.100
4.390
4.705
4.860
5.005
5.145
5.305
5.590
5.800
5.900
6.040
6.195
6.500
6.560
6.790
6.975
7.035
7.100
7.400
7.725
7.990
8.300
8.470
8.595
8.900
9.050
9.090
9.190
9.500
9.660
9.800
9.965
10.390
10.700
10.870
10.995
11.170
11.300
11.590
11.770
11.900
12.060
12.200
12.360
12.510
12.650
12.790
13.100
13.270
13.395
13.700
13.990
14.300
14.605
14.910
15.190
15.500
15.645
15.795
16.100
16.390
16.575
16.690
16.745
16.840
16.995
17.135
17.295
17.435
17.590
17.900
18.070
18.195
18.400
18.500
18.790
19.100
19.285
19.405
19.565
19.870
19.990
20.305
20.465
20.595
20.900
21.190
21.370
21.500
21.670
21.805
21.960
22.030
22.110
22.390
22.700
22.875
22.995
23.300
23.470
23.590
23.905
24.060
24.205
24.345
24.505
24.665
24.790
25.005
25.100
25.275
25.395
25.625
25.700
25.775
25.845
25.990
26.305
26.455
26.605
26.760
26.915
27.065
27.190
27.500
27.665
27.795
27.955
28.100
28.280
28.390
28.580
28.705
28.855
29.005
29.260
29.375
29.590
29.655
29.900
