0.010
0.280
0.545
0.800
1.085
1.355
1.625
1.900
2.165
2.435
2.710
2.980
3.115
3.245
3.520
3.790
4.060
4.330
4.600
4.870
5.140
5.405
5.680
5.950
6.220
6.490
6.625
6.760
7.035
7.300
7.430
7.550
7.585
7.845
7.980
8.110
8.385
8.640
8.925
9.195
9.370
9.465
9.735
10.005
10.275
10.545
10.815
11.015
11.355
11.540
11.625
11.760
11.810
11.905
12.170
12.435
12.705
12.975
13.250
13.520
13.790
14.055
14.330
14.600
14.870
15.005
15.140
15.275
15.405
15.680
15.955
16.220
16.505
16.765
17.035
17.305
17.575
17.845
18.020
18.115
18.355
18.655
18.925
19.095
19.330
19.465
19.735
19.960
20.275
20.415
20.545
20.815
21.085
21.355
21.625
21.895
22.165
22.435
22.710
22.975
23.245
23.520
23.655
23.790
23.925
24.055
24.330
24.600
24.735
24.790
24.870
25.140
25.410
25.685
25.865
25.955
26.225
26.415
26.455
26.765
27.035
27.305
27.575
27.720
27.850
27.980
28.075
28.385
28.655
28.770
28.930
29.060
29.195
29.465
29.735
