0.010
0.120
0.235
0.350
0.450
0.570
0.690
0.800
0.905
1.015
1.125
1.235
1.345
1.465
1.570
1.700
1.800
1.910
2.020
2.135
2.250
2.360
2.470
2.580
2.695
2.810
2.920
3.030
3.145
3.255
3.370
3.485
3.595
3.710
3.820
3.935
4.040
4.150
4.265
4.375
4.490
4.600
4.710
4.825
4.940
5.050
5.165
5.280
5.385
5.500
5.610
5.725
5.830
5.940
6.060
6.165
6.280
6.395
6.500
6.615
6.730
6.840
6.955
7.060
7.180
7.285
7.510
7.625
7.730
7.850
7.955
8.070
8.175
8.405
8.515
8.625
8.850
8.965
9.070
9.295
9.415
9.520
9.745
9.860
9.965
10.190
10.310
10.415
10.640
10.755
10.860
11.085
11.205
11.310
11.535
11.650
11.755
11.980
12.095
12.205
12.430
12.545
12.655
12.880
12.995
13.105
13.325
13.445
13.550
13.775
13.890
13.995
14.225
14.340
14.445
14.675
14.785
14.895
15.015
15.120
15.235
15.345
15.570
15.685
15.790
16.015
16.135
16.235
16.460
16.580
16.685
16.805
16.910
17.025
17.135
17.360
17.475
17.580
17.700
17.805
17.925
18.025
18.250
18.370
18.475
18.700
18.815
18.920
19.150
19.265
19.370
19.595
19.710
19.815
