0.205
0.325
0.390
0.980
1.260
1.385
1.455
1.525
1.650
1.935
2.065
2.370
2.490
2.630
2.930
3.060
3.195
3.490
3.605
3.675
3.760
3.890
4.185
4.305
4.610
4.730
4.870
5.175
5.310
5.430
5.735
5.845
5.920
5.995
6.130
6.290
6.405
6.525
6.830
6.960
7.095
7.400
7.530
7.660
7.815
7.960
8.070
8.150
8.225
8.360
8.645
8.765
8.920
9.055
9.120
9.175
9.235
9.315
9.895
10.040
10.115
10.190
10.305
10.375
10.455
10.580
10.860
11.000
11.280
11.410
11.550
11.845
11.970
12.105
12.255
12.405
12.495
12.570
12.660
12.790
13.075
13.220
13.510
13.630
13.780
14.080
14.195
14.340
14.630
14.730
14.805
14.890
15.025
15.320
15.455
15.745
15.865
16.010
16.320
16.435
16.565
16.720
16.855
16.975
17.055
17.125
17.265
17.545
17.675
17.820
17.960
18.080
18.235
18.665
18.805
19.090
19.210
19.275
19.355
19.485
19.765
19.905
20.190
20.320
20.460
20.750
20.880
21.020
21.310
21.425
21.490
21.575
21.715
21.990
22.125
22.320
22.415
22.550
22.680
22.980
23.095
23.160
23.245
23.460
23.525
23.725
23.815
23.945
24.230
24.365
24.495
24.665
24.785
24.930
25.210
25.340
25.490
25.620
25.770
25.900
26.045
26.110
26.165
26.230
26.320
26.465
26.595
26.725
26.795
26.875
27.015
27.145
27.720
28.010
28.120
28.185
28.270
28.400
28.635
28.690
28.825
29.095
29.230
29.300
29.385
29.690
29.805
29.935
