0.160
0.550
0.935
1.125
1.320
1.515
1.710
1.910
2.100
2.300
2.490
2.685
2.880
3.075
3.270
3.465
3.665
3.855
4.055
4.245
4.440
4.600
4.760
4.830
5.025
5.085
5.335
5.610
5.805
5.870
6.000
6.125
6.195
6.295
6.395
6.585
6.780
6.975
7.170
7.365
7.560
7.755
7.945
8.140
8.335
8.530
8.725
8.925
9.115
9.205
9.310
9.510
9.705
9.895
10.090
10.290
10.450
10.675
10.875
11.065
11.260
11.325
11.455
11.650
11.845
12.040
12.235
12.430
12.625
12.820
13.020
13.210
13.405
13.600
13.790
13.985
14.180
14.375
14.570
14.770
14.870
14.960
15.160
15.350
15.550
15.745
15.940
16.130
16.325
16.525
16.720
16.910
17.110
17.300
17.495
17.690
17.885
18.075
18.275
18.470
18.645
18.860
19.055
19.260
19.410
19.640
19.835
