2.535
2.825
3.290
3.380
3.420
3.665
3.765
3.845
4.100
4.135
4.205
4.405
4.655
6.095
6.575
6.735
6.800
6.940
7.005
7.080
7.180
7.570
7.690
7.765
7.960
8.290
8.570
8.640
8.705
8.840
8.930
9.110
9.225
9.495
9.650
9.795
9.855
10.020
10.305
10.510
10.680
10.895
11.240
11.595
11.785
12.830
13.015
13.330
13.395
14.915
15.445
15.535
15.590
15.685
15.930
16.045
16.140
16.570
16.695
16.755
17.095
17.620
20.120
20.210
20.465
20.735
20.830
20.965
21.040
21.115
21.305
21.400
21.610
21.650
21.740
21.910
22.155
22.205
22.560
22.645
22.685
22.820
23.000
23.200
23.305
23.500
23.655
23.715
23.830
23.905
24.055
24.580
24.755
24.845
25.245
25.395
25.485
25.615
25.670
25.740
26.855
26.975
27.065
27.160
27.230
27.720
28.415
28.520
28.555
28.640
28.735
28.800
29.560
29.780
