0.160
0.335
0.540
0.845
1.300
1.660
2.035
2.150
2.455
2.550
2.615
2.795
2.865
2.955
3.115
3.195
3.240
3.280
3.405
3.530
3.565
3.770
3.810
3.935
4.070
4.290
4.535
4.685
4.750
4.845
5.040
5.265
5.310
5.405
5.445
5.630
5.795
5.845
5.995
6.120
6.180
6.240
6.430
6.540
6.905
6.990
7.290
7.355
7.535
7.705
7.790
7.915
8.040
8.170
8.270
8.450
8.610
8.790
8.835
8.940
9.000
9.155
9.350
9.540
9.600
9.935
9.990
10.120
10.220
10.295
10.500
10.680
10.770
11.130
11.440
11.495
11.835
12.165
12.340
12.540
12.930
13.050
13.285
13.485
13.670
13.725
13.815
13.970
14.050
14.335
14.445
14.690
14.780
14.980
15.090
15.260
15.410
15.545
15.730
15.935
16.010
16.090
16.290
16.535
16.670
16.740
17.030
17.070
17.125
17.170
17.325
17.420
17.500
17.560
17.625
17.800
17.835
18.020
18.275
18.420
18.625
18.700
18.795
18.915
19.060
19.120
19.220
19.290
19.650
19.720
19.865
20.030
20.230
20.405
20.810
20.875
21.230
21.445
21.540
21.780
21.835
21.900
22.050
22.310
22.560
22.675
22.770
22.960
23.005
23.125
23.335
23.420
23.550
23.600
23.790
24.070
24.200
24.300
24.500
24.785
24.915
25.030
25.085
25.160
25.265
25.360
25.530
25.625
25.860
26.040
26.090
26.155
26.210
26.420
26.800
26.870
27.200
27.345
27.655
27.735
27.840
27.930
28.085
28.215
28.295
28.340
28.550
28.625
28.705
28.755
29.085
29.240
29.555
29.590
29.655
29.840
29.910
30.085
30.160
30.340
30.545
30.580
30.955
31.005
31.085
31.290
31.335
31.460
31.675
31.760
31.885
32.040
32.120
32.255
32.420
32.520
32.620
32.790
32.830
33.165
33.435
33.510
33.550
33.795
33.850
