0.055
0.145
0.270
0.430
0.485
0.650
0.725
0.815
1.070
1.320
1.525
1.605
1.870
2.115
2.425
2.670
2.925
3.200
3.430
3.685
3.975
4.140
4.220
4.510
4.785
5.025
5.215
5.310
5.550
5.770
5.980
6.080
6.180
6.345
6.445
6.610
7.120
7.365
7.630
7.880
8.135
8.400
8.610
8.680
9.175
9.215
9.485
9.720
10.005
10.245
10.470
10.510
10.795
11.035
11.320
11.580
11.855
12.035
12.160
12.200
12.380
12.550
12.625
12.905
13.175
13.400
13.440
13.715
13.955
14.205
14.465
14.735
14.820
14.925
14.990
15.205
15.310
15.535
15.580
15.755
15.810
16.010
16.075
16.290
16.605
16.815
17.180
17.370
17.710
17.750
17.950
18.250
18.545
18.710
18.875
18.930
19.020
19.065
19.295
19.615
19.845
20.115
20.165
20.385
20.670
20.815
20.930
21.035
21.165
21.430
21.735
21.910
21.970
22.095
22.245
22.380
22.485
22.780
22.870
23.025
23.195
23.275
23.540
23.755
23.855
23.915
23.965
24.060
24.310
24.495
24.560
24.600
24.750
25.020
25.090
25.345
