0.130
0.340
0.560
0.995
1.280
1.420
1.685
1.855
2.140
2.295
2.540
2.740
2.915
3.000
3.105
3.175
3.445
3.610
4.055
4.505
4.920
5.210
5.365
5.645
5.805
6.105
6.235
6.485
6.685
6.955
7.120
7.455
7.570
7.995
8.030
8.305
8.440
8.735
8.900
9.185
9.340
9.525
9.645
9.780
10.205
10.500
10.645
11.085
11.530
11.955
12.245
12.395
12.680
12.845
13.270
13.730
14.000
14.145
14.585
15.025
15.440
15.685
15.725
15.860
16.175
16.335
16.500
16.770
17.195
17.625
18.060
18.510
18.805
18.925
19.200
19.365
19.650
19.820
20.100
20.255
20.505
20.695
20.745
21.125
21.565
22.015
22.440
22.730
22.815
22.885
23.175
23.330
23.715
23.770
24.195
24.630
25.075
25.460
25.520
25.815
25.940
26.235
26.390
26.675
26.835
27.090
27.270
27.705
27.920
28.135
28.570
29.005
29.430
29.730
29.875
30.165
30.320
30.625
30.750
30.925
31.195
31.625
32.065
32.505
32.930
33.235
33.380
33.665
33.820
34.260
34.535
34.720
