0.730
1.150
1.575
2.410
3.250
3.670
4.090
4.505
4.925
5.765
6.605
7.445
8.280
9.125
9.960
10.380
10.800
11.640
12.060
12.905
13.525
13.600
14.160
15.245
15.400
16.675
16.890
16.960
17.055
17.215
17.280
17.520
17.765
18.255
18.610
18.785
19.040
19.165
20.470
20.625
21.045
21.285
21.465
21.540
21.885
22.125
22.195
22.305
22.725
22.950
23.140
23.560
23.840
23.980
24.115
24.400
24.745
24.825
25.085
25.205
25.390
25.495
25.655
25.915
26.110
26.290
26.495
26.915
27.340
27.600
27.755
28.025
28.180
28.415
28.600
28.690
28.735
29.015
29.430
29.730
29.815
29.980
30.120
30.275
30.595
30.670
