0.070
0.245
0.450
0.510
0.685
0.890
1.010
1.250
1.450
1.785
1.875
2.060
2.240
2.450
2.630
2.850
3.015
3.085
3.255
3.435
3.625
3.840
4.045
4.205
4.435
4.505
4.635
4.820
5.005
5.190
5.415
5.605
5.800
5.995
6.190
6.390
6.605
6.790
7.195
7.365
7.565
7.750
7.800
7.995
8.145
8.190
8.345
8.390
8.575
8.735
8.920
9.115
9.185
9.275
9.350
9.530
9.695
9.900
10.115
10.295
10.500
10.665
10.725
10.870
10.910
11.045
11.270
11.425
11.480
11.690
11.860
11.995
12.415
12.490
12.590
12.640
12.835
13.000
13.200
13.385
13.555
13.600
13.835
13.990
14.025
14.195
14.355
14.575
14.785
14.955
15.000
15.140
15.190
15.345
15.575
15.770
15.930
15.980
16.185
16.360
16.525
16.760
16.915
17.010
17.135
17.305
17.510
17.735
18.095
18.315
18.540
18.715
18.910
18.955
19.090
19.135
19.420
19.465
19.525
19.705
19.880
20.125
20.300
20.485
20.525
20.680
20.925
21.100
21.280
21.320
21.505
21.695
21.910
22.090
22.130
22.300
22.480
22.675
22.840
22.910
23.070
23.295
23.475
23.700
23.860
24.060
24.235
24.295
24.465
24.645
24.840
24.880
25.050
25.210
25.255
25.450
25.625
25.860
26.050
26.180
26.250
26.420
26.575
26.650
26.825
27.005
27.165
27.360
27.585
27.730
27.765
28.000
28.160
28.355
28.415
28.530
28.715
28.880
28.950
29.125
29.255
29.500
29.705
