0.010
0.060
0.260
0.380
0.735
1.065
1.240
1.310
1.695
1.840
2.060
2.915
3.100
3.160
3.315
3.485
3.690
3.830
3.885
4.250
4.580
4.780
5.060
5.260
5.330
5.705
6.080
6.230
6.295
6.385
6.440
6.645
6.765
6.830
6.970
7.150
7.340
7.560
7.885
8.945
9.850
10.055
10.200
10.395
10.725
10.905
11.260
11.440
11.530
11.695
11.780
11.890
12.335
12.660
12.865
13.435
13.780
14.315
14.350
14.540
14.860
14.950
15.050
15.135
15.255
15.445
15.760
16.125
16.295
16.355
16.450
16.585
16.645
16.910
16.970
17.170
17.335
17.525
17.695
17.880
18.160
18.430
18.480
18.720
18.805
18.990
19.095
19.450
19.835
19.995
20.120
20.205
20.545
20.925
21.005
21.095
21.255
21.395
21.470
21.675
22.010
22.135
22.240
22.320
22.755
22.905
23.070
23.285
23.790
24.155
24.330
24.505
24.830
25.080
25.245
25.520
25.800
26.260
26.535
26.670
26.925
27.025
27.075
27.260
27.415
27.555
27.700
27.760
27.940
28.110
28.250
28.440
28.625
28.795
29.155
29.190
29.370
29.435
29.510
