0.060
0.275
0.410
0.505
0.835
0.945
1.170
1.235
1.380
1.590
1.660
1.790
2.045
2.220
2.405
2.635
2.800
2.865
3.080
3.150
3.280
3.490
3.720
3.945
3.985
4.155
4.345
4.565
4.655
4.785
5.010
5.210
5.480
5.640
5.895
6.060
6.225
6.500
6.685
6.850
6.930
7.155
7.220
7.360
7.610
7.770
8.005
8.210
8.430
8.625
9.050
9.265
9.320
9.480
9.690
9.920
10.130
10.350
10.595
10.770
10.895
11.200
11.260
11.415
11.530
11.640
11.865
12.075
12.295
12.330
12.510
12.865
13.015
13.145
13.365
13.570
13.795
13.990
14.225
14.490
14.645
14.865
15.085
15.160
15.215
15.490
15.735
15.935
16.070
16.145
16.350
16.595
16.790
17.000
17.215
17.400
17.535
17.660
17.940
18.065
18.220
18.295
18.505
18.685
18.935
19.365
19.715
19.780
20.000
20.220
20.535
20.630
20.850
20.950
21.080
21.360
21.490
21.715
21.760
21.915
22.130
22.340
22.575
22.675
22.780
23.105
23.210
23.425
23.575
23.855
23.950
24.075
24.335
24.520
24.750
24.935
25.165
25.365
25.590
25.705
25.790
26.020
26.125
26.230
26.465
26.570
26.650
26.860
27.080
27.475
27.715
27.755
27.940
28.005
28.200
28.265
28.360
28.510
28.685
28.795
28.995
29.055
29.115
29.220
29.460
29.550
29.655
