0.030
0.165
0.695
0.730
1.160
1.655
2.145
2.495
2.635
3.110
3.610
4.095
4.420
4.555
5.035
5.090
5.485
5.840
5.990
6.070
6.470
6.790
6.920
7.250
7.385
7.860
8.180
8.315
8.655
8.800
9.150
9.285
9.580
9.760
10.055
10.210
10.405
10.690
10.875
11.010
11.180
11.640
11.985
12.150
12.445
12.510
12.640
12.805
12.960
13.105
13.440
13.605
13.825
13.880
13.945
14.100
14.410
14.555
14.900
15.055
15.095
15.385
15.540
15.850
16.010
16.305
16.495
16.530
16.785
16.955
17.280
17.425
17.680
17.750
17.920
18.145
18.235
18.360
18.395
18.445
18.560
18.715
18.875
19.185
19.345
19.700
19.845
20.015
20.165
20.300
20.655
20.790
20.855
21.120
21.225
21.375
21.595
21.750
22.060
22.220
22.450
22.555
22.680
22.970
23.125
23.310
23.520
23.635
23.680
23.940
24.100
24.380
24.445
24.580
24.890
25.040
25.100
25.345
25.495
25.700
25.795
25.950
26.245
26.315
26.415
26.500
26.750
26.905
27.290
27.395
27.775
27.870
27.960
28.210
28.360
28.665
28.850
29.320
