0.010
0.305
0.635
0.810
0.980
1.140
1.310
1.475
1.635
1.800
1.855
1.975
2.140
2.300
2.480
2.640
2.815
2.970
3.140
3.180
3.300
3.470
3.640
3.810
3.960
4.135
4.450
4.760
4.805
4.880
5.100
5.290
5.460
5.760
6.090
6.300
6.375
6.455
6.620
6.805
7.100
7.145
7.405
7.560
7.675
7.780
7.955
8.130
8.455
8.765
8.965
9.015
9.105
9.145
9.295
9.465
9.630
9.800
9.835
9.965
10.130
10.295
10.455
10.630
10.795
10.960
11.135
11.300
11.470
11.550
11.625
11.800
11.960
12.120
12.295
12.465
12.625
12.790
12.830
12.960
13.130
13.300
13.375
13.465
13.625
13.790
13.960
14.130
14.295
14.460
14.620
14.795
15.100
15.150
15.430
15.585
15.700
15.785
15.825
15.950
16.125
16.450
16.810
16.985
17.075
17.190
17.290
17.355
17.455
17.795
17.840
18.150
18.320
18.430
18.510
18.615
18.785
19.135
19.475
19.640
19.740
19.785
19.860
19.955
20.120
20.290
20.460
20.620
20.790
20.960
21.120
21.285
21.455
21.620
21.790
21.955
22.130
22.290
22.455
22.625
22.790
22.955
23.115
23.290
23.455
23.625
23.785
23.955
24.125
24.295
24.455
24.615
24.790
24.955
25.120
25.285
25.465
25.625
25.795
25.835
25.950
26.125
26.280
26.450
26.675
26.790
26.950
27.120
27.175
27.275
27.455
27.615
27.785
27.945
28.145
28.285
28.460
28.610
28.785
28.950
29.125
29.280
29.455
29.500
29.610
29.780
