29.235
30.540
30.695
31.245
32.720
32.925
33.165
33.225
33.335
39.860
44.260
46.140
57.645
57.850
67.800
71.145
71.370
71.415
71.535
71.575
71.610
71.760
71.985
72.075
73.475
74.430
76.650
77.055
77.180
77.245
77.305
82.335
82.780
83.165
84.835
85.155
85.385
85.485
85.680
86.790
92.070
93.275
94.190
94.290
94.485
94.585
94.655
94.905
94.985
95.025
95.065
95.270
95.365
95.465
95.560
95.715
95.770
95.825
95.880
95.940
96.005
96.060
96.130
96.195
96.270
96.350
96.425
96.525
96.615
96.715
96.825
96.935
97.015
97.075
97.180
97.270
97.310
97.380
97.415
97.475
97.510
97.615
97.865
97.950
98.055
98.485
98.880
99.140
99.320
99.485
99.610
99.705
99.740
102.030
102.340
104.565
104.995
105.250
105.405
105.650
105.735
105.835
106.185
106.360
106.435
106.565
106.850
106.990
107.325
109.020
109.400
109.440
110.000
110.290
110.585
110.690
111.460
111.540
111.635
112.185
112.815
112.850
112.915
113.160
113.380
113.490
113.620
113.795
113.870
113.905
114.095
114.355
114.425
114.525
114.595
114.710
114.780
114.855
114.995
115.175
115.465
115.555
115.715
115.875
116.155
116.425
116.505
116.570
116.695
116.845
117.005
117.070
117.190
117.230
118.710
122.170
122.680
123.925
124.660
125.410
125.520
125.645
125.835
125.985
126.150
126.390
126.610
127.940
128.270
128.350
129.925
130.520
131.125
131.900
132.635
132.935
133.050
133.240
133.410
133.605
133.855
133.915
134.015
134.085
134.510
134.730
135.035
135.100
135.190
135.315
135.405
135.530
135.585
135.650
135.730
135.775
135.840
135.900
136.130
136.275
136.395
136.470
136.740
136.790
136.960
137.055
137.140
137.320
137.415
137.580
137.785
137.835
137.895
138.010
138.120
138.215
138.315
138.520
138.735
138.965
139.285
139.360
139.505
139.640
139.695
139.905
140.020
140.105
140.220
140.335
140.615
140.880
140.980
141.060
141.255
141.425
141.495
141.570
141.705
141.760
141.925
142.045
142.135
142.235
142.415
142.450
142.510
142.565
142.895
143.050
143.185
143.255
143.310
143.425
143.530
143.590
143.665
143.720
143.835
143.895
143.960
144.130
144.220
144.290
144.370
144.430
144.515
144.580
144.810
144.865
144.960
145.030
145.090
145.210
145.340
145.375
145.505
145.585
145.630
145.725
145.795
145.845
145.910
146.080
146.215
146.280
146.330
146.400
146.460
146.495
146.530
146.575
146.715
146.785
146.845
146.910
147.030
147.090
147.150
147.210
147.275
147.340
147.405
147.465
147.535
147.975
