4.055
4.585
4.815
4.975
8.385
8.955
9.085
9.260
9.340
9.430
9.615
9.705
9.950
10.020
10.090
10.220
10.285
10.350
10.410
10.535
12.785
13.415
13.535
13.790
13.880
13.935
15.000
15.085
15.210
15.290
15.370
15.455
17.840
18.625
20.475
20.610
20.695
22.680
23.610
23.725
24.115
24.290
25.275
26.690
27.830
28.075
29.795
29.870
30.840
31.580
31.655
31.890
32.200
32.655
32.750
34.105
34.570
34.675
35.565
35.950
36.235
36.505
36.725
36.995
37.065
37.105
37.490
38.600
38.850
38.915
39.000
39.780
39.860
39.945
40.030
40.105
40.205
40.275
40.365
40.540
40.620
40.870
41.040
41.225
41.305
41.390
41.470
41.555
41.635
41.720
41.805
41.885
41.970
42.050
42.135
42.220
42.300
42.385
42.465
42.550
42.635
42.990
43.655
43.825
45.600
45.860
46.490
47.450
47.655
47.980
50.060
50.395
50.535
50.600
50.660
50.965
51.040
51.165
51.225
51.290
51.415
51.475
51.535
51.600
51.975
52.215
52.440
52.650
52.945
52.990
53.090
53.235
53.355
53.445
53.540
53.625
53.805
53.875
53.985
54.080
54.165
54.255
54.455
54.565
54.630
54.800
54.885
55.050
55.300
55.715
55.795
56.315
56.565
56.650
57.125
57.295
57.375
57.545
57.625
57.710
57.840
58.045
58.125
58.210
58.295
58.390
58.455
58.545
58.625
58.705
58.790
58.860
58.945
59.145
59.225
59.310
59.375
59.455
59.540
59.625
59.745
59.850
59.925
60.020
60.100
60.185
60.265
60.350
60.430
60.610
61.075
61.270
61.400
61.635
61.985
62.095
62.160
62.255
62.340
62.510
63.175
63.245
63.325
63.580
63.710
63.775
63.935
64.045
64.175
64.305
64.480
64.685
64.760
65.070
65.260
65.360
65.440
65.620
65.800
65.960
67.315
67.540
67.780
69.440
69.725
70.000
70.215
70.800
70.920
71.105
71.195
71.335
71.585
71.790
71.875
71.965
72.065
72.245
72.585
72.995
73.265
73.345
73.510
73.570
74.240
74.485
74.580
74.670
