0.010
0.165
0.200
0.265
0.495
0.575
0.650
0.705
0.910
0.985
1.055
1.125
1.240
1.300
1.540
1.620
1.725
1.865
1.920
2.015
2.165
2.245
2.310
2.355
2.510
2.595
2.670
2.780
2.970
3.125
3.325
3.470
3.515
3.645
3.795
3.830
3.885
3.975
4.120
4.280
4.620
4.925
4.960
5.175
5.315
5.365
5.530
5.610
5.685
5.820
5.955
6.065
6.160
6.275
6.375
6.585
6.645
6.710
6.790
6.880
7.030
7.090
7.210
7.285
7.355
7.580
7.755
8.005
8.090
8.190
8.285
8.420
8.490
8.590
8.650
8.755
8.850
9.010
9.050
9.235
9.420
9.610
9.730
9.855
9.910
