0.155
0.405
0.660
0.910
1.420
1.575
1.675
1.925
2.190
2.435
2.690
2.945
3.355
3.450
3.705
3.960
4.220
4.465
4.725
4.975
5.485
5.640
5.745
5.995
6.255
6.505
6.760
7.010
7.425
7.520
7.770
8.030
8.285
8.540
8.795
9.045
9.555
9.710
9.810
10.065
10.325
10.570
10.825
11.080
11.490
11.590
11.840
12.095
12.355
12.605
12.860
13.115
13.620
13.780
13.880
14.130
14.385
14.545
14.635
14.890
15.140
15.300
15.555
15.650
15.810
15.905
16.065
16.160
16.420
16.680
16.920
17.180
17.435
17.690
17.860
17.940
18.200
18.450
18.715
18.955
19.220
19.375
19.465
19.635
19.730
19.855
19.975
20.140
20.235
20.485
20.745
20.990
21.250
21.505
21.760
21.890
21.930
22.010
22.265
22.520
22.780
23.025
23.285
23.440
23.535
23.705
23.790
23.950
24.045
24.300
24.555
24.815
25.060
25.315
25.570
25.825
26.000
26.075
26.335
26.585
26.850
27.095
27.355
27.510
27.605
27.770
27.865
28.020
28.110
28.265
28.375
28.620
28.885
29.125
29.385
29.640
29.895
30.065
30.145
30.400
30.655
30.815
30.910
31.160
31.420
31.575
31.670
31.830
31.925
32.085
32.185
32.340
32.435
32.690
32.950
33.195
33.450
33.705
33.960
34.130
34.210
34.470
34.720
34.980
35.225
35.485
35.645
35.740
35.900
35.995
36.245
36.505
36.765
37.015
37.260
37.525
37.775
38.030
38.165
38.280
38.475
38.540
38.795
39.045
39.300
39.555
39.715
39.810
39.970
40.065
40.315
40.475
40.570
40.830
41.085
41.330
41.585
41.840
42.095
42.265
42.345
42.605
42.855
43.115
43.365
43.620
43.780
43.875
44.035
44.130
44.290
44.380
44.545
44.640
44.890
45.150
45.395
45.655
45.910
46.165
46.335
46.415
46.675
46.925
47.180
47.430
47.945
48.200
48.355
48.455
48.715
48.960
49.220
49.285
49.470
49.725
49.975
50.095
50.230
50.395
50.485
50.740
50.990
51.250
51.500
51.755
51.915
52.010
52.170
52.265
52.515
52.675
52.770
53.025
53.285
53.530
53.790
53.925
54.045
54.300
54.470
54.550
54.810
55.060
55.315
55.570
55.830
