0.020
0.520
0.680
0.860
1.020
1.180
1.350
1.480
1.830
1.970
2.150
2.310
2.490
2.630
2.780
2.940
3.130
3.290
3.430
3.600
3.740
4.080
4.230
4.390
4.580
4.740
4.890
5.040
5.220
5.400
5.570
5.700
5.880
6.010
6.480
6.650
6.840
7.180
7.290
7.330
7.460
7.640
7.790
7.940
8.450
8.790
8.940
9.000
9.100
9.280
9.760
9.940
10.270
10.390
10.450
10.730
10.770
11.370
11.710
11.880
12.220
12.350
12.690
12.790
12.860
13.150
13.330
13.650
14.280
14.650
14.750
14.810
15.200
15.300
15.630
15.790
15.930
16.130
16.280
16.620
16.810
16.940
17.080
17.250
17.600
17.770
17.920
18.090
18.200
18.240
18.670
18.740
18.900
19.090
19.210
19.530
19.570
19.700
19.850
20.030
20.190
20.500
20.660
20.990
21.140
21.340
21.470
21.640
21.760
21.930
22.070
22.170
22.430
22.580
23.050
23.400
23.560
23.960
24.030
24.190
24.510
24.680
24.860
25.020
25.170
25.350
25.470
25.820
25.940
26.100
26.280
26.480
26.590
26.750
27.080
27.230
27.390
27.570
27.690
27.890
28.000
28.300
28.360
28.530
28.690
28.820
29.010
29.140
29.340
29.480
29.610
29.650
29.810
29.930
30.280
30.410
30.580
30.760
