0.010
0.160
0.270
0.380
0.490
0.600
0.720
0.830
0.940
1.050
1.160
1.280
1.390
1.490
1.610
1.730
1.830
1.950
2.060
2.170
2.280
2.390
2.500
2.620
2.730
2.840
2.960
3.070
3.180
3.290
3.400
3.520
3.620
3.740
3.850
3.960
4.070
4.180
4.300
4.410
4.520
4.630
4.740
4.860
4.970
5.080
5.190
5.310
5.410
5.530
5.640
5.750
5.860
5.970
6.090
6.200
6.310
6.420
6.530
6.650
6.760
6.870
6.990
7.090
7.210
7.320
7.430
7.540
7.670
7.760
7.880
7.990
8.210
8.330
8.430
8.550
8.660
8.780
8.880
9.000
9.100
9.320
9.450
9.550
9.670
9.770
10.000
10.220
10.340
10.450
10.570
10.670
10.790
10.890
11.110
11.240
11.340
11.460
11.560
11.680
11.790
11.910
12.010
12.140
12.240
12.360
12.460
12.580
12.680
12.910
13.030
13.130
13.250
13.360
13.470
13.580
13.700
13.810
13.920
14.030
14.150
14.260
14.380
14.480
14.600
14.700
14.820
14.930
15.040
15.150
15.270
15.370
15.490
15.590
15.720
15.820
15.940
16.040
16.160
16.270
16.390
16.490
16.610
16.710
16.830
16.940
17.160
17.280
17.390
17.510
17.610
17.740
17.840
17.960
18.060
18.180
18.280
18.400
18.500
18.620
18.730
18.850
18.950
19.080
19.180
19.300
19.400
19.520
19.630
19.740
19.850
