0.110
0.360
0.620
0.890
1.020
1.180
1.410
1.680
1.940
2.070
2.220
2.470
2.730
3.000
3.130
3.270
3.520
3.790
4.060
4.180
4.330
4.580
4.850
5.110
5.240
5.380
5.640
5.900
6.170
6.300
6.440
6.690
6.960
7.230
7.350
7.750
8.020
8.290
8.420
8.560
8.730
8.820
8.860
9.040
9.090
9.510
9.790
9.880
10.110
10.160
10.400
10.920
11.080
11.190
11.450
11.740
11.980
12.240
12.510
12.650
12.780
13.040
13.300
13.550
14.100
14.360
14.900
15.110
15.160
15.410
15.680
15.940
16.200
16.470
16.740
17.010
17.140
17.250
17.470
17.520
17.770
17.950
18.000
18.070
18.230
18.320
18.470
18.580
18.860
19.120
19.370
19.910
20.170
20.260
20.430
20.690
20.960
21.230
21.380
21.480
21.750
22.020
22.170
22.550
22.800
23.050
23.350
23.600
23.860
24.130
24.390
