0.290
1.850
2.400
3.680
3.810
3.940
4.470
4.730
5.530
5.780
6.590
6.840
7.130
7.630
7.890
8.310
8.400
8.590
8.730
8.860
8.990
9.120
9.250
9.380
9.510
9.640
9.770
9.920
10.040
10.160
10.290
10.440
10.570
10.680
10.810
10.940
11.070
11.200
11.330
11.460
11.590
11.720
11.850
11.980
12.110
12.240
12.370
12.530
12.650
12.760
12.890
13.020
13.150
13.280
13.410
13.540
13.680
13.810
13.940
14.080
14.210
14.320
14.460
14.610
14.730
14.850
14.980
15.110
15.240
15.370
15.500
15.630
15.760
15.890
16.020
16.150
16.280
16.410
16.540
16.700
16.810
16.930
17.060
17.190
17.320
17.450
17.590
17.710
17.840
17.970
18.100
18.230
18.380
18.490
18.630
18.780
18.900
19.010
19.140
19.270
19.400
19.530
19.670
19.800
19.920
20.050
20.190
20.310
20.450
20.580
20.710
20.980
21.090
21.230
21.360
21.490
21.620
21.750
21.880
22.010
22.140
22.270
22.400
22.550
22.660
22.800
22.940
23.070
23.180
23.310
23.440
23.570
23.700
23.840
23.960
24.090
24.220
24.350
24.480
24.610
24.740
24.880
25.150
25.260
25.390
25.520
25.650
25.780
25.920
26.040
26.170
26.300
26.430
26.560
26.710
26.820
26.960
27.230
27.340
27.480
27.610
27.740
27.860
28.000
28.130
28.260
28.390
28.520
28.640
28.780
28.910
29.050
29.190
