0.190
0.580
0.960
1.160
1.350
1.560
1.750
1.940
2.130
2.240
2.330
2.520
2.710
2.910
3.110
3.280
3.630
3.690
4.080
4.470
4.630
4.670
4.790
4.870
5.130
5.520
5.630
5.900
6.000
6.440
6.610
6.810
7.000
7.200
7.390
7.590
7.780
7.980
8.170
8.360
8.550
8.750
8.950
9.230
9.350
9.730
9.920
10.120
10.310
10.440
10.910
10.960
11.100
11.490
11.690
11.870
12.070
12.270
12.470
12.670
12.850
13.050
13.250
13.430
13.630
13.820
14.020
14.230
14.410
14.600
14.790
14.980
15.210
15.380
15.580
15.740
15.970
16.160
16.360
16.550
16.750
16.940
17.150
17.340
17.400
17.910
18.100
18.320
18.570
18.670
18.890
19.080
19.290
19.500
19.670
19.860
