0.180
0.240
0.420
1.000
1.290
1.410
1.550
1.680
1.830
1.960
2.090
2.400
2.510
2.650
2.960
3.090
3.220
3.520
3.640
3.790
3.920
4.100
4.210
4.330
4.640
4.760
4.890
5.200
5.330
5.450
5.760
5.880
6.020
6.160
6.330
6.440
6.550
6.860
6.990
7.120
7.420
7.560
7.680
7.870
7.990
8.100
8.250
8.400
8.670
8.790
9.090
9.150
9.270
9.350
9.790
9.920
10.220
10.330
10.480
10.610
10.890
11.020
11.310
11.440
11.530
11.580
12.000
12.130
12.430
12.520
12.600
12.690
12.820
13.110
13.240
13.540
13.660
13.800
14.110
14.220
14.370
14.660
14.760
14.920
15.060
15.340
15.480
15.770
15.890
16.030
16.340
16.460
16.590
16.890
17.160
17.300
17.570
17.700
17.850
18.110
18.270
18.720
18.830
19.240
19.380
19.520
19.800
19.930
20.210
20.350
20.490
20.780
20.910
21.050
21.340
21.450
21.600
21.750
22.020
22.150
22.440
22.580
22.710
23.010
23.130
23.270
23.560
23.750
23.840
23.980
24.270
24.390
24.530
24.810
24.960
25.240
25.370
25.510
25.650
25.800
25.930
26.080
26.260
26.350
26.490
26.620
26.760
26.820
26.910
27.040
27.170
27.420
27.620
27.740
28.040
28.180
28.300
28.430
28.660
28.850
29.120
29.260
29.420
29.590
29.830
29.960
