0.010
0.200
0.400
0.600
0.800
1.000
1.200
1.400
1.600
1.800
2.000
2.200
2.400
2.600
2.800
3.000
3.200
3.400
3.600
3.800
4.000
4.200
4.400
4.600
4.800
5.000
5.210
5.400
5.610
5.800
6.010
6.200
6.400
6.600
6.800
7.000
7.210
7.400
7.610
7.800
8.010
8.200
8.410
8.600
8.810
9.010
9.210
9.400
9.610
9.810
10.000
10.210
10.320
10.410
10.610
10.810
11.010
11.210
11.410
11.610
11.710
11.810
12.010
12.210
12.410
12.610
12.810
13.010
13.100
13.210
13.410
13.610
13.800
14.010
14.210
14.410
14.490
14.610
14.810
15.010
15.180
15.220
15.410
15.530
15.610
15.810
16.010
16.210
16.410
16.570
16.610
16.810
17.010
17.210
17.410
17.610
17.810
17.950
18.020
18.210
18.420
18.610
18.760
18.820
19.010
19.220
19.370
19.410
19.610
19.810
20.010
20.210
20.410
20.610
20.820
21.010
21.210
21.420
21.620
21.810
22.010
22.210
22.420
22.610
22.820
23.020
23.220
23.420
23.600
23.710
23.810
23.910
24.010
24.110
24.210
24.310
24.410
24.510
24.610
24.710
24.810
24.910
25.010
25.110
25.210
