0.010
0.280
0.420
0.760
1.100
1.340
1.860
2.790
2.940
3.350
3.710
3.950
4.270
4.610
4.800
5.350
5.720
6.110
6.260
6.410
6.660
6.800
7.370
7.910
9.350
9.880
10.060
10.240
10.410
10.600
10.750
10.930
11.290
11.460
11.910
12.350
12.450
12.690
12.900
13.800
14.340
14.880
15.070
15.260
15.780
16.160
16.340
16.480
16.620
16.680
16.920
17.200
17.380
17.560
18.070
18.460
18.600
19.130
19.510
20.040
20.150
20.230
20.580
20.640
20.760
20.940
21.310
21.500
21.700
22.780
22.930
24.180
24.360
24.530
24.860
25.060
25.120
25.820
26.300
26.570
26.690
27.290
27.430
27.600
27.730
28.010
28.470
28.650
29.030
29.400
29.540
