0.020
0.160
0.330
0.660
0.830
1.000
1.360
1.660
1.840
2.000
2.170
2.330
2.510
2.670
2.850
3.010
3.170
3.330
3.500
3.670
3.840
3.990
4.160
4.480
5.130
5.320
5.490
6.120
6.490
6.650
6.830
7.180
7.440
7.810
7.980
8.160
8.490
8.790
9.320
9.490
9.660
9.830
9.870
9.990
10.160
10.330
10.490
10.660
10.830
10.990
11.170
11.320
11.500
11.650
11.830
11.990
12.150
12.320
12.490
12.650
12.820
12.990
13.160
13.320
13.490
13.660
13.820
13.980
14.160
14.330
14.490
14.650
14.820
15.130
15.450
15.850
15.980
16.160
16.480
17.220
17.310
17.490
17.830
18.170
18.640
18.820
19.170
19.500
19.770
19.980
20.150
20.320
20.490
20.650
20.830
20.950
20.990
21.150
21.310
21.480
21.640
21.820
21.980
22.160
22.320
22.490
22.650
22.820
22.980
23.150
23.310
23.500
23.650
23.820
23.990
24.150
24.320
24.490
24.650
24.710
24.810
24.980
25.150
25.320
25.500
25.650
25.830
25.980
26.160
26.310
26.480
26.650
26.700
26.830
26.980
27.150
27.310
27.480
27.640
27.820
27.970
28.170
28.320
28.490
28.640
28.770
28.810
28.980
29.090
29.310
29.480
29.640
29.810
