1.020
1.320
1.560
1.740
2.450
2.810
3.170
3.820
3.870
4.110
4.920
5.050
5.840
6.010
6.300
6.720
7.430
7.790
8.110
8.860
9.440
9.570
9.930
10.300
10.820
11.000
11.040
11.350
11.710
12.080
12.420
12.690
12.830
12.910
13.100
13.690
13.980
14.220
14.560
14.740
15.250
15.600
15.740
15.910
16.240
16.370
16.600
16.990
17.130
17.340
17.440
17.760
18.680
19.420
19.550
19.790
20.030
20.210
20.250
20.590
20.920
21.320
21.780
22.040
22.580
23.030
23.430
23.480
23.610
24.360
24.650
24.820
25.250
25.400
25.480
25.600
25.840
25.920
26.140
26.600
26.820
27.030
27.260
27.470
27.680
27.870
28.060
28.170
28.250
28.430
28.610
28.780
28.960
29.130
29.310
29.510
29.670
29.840
30.030
30.220
30.390
30.570
30.740
31.110
31.280
31.460
31.630
31.810
31.980
32.160
32.330
32.530
32.690
32.880
33.060
33.420
33.600
33.970
34.130
34.300
34.490
34.660
34.840
35.010
35.200
35.380
35.540
35.730
35.910
36.100
36.270
36.440
36.610
36.800
36.970
37.170
37.320
37.500
37.680
37.860
38.050
38.220
38.590
38.760
