0.932
0.938
1.000
0.850
1.000
0.944
0.933
1.000
0.895
0.956
0.976
0.944
1.000
1.000
0.984
1.000
1.000
1.000
0.818
0.967
1.000
0.706
0.920
1.000
0.973
1.000
1.000
0.600
0.875
0.909
0.909
1.000
0.939
1.000
1.000
1.000
1.000
0.917
1.000
0.909
0.952
0.857
0.471
1.000
1.000
1.000
0.750
1.000
1.000
1.000
1.000
0.946
1.000
1.000
1.000
1.000
0.000
1.000
1.000
0.833
0.973
0.925
1.000
0.980
0.977
1.000
0.973
1.000
1.000
1.000
0.741
0.833
0.852
0.833
1.000
0.971
1.000
0.789
0.909
0.950
1.000
0.955
1.000
1.000
0.750
0.951
1.000
1.000
0.929
1.000
0.978
1.000
0.861
0.980
0.981
0.981
0.971
0.944
0.903
1.000
1.000
1.000
1.000
1.000
1.000
1.000
1.000
1.000
1.000
1.000
1.000
1.000
0.983
1.000
1.000
1.000
1.000
0.981
1.000
0.980
1.000
0.976
1.000
1.000
1.000
1.000
1.000
1.000
1.000
1.000
1.000
1.000
1.000
1.000
0.969
0.981
1.000
1.000
1.000
1.000
1.000
1.000
1.000
1.000
0.984
1.000
1.000
0.979
1.000
0.978
0.987
0.904
0.974
0.995
0.971
0.992
1.000
0.000
0.909
1.000
1.000
1.000
1.000
1.000
1.000
1.000
1.000
0.867
0.995
0.988
1.000
1.000
0.943
0.986
0.977
0.750
1.000
0.962
1.000
0.989
0.714
1.000
1.000
0.997
0.000
1.000
1.000
0.943
1.000
1.000
0.950
0.850
1.000
1.000
1.000
1.000
1.000
0.991
1.000
1.000
1.000
1.000
1.000
0.983
1.000
1.000
1.000
1.000
1.000
1.000
0.923
1.000
1.000
0.977
1.000
1.000
1.000
1.000
0.923
1.000
1.000
1.000
1.000
1.000
1.000
1.000
0.979
1.000
0.520
0.989
0.987
1.000
0.971
1.000
1.000
1.000
1.000
1.000
0.969
1.000
1.000
0.985
1.000
0.986
0.981
1.000
0.973
0.968
0.842
0.993
0.979
0.995
0.992
1.000
0.981
1.000
0.900
1.000
1.000
0.989
1.000
0.989
1.000
0.948
1.000
0.894
0.833
1.000
0.929
0.955
1.000
1.000
1.000
1.000
0.909
1.000
1.000
1.000
1.000
0.978
1.000
0.947
1.000
1.000
0.923
1.000
1.000
0.938
0.923
0.966
1.000
0.957
0.976
1.000
1.000
0.984
1.000
0.792
1.000
0.789
1.000
0.989
1.000
0.977
0.940
1.000
1.000
1.000
1.000
1.000
1.000
1.000
1.000
0.998
0.976
1.000
0.000
1.000
1.000
1.000
1.000
