0.840
0.652
0.529
0.615
0.900
0.739
0.775
0.932
0.903
0.763
0.820
0.900
1.000
1.000
0.985
1.000
0.441
0.604
0.783
1.000
0.867
0.706
0.871
1.000
0.838
0.746
0.982
0.500
0.741
0.806
0.632
0.938
0.867
0.929
1.000
0.812
0.667
0.917
0.983
0.778
0.647
0.673
0.447
0.847
0.920
0.885
0.773
0.951
1.000
0.953
0.940
0.854
0.803
0.722
0.688
0.613
0.000
0.500
0.000
0.550
0.736
0.764
1.000
0.911
0.935
1.000
1.000
1.000
1.000
1.000
0.512
0.629
0.625
0.600
0.938
0.896
0.889
0.618
0.696
0.786
0.917
0.900
0.769
0.795
0.700
0.776
0.725
0.875
0.552
0.646
0.829
0.758
0.769
0.935
0.877
0.886
0.741
0.725
0.741
0.942
0.882
0.927
0.968
0.765
0.816
0.847
0.976
0.815
0.826
0.914
0.947
0.984
0.874
0.872
0.878
0.812
0.800
0.899
0.866
0.958
0.933
0.914
0.709
0.927
0.955
0.859
0.817
0.860
0.975
0.838
0.925
0.945
0.878
0.776
0.934
0.942
0.949
0.887
0.918
1.000
0.917
0.866
0.839
0.897
0.798
0.931
0.838
0.762
0.770
0.854
0.912
0.737
0.870
0.913
0.839
0.923
0.931
0.833
0.880
0.639
1.000
1.000
0.860
0.994
0.824
1.000
1.000
0.445
0.987
0.990
1.000
1.000
0.769
0.901
0.771
0.389
1.000
0.907
0.810
0.833
0.818
0.976
0.976
0.696
0.273
1.000
0.959
0.814
1.000
0.987
0.625
0.731
0.900
0.992
0.923
0.959
0.976
0.928
0.955
0.892
0.957
0.933
1.000
0.867
0.974
1.000
0.900
1.000
1.000
1.000
0.933
0.939
1.000
0.960
0.692
1.000
0.818
0.857
0.857
0.936
0.974
1.000
1.000
0.977
0.937
1.000
0.980
0.857
0.395
0.894
0.855
1.000
0.870
0.938
0.826
0.987
0.962
0.941
0.857
1.000
0.951
0.891
0.815
0.852
0.896
0.832
0.881
0.920
0.770
0.848
0.845
0.881
0.881
0.916
0.786
0.879
0.562
0.996
0.841
0.928
1.000
0.966
0.955
0.784
0.997
0.770
0.733
0.943
0.607
0.882
0.714
0.922
0.884
0.912
0.852
1.000
0.912
0.692
0.957
0.806
0.909
0.795
0.839
0.977
0.703
0.760
0.841
0.811
0.659
0.766
0.912
0.633
0.919
0.961
0.905
0.917
0.929
0.541
0.938
0.581
1.000
0.922
0.903
0.329
0.692
0.997
0.971
1.000
1.000
1.000
0.983
0.771
0.368
0.941
0.860
0.911
1.000
0.907
1.000
0.765
1.000
