0.778
0.696
0.391
0.516
0.550
0.615
0.886
0.816
0.439
0.759
0.778
0.895
1.000
1.000
0.985
1.000
0.867
0.914
0.783
0.674
1.000
0.632
0.794
1.000
0.755
0.646
0.740
0.667
0.810
0.920
0.327
0.736
0.778
0.743
0.290
0.867
0.169
0.679
1.000
0.639
0.537
0.712
0.236
0.650
0.494
0.267
0.750
0.635
0.143
0.981
0.982
0.905
0.917
0.338
0.415
0.467
0.059
0.123
0.014
0.135
0.750
0.897
0.938
0.939
0.953
0.953
1.000
0.982
0.950
1.000
0.700
0.548
0.541
0.562
0.891
0.896
0.528
0.522
0.762
0.411
0.786
0.700
1.000
0.678
0.741
0.812
0.592
0.385
0.548
0.413
0.955
0.863
0.854
0.964
0.980
1.000
0.870
0.971
0.960
1.000
0.976
1.000
0.935
1.000
0.983
0.807
1.000
0.904
0.940
1.000
1.000
1.000
0.949
1.000
0.964
1.000
0.968
0.948
1.000
0.983
0.941
0.918
0.833
0.978
0.915
0.909
0.957
0.854
0.985
0.945
0.911
0.978
0.980
0.952
0.882
0.983
1.000
0.871
0.984
0.949
0.962
1.000
0.790
0.971
0.911
0.674
0.909
0.899
0.662
0.963
0.959
0.762
0.948
0.988
0.974
0.993
1.000
0.800
0.558
0.697
1.000
0.996
0.786
0.872
0.940
1.000
0.955
0.695
0.990
0.982
0.561
1.000
0.873
0.993
1.000
1.000
0.867
0.910
1.000
1.000
0.386
0.843
1.000
0.661
0.156
1.000
1.000
0.707
1.000
1.000
0.913
0.704
0.958
1.000
0.982
1.000
1.000
1.000
0.976
1.000
1.000
0.917
0.994
1.000
1.000
1.000
1.000
1.000
1.000
1.000
0.933
0.939
1.000
1.000
0.630
1.000
0.800
1.000
1.000
0.950
1.000
0.944
1.000
0.900
1.000
1.000
0.947
1.000
0.824
1.000
0.976
1.000
0.939
0.956
1.000
0.993
0.871
0.938
1.000
1.000
0.970
1.000
0.682
1.000
0.982
0.931
0.973
0.948
0.818
0.897
0.968
0.994
0.931
0.970
0.895
0.918
0.401
1.000
0.946
0.992
0.913
0.905
0.976
0.861
1.000
0.885
0.246
0.402
0.183
0.400
1.000
1.000
0.765
0.879
0.333
0.865
0.951
0.957
1.000
1.000
0.959
0.600
0.723
0.857
0.439
0.978
0.962
0.889
0.276
0.685
0.957
0.400
0.730
0.972
1.000
1.000
0.962
0.299
0.352
0.453
1.000
0.895
0.952
0.189
0.702
1.000
0.990
1.000
1.000
1.000
1.000
0.947
0.064
1.000
1.000
1.000
0.833
0.977
1.000
0.656
1.000
