0.935
1.000
1.000
0.889
1.000
1.000
0.939
1.000
1.000
0.957
0.960
0.946
1.000
1.000
1.000
0.979
1.000
1.000
0.947
0.967
0.929
0.857
1.000
1.000
0.983
0.980
0.971
0.714
0.950
0.952
0.800
1.000
0.956
1.000
0.972
0.963
1.000
0.972
1.000
1.000
0.913
0.804
0.882
0.982
1.000
0.952
0.812
0.974
1.000
1.000
1.000
0.930
1.000
1.000
1.000
0.944
1.000
0.857
1.000
0.933
0.907
0.930
0.968
0.981
1.000
0.976
1.000
0.982
1.000
1.000
0.846
0.885
0.929
0.727
0.979
0.896
0.971
0.878
0.889
0.913
1.000
0.966
1.000
1.000
0.952
0.929
0.967
1.000
0.941
0.938
0.982
1.000
0.975
0.982
0.985
0.967
1.000
0.980
0.977
1.000
1.000
1.000
0.983
0.984
0.971
0.978
0.986
0.942
0.965
1.000
0.980
0.984
0.959
0.985
0.986
1.000
0.938
0.970
0.987
0.986
1.000
0.982
0.965
0.979
1.000
1.000
1.000
0.967
0.986
0.984
1.000
1.000
0.969
0.984
1.000
0.954
1.000
0.980
1.000
1.000
1.000
1.000
0.941
0.973
1.000
1.000
1.000
0.969
1.000
0.979
0.979
0.980
0.982
0.991
0.994
0.994
1.000
0.875
0.941
0.955
0.974
0.992
0.978
1.000
0.985
0.991
1.000
0.890
0.991
1.000
0.984
1.000
0.899
0.987
0.968
1.000
0.938
0.983
1.000
1.000
0.867
0.990
1.000
1.000
1.000
1.000
1.000
0.938
1.000
1.000
0.889
0.826
0.964
1.000
0.992
0.995
1.000
0.984
0.988
0.978
1.000
1.000
0.997
1.000
0.944
0.800
0.900
1.000
0.909
0.875
0.933
1.000
1.000
0.980
0.947
0.941
0.818
0.857
0.923
0.955
0.973
0.952
1.000
0.989
1.000
0.963
1.000
1.000
0.750
0.976
0.960
1.000
0.956
1.000
0.947
1.000
1.000
0.941
0.969
1.000
1.000
0.987
0.988
0.967
0.983
0.960
0.970
0.991
0.949
0.976
0.972
0.992
0.980
0.994
0.989
0.960
0.969
1.000
0.972
0.985
0.992
0.993
0.986
0.963
1.000
0.984
0.810
1.000
1.000
1.000
0.980
0.968
1.000
0.978
1.000
1.000
1.000
1.000
1.000
1.000
1.000
1.000
1.000
1.000
1.000
0.979
1.000
1.000
0.895
0.973
1.000
0.966
0.979
0.977
0.985
1.000
0.977
0.971
0.981
0.928
1.000
0.960
1.000
0.967
0.969
1.000
1.000
1.000
1.000
1.000
1.000
0.962
0.000
0.998
0.980
0.979
1.000
1.000
1.000
0.964
1.000
