0.190
0.300
1.830
1.940
1.990
2.080
2.130
2.220
2.270
2.320
2.370
3.660
3.790
3.920
5.510
6.580
8.580
8.700
8.830
8.960
9.100
9.220
9.350
9.490
9.620
9.750
9.890
10.020
10.140
10.270
10.410
10.540
10.660
10.790
10.920
11.050
11.180
11.310
11.440
11.570
11.700
11.830
11.960
12.090
12.220
12.350
12.500
12.630
12.740
12.870
13.000
13.130
13.260
13.390
13.520
13.650
13.780
13.910
14.060
14.190
14.300
14.430
14.580
14.710
14.820
14.950
15.080
15.210
15.350
15.480
15.600
15.740
15.870
16.000
16.130
16.260
16.390
16.520
16.660
16.790
16.910
17.040
17.170
17.300
17.430
17.560
17.690
17.820
17.950
18.080
18.210
18.350
18.470
18.610
18.750
18.880
18.990
19.120
19.250
19.380
19.510
19.650
19.770
19.900
20.030
20.160
20.290
20.420
20.550
20.600
20.690
20.830
20.960
21.070
21.210
21.330
21.460
21.590
21.640
21.730
21.860
21.990
22.110
22.250
22.370
22.520
22.630
22.680
22.770
22.910
23.040
23.160
23.290
23.420
23.550
23.680
23.810
23.940
24.070
24.200
24.330
24.460
24.590
24.720
24.770
24.850
25.000
25.130
25.240
25.370
25.500
25.630
25.760
25.890
26.020
26.150
26.280
26.410
26.540
26.690
26.800
26.940
27.080
27.210
27.320
27.450
27.580
27.710
27.840
27.890
27.980
28.110
28.230
28.360
28.500
28.620
28.760
28.880
28.930
29.020
29.160
29.290
