0.950
3.770
4.110
6.110
6.210
6.550
6.740
6.800
7.020
7.170
8.290
8.430
8.720
9.360
9.450
10.310
10.520
10.700
10.920
11.210
11.760
11.810
11.970
12.270
12.850
12.990
13.040
14.120
14.870
14.920
15.220
15.320
15.590
15.680
15.940
16.140
16.590
17.100
17.620
21.050
21.560
21.610
21.750
21.920
22.360
23.200
23.300
23.490
23.660
23.720
24.580
24.760
24.850
25.140
25.250
25.490
25.740
26.860
26.980
27.030
27.080
27.130
27.180
27.240
27.400
27.720
28.420
28.590
28.640
28.720
29.090
29.360
29.560
29.770
29.850
