0.080
0.340
0.600
0.860
1.000
1.130
1.390
1.620
1.670
1.920
2.050
2.190
2.450
2.710
2.980
3.240
3.500
3.770
4.030
4.160
4.300
4.560
4.820
5.090
5.230
5.350
5.610
5.880
6.150
6.280
6.420
6.670
6.940
7.200
7.470
7.730
8.000
8.260
8.390
8.540
8.690
8.790
8.840
8.920
9.000
9.050
9.290
9.340
9.480
9.590
9.750
9.850
10.090
10.140
10.380
10.530
10.630
10.680
10.850
10.900
11.060
11.170
11.430
11.700
11.960
12.220
12.490
12.760
13.010
13.280
13.520
13.690
13.810
13.860
14.070
14.340
14.390
14.580
14.630
14.820
14.870
15.130
15.280
15.390
15.660
15.920
16.180
16.330
16.450
16.710
16.980
17.110
17.220
17.340
17.440
17.500
17.730
17.780
17.920
18.030
18.200
18.300
18.440
18.560
18.820
18.960
19.090
19.320
19.370
19.580
19.630
19.720
19.770
19.880
20.150
20.240
20.290
20.410
20.670
20.940
21.200
21.350
21.440
21.730
21.990
22.130
22.260
22.520
22.650
22.780
23.030
23.150
23.320
23.580
23.830
23.880
24.100
24.370
