0.250
0.370
0.540
0.690
0.840
1.150
1.280
1.610
1.930
1.980
2.260
2.590
2.760
2.910
3.070
3.380
3.520
3.840
4.150
4.330
4.460
4.620
4.670
4.930
5.070
5.380
5.430
5.520
5.680
5.830
6.140
6.210
6.280
6.570
6.620
6.930
7.170
7.260
7.510
7.580
7.910
8.120
8.220
8.270
8.430
8.480
8.530
8.880
9.100
9.200
9.440
9.530
9.580
9.830
10.070
10.170
10.480
10.580
10.830
11.050
11.150
11.400
11.480
11.800
12.040
12.130
12.450
12.820
13.130
13.350
13.450
13.500
13.700
13.760
13.970
14.070
14.120
14.320
14.400
14.740
14.970
15.060
15.380
