0.160
0.550
1.300
1.670
2.040
2.790
3.540
3.930
4.290
4.680
4.860
5.040
5.410
5.790
6.180
6.540
6.910
7.290
7.670
8.040
8.430
8.610
8.790
9.160
9.350
9.540
9.920
10.290
10.670
11.050
11.440
11.800
12.170
12.540
12.920
13.290
13.480
13.680
14.040
14.420
14.780
15.180
15.550
16.100
16.290
16.670
17.030
17.420
17.570
17.630
17.790
18.170
18.550
19.290
19.660
20.050
20.410
20.810
21.540
21.910
22.300
22.490
22.660
23.420
23.800
24.170
24.920
25.220
25.670
26.050
26.420
26.800
27.190
27.550
27.930
28.300
28.690
29.050
29.440
29.800
30.160
30.540
30.920
31.660
32.050
32.410
32.790
33.160
33.550
33.910
