0.010
0.170
0.380
0.570
0.780
0.970
1.180
1.370
1.580
1.770
1.980
2.170
2.380
2.570
2.780
2.970
3.180
3.370
3.580
3.770
3.980
4.170
4.380
4.570
4.780
4.970
5.190
5.380
5.470
5.590
5.780
5.980
6.180
6.380
6.580
6.790
6.980
7.180
7.380
7.580
7.780
7.980
8.180
8.380
8.580
8.790
8.980
9.190
9.380
9.590
9.780
9.990
10.180
10.390
10.580
10.780
10.980
11.180
11.380
11.590
11.780
11.990
12.180
12.390
12.580
12.790
12.980
13.190
13.380
13.590
13.780
13.990
14.180
14.390
14.470
14.580
14.790
14.980
15.190
15.380
15.590
15.780
15.990
16.180
16.390
16.580
16.790
16.980
17.190
17.250
17.380
17.590
17.780
18.000
18.190
18.400
18.590
18.670
18.800
18.980
19.190
19.320
19.370
19.590
19.680
19.790
20.000
20.190
20.390
20.590
20.800
20.990
21.190
21.390
21.600
21.790
22.000
22.190
22.400
22.590
22.800
22.990
23.200
23.390
23.580
23.680
23.780
23.880
23.980
24.080
24.190
24.280
24.380
24.480
24.580
24.680
24.780
24.880
24.980
25.080
25.190
25.400
