0.010
0.120
0.890
1.110
1.860
1.960
2.020
2.130
2.550
2.940
3.040
3.430
3.520
3.850
3.900
4.010
4.080
4.190
4.860
4.970
5.110
5.330
5.450
5.620
5.720
5.810
5.960
6.930
7.030
7.580
7.670
7.760
7.890
7.940
8.400
8.670
8.860
9.590
9.680
9.840
9.890
10.360
10.490
10.590
10.710
10.800
10.850
11.330
11.480
11.560
11.610
11.890
12.300
12.770
13.600
13.770
13.820
13.870
14.190
14.300
14.510
14.810
14.880
15.220
15.740
15.790
15.880
16.000
16.110
16.320
16.440
16.620
16.750
16.870
16.960
17.030
17.080
17.360
17.470
17.720
17.840
17.980
18.230
18.720
18.820
19.010
19.140
19.440
19.660
19.790
19.900
20.000
20.110
20.630
21.480
21.600
21.700
21.760
22.130
22.380
22.610
22.880
22.980
23.270
23.370
23.550
23.600
23.720
25.110
25.360
25.610
25.680
25.760
26.140
26.580
26.680
27.580
27.700
27.810
27.940
28.060
