0.010
0.100
0.310
0.640
0.810
0.980
1.070
1.140
1.310
1.480
1.630
1.810
1.980
2.140
2.300
2.490
2.640
2.820
2.980
3.150
3.300
3.480
3.650
3.820
3.970
4.130
4.450
4.760
4.810
4.880
5.100
5.290
5.380
5.460
5.770
6.100
6.230
6.310
6.380
6.460
6.620
6.710
6.810
7.100
7.150
7.410
7.560
7.680
7.780
7.960
8.050
8.130
8.460
8.560
8.770
8.960
9.110
9.160
9.300
9.470
9.640
9.810
9.970
10.130
10.250
10.300
10.460
10.630
10.680
10.800
10.970
11.140
11.300
11.470
11.560
11.630
11.800
11.960
12.130
12.300
12.460
12.630
12.800
12.920
12.970
13.130
13.300
13.470
13.630
13.800
13.960
14.140
14.250
14.310
14.470
14.630
14.800
15.100
15.430
15.590
15.710
15.760
15.810
15.960
16.130
16.450
16.810
16.990
17.080
17.200
17.290
17.360
17.460
17.800
17.930
18.150
18.320
18.420
18.510
18.620
18.790
18.920
19.140
19.480
19.650
19.730
19.780
19.870
19.960
20.120
20.300
20.470
20.630
20.800
20.930
20.980
21.130
21.280
21.460
21.620
21.800
21.960
22.130
22.300
22.460
22.620
22.790
22.950
23.120
23.290
23.460
23.630
23.790
23.960
24.130
24.300
24.460
24.620
24.790
24.960
25.120
25.290
25.470
25.630
25.800
25.950
26.130
26.280
26.450
26.620
26.670
26.790
26.950
27.130
27.280
27.460
27.620
27.790
27.950
28.110
28.290
28.460
28.620
28.790
28.960
29.130
29.290
29.460
29.510
29.620
29.790
