0.030
0.160
0.700
0.750
1.160
1.630
1.680
2.150
2.500
2.640
3.110
3.610
4.100
4.410
4.560
5.040
5.090
5.490
5.990
6.080
6.470
6.780
6.930
7.260
7.390
7.860
8.190
8.320
8.370
8.810
9.150
9.290
9.580
9.760
10.060
10.220
10.680
10.880
11.010
11.140
11.190
11.640
11.990
12.150
12.450
12.640
12.930
12.980
13.100
13.420
13.470
13.610
13.830
13.900
13.950
14.100
14.410
14.550
14.900
15.060
15.110
15.390
15.540
15.850
16.020
16.310
16.500
16.550
16.640
16.790
16.950
17.420
17.660
17.740
17.920
18.130
18.220
18.370
18.430
18.720
18.850
18.900
19.190
19.320
19.370
19.420
19.700
19.850
20.180
20.310
20.650
20.790
20.860
21.120
21.220
21.370
21.760
22.050
22.160
22.220
22.560
22.670
22.720
22.860
22.940
23.110
23.160
23.230
23.640
23.690
23.940
24.110
24.390
24.440
24.570
24.890
25.040
25.100
25.350
25.450
25.500
25.670
25.940
26.020
26.240
26.310
26.420
26.500
26.750
26.800
26.900
27.010
27.280
27.390
27.770
27.870
27.960
28.210
28.360
28.480
28.670
28.760
28.810
28.860
29.320
29.640
29.810
