0.010
0.070
0.240
0.450
0.650
0.700
0.850
0.900
1.020
1.070
1.250
1.430
1.630
1.820
1.870
2.030
2.080
2.180
2.230
2.430
2.480
2.620
2.820
2.870
3.020
3.080
3.200
3.250
3.440
3.620
3.670
4.010
4.060
4.200
4.440
4.620
4.820
5.000
5.200
5.410
5.580
5.630
5.780
5.990
6.180
6.380
6.610
6.750
6.800
7.160
7.210
7.350
7.400
7.570
7.750
7.800
7.930
7.980
8.140
8.190
8.350
8.400
8.560
8.710
8.760
8.890
8.940
9.200
9.340
9.530
9.690
9.740
9.810
9.900
10.100
10.150
10.280
10.670
10.740
10.870
11.040
11.250
11.420
11.470
11.680
11.840
11.890
12.000
12.420
12.480
12.590
12.640
12.810
12.860
13.000
13.050
13.390
13.560
13.610
13.820
13.970
14.020
14.170
14.350
14.560
14.610
14.830
14.950
15.000
15.130
15.180
15.340
15.390
15.720
15.770
15.930
15.980
16.170
16.340
16.390
16.530
16.720
16.770
16.920
17.010
17.140
17.280
17.330
17.500
17.720
17.770
18.090
18.290
18.340
18.540
18.710
18.910
18.960
19.090
19.140
19.370
19.520
19.700
19.750
19.880
20.100
20.470
20.680
20.730
20.920
21.100
21.280
21.330
21.480
21.670
21.890
22.070
22.120
22.270
22.320
22.480
22.690
22.850
22.920
23.070
23.280
23.460
23.510
23.660
23.710
23.840
23.890
24.050
24.240
24.300
24.430
24.480
24.830
24.880
25.030
25.080
25.210
25.260
25.450
25.620
25.760
25.840
26.010
26.060
26.170
26.380
26.430
26.570
26.650
26.780
26.830
27.000
27.170
27.230
27.370
27.530
27.580
27.730
27.780
28.010
28.160
28.340
28.420
28.520
28.570
28.700
29.120
29.270
29.460
29.510
29.640
29.700
