0.030
0.080
0.130
0.310
0.450
0.880
1.920
2.350
2.970
3.400
3.450
3.750
3.800
4.440
4.850
5.210
6.600
6.980
7.050
7.100
7.770
8.510
8.560
9.190
9.280
9.650
9.980
11.070
11.440
11.810
12.180
12.540
12.590
12.900
13.260
13.620
13.990
14.360
14.420
14.730
14.800
15.090
15.470
15.520
15.830
16.180
16.550
16.920
17.290
17.340
17.660
18.010
18.390
18.750
19.120
19.170
19.480
19.850
19.930
20.000
20.210
20.580
20.630
20.940
21.140
21.310
21.680
21.750
22.040
22.410
22.780
22.830
23.140
23.190
23.500
23.550
23.600
23.870
24.060
24.240
24.330
24.610
24.920
24.970
25.340
25.700
26.070
26.130
26.430
26.800
26.920
27.160
27.530
27.890
28.090
28.260
28.630
28.990
29.040
29.350
29.400
29.730
