0.700
0.810
1.070
1.620
2.220
2.330
2.540
2.810
3.040
3.180
3.410
3.560
3.780
3.830
3.990
4.070
4.160
4.330
4.540
4.650
4.750
5.080
5.180
5.240
5.400
5.500
5.590
5.770
5.890
6.330
6.440
6.580
6.690
6.850
7.030
8.010
8.510
8.750
9.000
9.260
9.510
9.630
9.760
10.140
10.250
10.360
10.640
10.790
10.840
10.920
11.010
11.260
11.310
11.460
11.550
11.670
11.820
12.040
12.180
12.550
12.760
12.870
12.980
13.090
13.200
13.330
13.540
13.680
13.870
14.030
14.220
14.330
14.400
14.480
14.530
14.590
14.760
14.930
15.250
15.430
15.580
15.630
15.750
15.830
16.070
16.240
16.380
16.520
16.680
17.100
17.380
17.540
17.640
17.860
18.000
18.140
18.350
18.620
18.840
18.910
19.190
19.290
19.410
19.670
19.870
19.960
20.030
20.120
20.600
20.790
21.080
21.280
21.500
21.650
21.790
21.880
21.950
22.100
22.200
22.460
22.540
22.590
22.690
22.790
22.970
23.070
23.760
24.450
24.560
24.930
25.150
25.390
25.590
25.870
26.290
26.460
26.580
26.660
26.780
26.890
26.970
27.200
27.280
27.370
27.450
27.560
27.900
28.130
28.270
28.380
29.200
29.490
29.780
30.080
30.900
30.950
31.210
31.330
31.440
31.700
31.970
32.140
32.390
32.490
32.550
32.800
32.900
33.000
33.150
33.380
33.560
33.610
33.700
34.080
34.200
34.270
34.410
34.470
34.620
35.060
35.170
35.300
35.430
35.620
35.760
36.100
36.180
36.340
36.470
36.770
36.900
37.050
37.180
37.260
41.760
42.460
42.800
43.120
43.500
44.810
47.310
49.160
49.610
49.720
49.890
50.000
50.120
50.220
50.330
