15.740
24.660
29.240
30.540
30.710
31.250
32.710
36.180
39.140
39.860
43.380
44.260
45.340
46.130
48.050
49.480
49.780
50.030
50.280
50.750
51.770
51.910
52.350
57.650
63.260
63.590
63.880
64.250
65.730
65.870
67.440
67.590
67.800
69.920
71.140
71.360
73.480
74.430
76.640
82.330
83.160
84.820
85.680
86.360
86.600
91.190
91.320
91.480
91.570
92.070
93.270
94.300
94.590
95.080
95.250
95.300
95.470
95.580
95.670
95.720
95.830
95.880
95.950
96.010
96.070
96.140
96.190
96.280
96.350
96.430
96.520
96.620
96.720
96.830
96.940
97.020
97.090
97.190
98.050
98.420
98.740
98.840
102.030
102.340
104.570
105.000
105.400
105.840
106.990
107.690
109.020
109.240
109.400
109.870
110.000
110.270
110.580
110.690
111.460
111.540
111.640
112.190
112.830
113.380
113.490
113.620
115.180
115.710
116.160
116.850
117.430
118.720
119.650
120.410
120.490
120.610
121.410
122.000
122.170
122.260
122.670
122.780
123.180
123.500
123.870
123.930
124.580
124.660
125.170
125.410
125.530
125.650
125.900
125.990
126.620
127.940
128.050
128.270
129.060
129.920
130.510
131.120
131.910
132.640
133.410
134.010
134.170
134.730
136.460
136.740
136.790
137.410
138.970
139.500
139.640
140.230
140.380
141.060
141.930
142.880
143.050
143.260
143.960
144.370
145.210
145.600
146.220
146.280
146.350
146.470
146.530
146.600
146.660
146.720
146.790
146.850
146.910
146.970
147.030
147.090
147.160
147.210
147.280
147.340
147.400
147.470
147.530
147.970
