1.710
1.760
1.820
1.880
1.930
1.980
2.040
2.560
2.950
3.070
3.310
3.630
3.790
4.060
4.290
4.370
4.550
4.800
4.850
4.910
5.090
5.140
5.220
5.300
5.480
5.640
5.720
5.910
5.960
6.010
6.060
6.110
6.160
6.220
6.720
7.120
7.240
7.520
7.770
8.030
8.260
8.310
8.440
8.520
8.570
8.770
8.830
8.880
9.100
9.150
9.300
9.360
9.550
9.660
9.870
10.410
10.800
10.910
11.160
11.660
11.850
11.960
12.480
12.960
13.010
13.300
13.530
13.810
13.980
14.040
14.110
14.600
14.970
15.100
15.150
15.380
15.620
15.670
15.810
15.890
15.940
16.140
16.400
16.500
16.640
16.900
16.950
17.180
17.460
17.610
17.720
17.980
18.240
18.780
19.260
19.310
19.530
19.580
19.800
19.890
19.940
20.010
20.060
20.300
20.610
20.750
20.840
21.120
21.340
21.390
21.610
21.660
21.870
21.920
22.140
22.190
22.410
22.460
22.930
23.450
23.500
23.720
23.970
24.020
24.160
24.210
24.260
24.490
24.740
24.980
25.080
25.270
25.520
25.940
26.010
26.200
26.300
26.480
26.570
26.620
27.080
27.130
27.180
27.250
27.460
27.660
27.710
27.920
28.040
28.160
28.360
28.410
28.680
28.900
29.140
29.190
29.420
29.480
29.670
29.720
29.990
30.180
30.260
30.520
30.700
30.780
31.280
31.790
31.840
32.070
32.190
32.290
32.340
32.570
32.620
32.840
33.090
33.140
33.360
33.600
33.880
33.930
34.190
34.460
34.550
34.630
34.710
34.880
35.480
35.880
36.050
36.260
36.350
36.520
36.580
36.790
36.850
37.050
37.130
37.310
37.370
37.570
37.630
37.720
37.830
38.150
39.150
39.210
39.680
40.210
40.260
40.430
40.480
40.820
40.940
41.000
41.140
41.250
41.770
42.120
42.290
42.550
42.820
43.060
43.110
43.260
43.340
43.780
43.840
43.890
44.290
44.380
44.640
44.790
44.900
44.950
45.120
45.170
45.390
45.640
45.690
45.780
45.830
45.940
46.160
46.210
46.390
46.460
46.510
46.770
46.820
46.990
47.520
47.570
47.620
47.840
48.060
48.110
48.500
48.570
48.620
48.830
48.880
49.310
49.360
49.590
49.640
50.090
50.140
50.550
50.630
50.680
50.910
51.440
51.560
51.610
51.660
51.710
52.210
52.260
52.540
52.620
52.740
53.010
53.240
53.290
53.510
53.560
53.770
53.820
54.020
54.080
54.240
54.290
54.510
54.560
54.610
54.820
54.870
54.940
55.030
55.080
55.280
55.530
55.600
55.730
55.850
55.900
56.360
56.410
56.880
56.940
57.140
57.190
57.240
58.000
58.050
58.130
58.180
58.260
58.310
58.520
58.780
58.830
59.050
59.310
59.590
59.810
59.960
60.070
60.120
60.300
60.370
60.570
60.730
60.810
60.860
61.090
61.160
61.360
61.620
61.880
61.950
62.160
62.210
62.410
62.650
62.700
62.900
62.960
63.040
63.230
63.280
63.620
63.720
63.980
64.030
64.310
64.580
64.850
64.900
65.120
65.170
65.440
65.510
65.560
65.650
65.700
65.920
65.970
66.180
66.230
66.320
66.370
66.460
66.510
66.720
66.770
66.990
67.040
67.120
67.170
67.270
67.550
67.600
69.120
