0.010
0.810
0.885
0.945
1.490
1.590
1.660
2.280
2.320
5.330
5.445
5.690
6.060
6.590
6.850
7.335
7.400
7.830
7.940
8.105
8.185
8.305
8.675
8.760
12.285
12.715
12.940
13.300
13.665
14.190
14.385
14.865
15.320
15.415
15.665
15.855
16.385
16.975
17.430
17.610
17.750
20.545
22.190
22.400
22.520
22.890
23.410
23.485
23.530
23.960
24.870
25.055
25.380
25.990
26.315
27.040
28.395
32.350
32.395
32.745
33.025
33.405
34.465
34.675
34.850
34.965
35.115
35.330
35.805
36.065
36.270
36.640
38.055
41.770
42.265
42.870
43.310
43.495
44.015
45.005
45.615
46.260
