0.210
2.960
5.660
8.350
11.080
13.730
16.460
19.240
21.870
22.250
22.440
22.640
23.030
23.230
23.420
23.810
24.000
24.190
24.580
24.770
24.970
25.350
25.540
25.740
26.150
26.340
26.550
26.930
27.120
27.320
27.730
27.930
28.130
28.530
28.720
28.920
29.300
29.500
29.710
30.100
30.500
30.710
30.890
31.080
31.280
31.660
31.850
32.060
32.450
32.630
32.840
33.230
33.430
33.630
33.850
34.030
34.230
34.440
34.840
35.030
35.230
35.620
35.820
36.020
36.400
36.600
36.800
37.200
37.400
37.600
37.810
37.990
38.190
38.380
38.770
38.970
39.160
39.550
39.760
39.960
