0.941
0.158
0.979
1.000
0.909
0.900
0.960
0.500
0.944
0.970
1.000
1.000
0.964
0.957
0.957
1.000
0.972
1.000
0.967
0.950
0.981
0.857
0.977
0.923
1.000
0.976
1.000
1.000
0.960
0.917
1.000
0.971
1.000
0.962
0.963
0.947
1.000
1.000
1.000
1.000
0.923
1.000
1.000
1.000
0.857
1.000
1.000
1.000
0.970
1.000
1.000
0.967
0.947
1.000
0.962
0.966
0.947
1.000
0.941
1.000
0.944
0.000
0.909
0.875
0.955
1.000
0.984
0.974
0.993
0.989
0.986
1.000
0.526
0.732
0.893
0.892
0.989
0.953
0.946
1.000
0.929
1.000
0.909
0.866
1.000
0.987
0.708
1.000
0.659
0.955
1.000
0.786
1.000
1.000
0.929
0.962
0.980
0.994
1.000
0.991
0.976
1.000
1.000
1.000
1.000
1.000
0.933
1.000
1.000
0.970
0.969
0.977
1.000
0.971
0.929
0.857
1.000
1.000
0.974
1.000
0.957
0.957
0.938
0.930
0.991
0.750
0.975
0.975
0.977
0.965
0.836
1.000
1.000
0.989
0.980
0.962
0.947
0.987
0.857
0.995
0.986
0.992
0.874
0.954
0.937
0.881
1.000
0.637
0.000
0.000
1.000
1.000
0.972
0.977
0.917
1.000
0.800
0.950
0.958
0.938
0.979
0.976
0.972
1.000
0.952
0.958
0.000
0.975
0.979
1.000
0.000
1.000
0.500
0.833
1.000
1.000
0.974
0.867
0.998
0.994
0.996
1.000
1.000
0.633
0.964
