0.840
0.903
1.000
0.944
0.857
0.914
0.939
0.807
0.820
0.869
0.916
0.923
0.966
1.000
0.985
1.000
0.981
1.000
0.900
0.949
0.963
0.889
0.931
0.950
0.836
0.925
0.940
0.000
0.842
0.818
0.645
0.750
0.913
1.000
0.864
0.945
0.636
0.857
1.000
0.878
0.939
0.804
0.651
0.859
0.725
0.844
0.714
0.711
0.400
0.891
0.851
0.819
0.881
0.630
0.537
0.644
0.222
0.222
0.400
0.389
0.864
0.921
0.882
0.899
0.945
0.932
0.940
0.937
0.920
1.000
0.809
0.809
0.627
0.720
0.920
0.854
0.841
0.824
0.821
0.913
0.957
0.893
0.974
0.992
0.842
0.895
0.935
0.815
0.914
0.912
0.757
0.659
0.861
0.893
0.750
0.778
0.831
0.774
0.732
0.826
0.921
0.825
0.864
0.698
0.862
0.698
0.734
0.792
0.891
0.828
0.914
0.848
0.789
0.803
0.841
0.925
0.828
0.702
0.924
0.849
0.828
0.701
0.796
0.774
0.860
0.821
0.782
0.725
0.743
0.744
0.713
0.736
0.785
0.910
0.737
0.881
0.734
0.752
0.825
0.841
0.711
0.875
0.742
0.821
0.819
0.560
0.793
0.839
0.739
0.971
0.864
0.832
0.828
0.882
0.928
0.888
0.904
0.720
0.391
0.635
0.923
0.920
0.945
0.968
0.833
0.861
0.899
0.535
0.898
0.855
0.802
1.000
0.635
0.862
0.522
0.211
0.737
0.778
0.837
0.946
0.563
0.878
0.891
0.973
0.200
0.842
0.889
0.681
0.989
0.862
0.792
0.826
0.842
0.809
0.884
0.904
0.920
0.867
0.926
0.789
0.945
0.880
0.907
0.855
0.864
0.889
0.947
1.000
0.952
0.933
0.848
0.931
0.968
0.889
0.857
0.739
0.783
0.923
0.960
0.894
0.878
0.826
0.988
0.963
0.784
0.909
0.766
0.852
0.882
0.745
0.779
1.000
0.823
0.889
0.884
0.885
0.820
0.696
0.870
1.000
0.763
0.853
0.595
0.838
0.889
0.812
0.857
0.856
0.618
0.571
0.731
0.839
0.728
0.844
0.768
0.774
0.282
0.925
0.879
0.851
0.754
0.719
0.677
0.742
0.662
0.722
0.462
0.423
0.625
0.545
0.878
0.926
0.827
0.747
0.667
0.862
0.836
0.840
0.827
0.914
0.824
0.469
0.828
0.894
0.537
0.832
0.953
0.508
0.326
0.853
0.881
0.517
0.762
0.725
0.910
0.897
0.667
0.727
0.638
0.701
0.889
0.931
0.938
0.839
0.860
0.990
0.980
1.000
1.000
1.000
0.938
0.747
0.065
0.844
0.825
0.929
0.125
0.661
0.732
0.821
0.929
