0.840
0.762
0.588
0.642
0.686
0.766
0.899
0.844
0.563
0.793
0.817
0.900
0.957
1.000
0.977
1.000
1.000
0.970
0.850
0.841
1.000
0.727
0.871
0.950
0.795
0.750
0.863
0.231
0.756
0.818
0.466
0.806
0.811
0.732
0.455
0.909
0.500
0.800
0.916
0.830
0.676
0.779
0.359
0.726
0.606
0.429
0.526
0.719
0.232
0.787
0.837
0.809
0.761
0.518
0.511
0.589
0.116
0.195
0.065
0.248
0.788
0.844
0.769
0.852
0.899
0.921
0.925
0.955
0.880
1.000
0.792
0.667
0.656
0.600
0.865
0.841
0.649
0.574
0.780
0.545
0.833
0.784
0.947
0.857
0.789
0.818
0.773
0.550
0.667
0.521
0.774
0.758
0.844
0.924
0.822
0.818
0.816
0.645
0.716
0.789
0.874
0.825
0.885
0.793
0.864
0.817
0.719
0.881
0.862
0.797
0.845
0.784
0.839
0.825
0.825
0.812
0.884
0.786
0.958
0.841
0.890
0.797
0.806
0.793
0.852
0.855
0.868
0.795
0.838
0.797
0.750
0.705
0.760
0.892
0.684
0.892
0.661
0.797
0.894
0.818
0.824
0.919
0.752
0.839
0.874
0.709
0.803
0.853
0.816
0.933
0.861
0.815
0.923
0.775
0.953
0.841
0.826
0.846
0.669
0.779
0.947
0.920
0.836
0.919
0.777
0.816
0.923
0.730
0.814
0.892
0.802
0.965
0.712
0.866
0.434
0.211
0.703
0.822
0.659
0.929
0.466
0.819
0.778
0.776
0.212
0.900
0.642
0.695
1.000
0.885
0.816
0.760
0.800
0.747
0.779
0.953
0.886
0.845
0.910
0.815
0.500
0.769
0.902
0.817
0.835
1.000
1.000
0.966
1.000
0.933
0.875
0.952
0.968
0.866
0.739
0.756
0.727
0.923
0.960
0.841
0.778
0.833
0.964
0.905
0.729
0.889
0.704
0.815
0.882
0.586
0.769
1.000
0.800
0.821
0.900
0.909
0.781
0.652
0.824
0.980
0.787
0.793
0.770
0.703
0.881
0.854
0.822
0.858
0.763
0.835
0.746
0.768
0.831
0.825
0.796
0.800
0.594
0.895
0.856
0.653
0.792
0.609
0.672
0.507
0.668
0.607
0.392
0.613
0.309
0.698
0.902
0.814
0.708
0.814
0.535
0.889
0.864
0.800
0.853
0.871
0.765
0.661
0.789
0.863
0.698
0.857
0.917
0.747
0.530
0.764
0.816
0.534
0.821
0.697
0.862
0.830
0.583
0.394
0.565
0.564
0.855
0.904
0.903
0.421
0.686
0.987
0.969
0.941
1.000
1.000
0.935
0.752
0.125
0.823
0.664
0.899
0.222
0.698
0.667
0.667
0.902
