0.792
0.533
0.846
0.849
0.837
0.876
0.779
0.628
0.824
0.826
0.780
0.797
0.874
0.750
0.800
0.776
0.921
0.809
0.810
0.810
0.853
0.690
0.791
0.851
0.865
0.786
0.923
0.803
0.843
0.823
0.779
0.933
0.850
0.771
0.874
0.806
0.797
0.766
0.833
0.755
0.818
0.793
0.763
0.784
0.740
0.712
0.756
0.667
0.775
0.870
0.726
0.850
0.763
0.767
0.844
0.771
0.655
0.891
0.784
0.808
0.851
0.623
0.814
0.855
0.823
0.942
0.846
0.885
0.848
0.953
0.910
0.928
0.510
0.615
0.850
0.722
0.850
0.856
0.663
0.861
0.545
0.478
0.757
0.812
0.863
0.941
0.605
0.841
0.878
0.830
0.880
0.727
0.931
0.841
0.873
0.848
0.860
0.950
0.946
0.862
0.894
0.817
0.872
0.800
0.866
0.835
0.933
0.764
0.698
0.841
0.854
0.746
0.873
0.700
0.830
0.811
0.766
0.811
0.798
0.891
0.870
0.896
0.667
0.826
0.865
0.616
0.861
0.885
0.826
0.842
0.705
0.742
0.822
0.841
0.771
0.830
0.802
0.802
0.485
0.878
0.886
0.838
0.734
0.536
0.724
0.639
0.642
0.636
0.691
0.686
0.718
0.600
0.893
0.839
0.861
0.738
0.667
0.882
0.836
0.830
0.800
0.848
0.761
0.675
0.822
0.881
0.762
0.824
0.933
0.629
0.600
0.860
0.732
0.748
0.725
0.902
0.843
0.653
0.777
0.814
0.887
0.704
0.632
0.746
0.929
