0.792
0.400
0.815
0.806
0.814
0.876
0.761
0.605
0.824
0.826
0.780
0.797
0.874
0.679
0.667
0.776
0.921
0.809
0.777
0.793
0.853
0.690
0.791
0.851
0.847
0.771
0.923
0.803
0.843
0.823
0.779
0.933
0.850
0.771
0.861
0.791
0.797
0.750
0.817
0.755
0.800
0.775
0.763
0.784
0.699
0.661
0.756
0.633
0.775
0.870
0.708
0.835
0.748
0.750
0.828
0.771
0.655
0.891
0.784
0.808
0.838
0.623
0.814
0.855
0.787
0.942
0.836
0.879
0.835
0.940
0.861
0.928
0.322
0.593
0.850
0.654
0.850
0.856
0.641
0.855
0.531
0.435
0.757
0.812
0.863
0.930
0.538
0.841
0.875
0.830
0.880
0.709
0.931
0.841
0.836
0.788
0.853
0.945
0.946
0.846
0.894
0.817
0.872
0.800
0.866
0.835
0.933
0.764
0.698
0.841
0.854
0.732
0.873
0.700
0.830
0.811
0.758
0.811
0.792
0.891
0.870
0.896
0.667
0.820
0.865
0.571
0.849
0.874
0.810
0.842
0.689
0.724
0.816
0.822
0.757
0.824
0.793
0.792
0.384
0.878
0.886
0.833
0.727
0.529
0.706
0.627
0.637
0.623
0.655
0.543
0.718
0.571
0.893
0.839
0.835
0.738
0.667
0.853
0.836
0.830
0.800
0.848
0.761
0.575
0.822
0.881
0.714
0.824
0.933
0.600
0.500
0.841
0.704
0.748
0.725
0.902
0.829
0.653
0.776
0.807
0.887
0.672
0.632
0.746
0.929
