0.945
0.789
0.769
0.773
0.625
0.850
0.879
0.876
0.788
0.887
0.893
0.877
0.939
0.985
0.992
0.989
0.722
1.000
0.800
0.983
0.963
0.706
0.929
0.905
0.745
0.855
0.800
0.190
0.844
0.776
0.647
0.237
0.804
0.981
0.962
0.897
0.667
0.868
1.000
0.800
0.780
0.881
0.528
0.797
0.675
0.792
0.750
0.784
0.125
0.768
0.828
0.867
0.912
0.733
0.605
0.677
0.250
0.381
0.800
0.566
0.929
0.879
0.984
0.897
0.925
0.907
0.963
0.895
0.800
0.971
0.764
0.719
0.818
0.783
0.917
0.808
0.827
0.714
0.727
0.714
0.880
0.862
0.976
0.880
0.816
0.870
0.921
0.794
0.821
0.873
0.862
0.686
0.791
0.829
0.842
0.830
0.841
0.737
0.739
0.810
0.882
0.841
0.780
0.803
0.891
0.824
0.796
0.847
0.867
0.803
0.926
0.840
0.832
0.871
0.752
0.973
0.901
0.814
0.886
0.841
0.882
0.769
0.793
0.741
0.835
0.786
0.827
0.785
0.737
0.762
0.816
0.688
0.865
0.870
0.754
0.841
0.726
0.754
0.868
0.876
0.797
0.926
0.755
0.828
0.853
0.699
0.810
0.853
0.812
0.932
0.847
0.852
0.878
0.856
0.910
0.868
0.925
0.316
0.197
0.541
0.935
0.915
0.911
0.896
0.894
0.867
0.923
0.700
0.851
0.815
0.450
0.983
0.704
0.858
0.725
0.457
0.757
0.840
0.887
0.930
0.312
0.875
0.854
0.912
0.226
0.878
0.933
0.722
0.997
0.813
0.786
0.837
0.758
0.813
0.884
0.958
0.959
0.894
0.901
0.829
0.932
0.929
0.922
0.887
0.821
0.889
0.947
1.000
0.952
0.933
0.848
0.984
0.933
0.719
0.919
0.727
0.778
0.857
0.960
0.854
0.886
0.776
0.951
0.912
0.757
0.873
0.721
0.912
0.789
0.760
0.821
1.000
0.799
0.891
0.844
0.920
0.806
0.667
0.824
1.000
0.812
0.881
0.540
0.869
0.867
0.879
0.841
0.769
0.775
0.865
0.841
0.846
0.825
0.851
0.821
0.823
0.497
0.934
0.899
0.871
0.787
0.578
0.719
0.499
0.626
0.620
0.698
0.623
0.773
0.709
0.893
0.860
0.795
0.804
0.846
0.896
0.846
0.800
0.812
0.796
0.772
0.680
0.832
0.882
0.695
0.804
0.925
0.713
0.638
0.747
0.860
0.688
0.821
0.745
0.913
0.811
0.704
0.670
0.697
0.686
0.881
0.935
0.926
0.820
0.796
0.997
0.995
0.941
1.000
1.000
0.968
0.800
0.220
0.801
0.837
0.922
0.133
0.803
0.700
0.742
0.929
