0.956
0.968
1.000
0.944
1.000
0.971
0.954
0.879
0.967
0.936
0.951
0.933
0.992
0.984
1.000
0.989
1.000
1.000
0.973
0.983
0.963
0.857
0.964
0.976
0.887
0.951
0.960
0.538
0.978
0.842
0.759
0.667
0.957
0.981
0.974
0.963
0.833
0.935
1.000
0.978
0.936
0.902
0.739
0.889
0.867
0.889
0.818
0.809
0.600
0.840
0.881
0.854
0.976
0.847
0.769
0.689
0.727
0.640
0.800
0.711
0.918
0.933
0.984
0.963
0.957
0.944
0.976
0.974
0.980
1.000
0.898
0.857
0.743
0.842
0.970
0.871
0.917
0.923
0.905
0.875
1.000
0.933
1.000
1.000
0.952
0.903
0.967
0.901
0.941
0.968
0.924
0.878
0.940
0.957
0.906
0.868
0.916
0.860
0.915
0.929
0.956
0.930
0.891
0.938
0.945
0.913
0.811
0.907
0.949
0.859
0.935
0.899
0.877
0.950
0.908
0.982
0.916
0.882
0.963
0.919
0.930
0.848
0.893
0.860
0.959
0.852
0.913
0.827
0.857
0.866
0.880
0.803
0.903
0.913
0.885
0.922
0.835
0.868
0.928
0.926
0.876
0.993
0.904
0.909
0.917
0.754
0.918
0.925
0.838
0.982
0.922
0.985
0.940
0.906
0.975
0.937
0.974
0.815
0.274
0.593
0.949
0.952
0.978
0.960
0.940
0.903
0.911
0.859
0.918
0.896
0.844
1.000
0.793
0.909
0.800
0.419
0.789
0.891
0.925
0.968
0.611
0.972
0.909
0.979
0.500
0.931
0.972
0.863
1.000
0.914
0.923
0.884
0.918
0.904
0.931
0.980
0.927
0.918
0.932
0.905
0.990
1.000
0.951
0.916
0.854
0.889
0.947
1.000
0.952
0.933
0.882
1.000
1.000
0.943
0.947
0.766
0.857
0.923
0.960
0.896
0.902
0.833
0.988
0.974
0.852
0.931
0.821
0.889
0.882
0.867
0.861
1.000
0.844
0.889
0.900
0.945
0.806
0.723
0.886
1.000
0.865
0.915
0.670
0.943
0.913
0.942
0.892
0.887
0.859
0.886
0.900
0.908
0.858
0.918
0.853
0.904
0.563
0.978
0.934
0.926
0.904
0.881
0.822
0.814
0.889
0.821
0.808
0.806
0.833
0.737
0.931
0.976
0.838
0.822
0.840
0.925
0.889
1.000
0.892
0.963
0.905
0.790
0.926
0.966
0.805
0.868
0.972
0.767
0.667
0.937
0.846
0.822
0.870
0.854
0.950
0.981
0.771
0.867
0.766
0.828
0.934
0.970
0.936
0.984
0.958
0.998
0.995
1.000
1.000
1.000
0.978
0.819
0.033
0.910
0.912
0.965
0.133
0.824
0.949
0.857
0.940
