0.945
0.842
0.769
0.773
0.625
0.850
0.879
0.893
0.788
0.887
0.893
0.877
0.939
0.985
0.992
0.989
0.722
1.000
0.800
0.983
0.963
0.765
0.929
0.905
0.745
0.855
0.815
0.190
0.844
0.806
0.647
0.289
0.845
0.981
0.962
0.897
0.833
0.868
1.000
0.840
0.780
0.881
0.583
0.797
0.699
0.833
0.792
0.804
0.250
0.784
0.869
0.867
0.912
0.767
0.698
0.708
0.250
0.476
0.800
0.642
0.929
0.879
0.984
0.897
0.925
0.907
0.963
0.895
0.800
0.971
0.764
0.719
0.841
0.783
0.917
0.808
0.880
0.714
0.727
0.714
0.880
0.862
0.976
0.880
0.857
0.887
0.921
0.824
0.821
0.873
0.894
0.743
0.813
0.829
0.857
0.830
0.864
0.754
0.783
0.824
0.882
0.841
0.813
0.818
0.891
0.824
0.796
0.865
0.867
0.803
0.944
0.840
0.845
0.886
0.752
0.973
0.901
0.814
0.886
0.841
0.882
0.769
0.826
0.741
0.852
0.804
0.840
0.810
0.789
0.794
0.837
0.720
0.865
0.899
0.787
0.841
0.756
0.770
0.868
0.876
0.812
0.941
0.774
0.828
0.853
0.715
0.810
0.853
0.851
0.932
0.872
0.880
0.883
0.864
0.940
0.902
0.925
0.316
0.262
0.541
0.935
0.915
0.911
0.902
0.909
0.867
0.923
0.736
0.851
0.815
0.450
0.983
0.704
0.858
0.725
0.552
0.811
0.840
0.887
0.941
0.338
0.875
0.854
0.912
0.258
0.878
0.933
0.722
0.997
0.813
0.821
0.837
0.818
0.820
0.899
0.958
0.959
0.902
0.901
0.829
0.932
0.929
0.922
0.902
0.821
0.889
0.947
1.000
0.952
0.933
0.848
0.984
0.933
0.742
0.919
0.727
0.778
0.857
0.960
0.854
0.886
0.776
0.951
0.923
0.784
0.873
0.721
0.912
0.789
0.774
0.821
1.000
0.810
0.891
0.844
0.920
0.806
0.667
0.882
1.000
0.812
0.881
0.599
0.881
0.872
0.884
0.862
0.802
0.789
0.875
0.841
0.868
0.834
0.857
0.838
0.823
0.591
0.934
0.899
0.876
0.790
0.586
0.735
0.523
0.626
0.639
0.730
0.701
0.773
0.759
0.893
0.860
0.795
0.804
0.846
0.896
0.846
0.800
0.812
0.816
0.772
0.763
0.832
0.882
0.737
0.822
0.925
0.782
0.667
0.773
0.860
0.710
0.838
0.765
0.913
0.853
0.722
0.687
0.720
0.695
0.881
0.935
0.926
0.835
0.796
1.000
0.995
0.941
1.000
1.000
0.968
0.812
0.244
0.802
0.850
0.922
0.133
0.845
0.700
0.742
0.929
