0.866
0.744
0.545
0.627
0.629
0.739
0.939
0.887
0.598
0.822
0.862
0.909
0.966
0.984
0.985
1.000
0.929
0.914
0.857
0.817
1.000
0.727
0.857
0.976
0.816
0.761
0.859
0.400
0.773
0.807
0.507
0.848
0.827
0.776
0.481
0.929
0.500
0.791
0.916
0.780
0.677
0.813
0.385
0.754
0.657
0.426
0.564
0.797
0.267
0.794
0.803
0.844
0.779
0.509
0.567
0.596
0.108
0.221
0.028
0.263
0.848
0.844
0.984
0.882
0.935
0.909
0.950
0.957
0.826
1.000
0.737
0.667
0.678
0.692
0.854
0.860
0.661
0.661
0.762
0.554
0.917
0.778
0.919
0.805
0.792
0.877
0.732
0.556
0.723
0.564
0.807
0.825
0.814
0.941
0.812
0.772
0.826
0.714
0.640
0.792
0.911
0.849
0.894
0.729
0.885
0.814
0.658
0.821
0.881
0.789
0.769
0.764
0.886
0.853
0.774
0.880
0.923
0.800
0.969
0.849
0.899
0.812
0.861
0.814
0.880
0.807
0.871
0.805
0.835
0.791
0.796
0.705
0.762
0.857
0.700
0.864
0.639
0.827
0.891
0.818
0.794
0.948
0.790
0.846
0.894
0.752
0.797
0.865
0.793
0.943
0.859
0.867
0.921
0.775
0.946
0.880
0.838
0.765
0.742
0.733
0.947
0.922
0.880
0.916
0.783
0.821
0.903
0.727
0.831
0.880
0.724
0.964
0.671
0.834
0.397
0.111
0.722
0.859
0.705
0.941
0.503
0.884
0.793
0.780
0.269
0.909
0.706
0.734
1.000
0.862
0.840
0.792
0.821
0.764
0.833
0.958
0.879
0.834
0.926
0.809
0.667
0.857
0.924
0.855
0.889
1.000
1.000
0.993
1.000
1.000
0.848
0.969
1.000
0.900
0.773
0.739
0.800
1.000
1.000
0.835
0.743
0.783
0.976
0.900
0.662
0.909
0.644
0.846
0.875
0.724
0.785
1.000
0.800
0.889
0.778
0.922
0.824
0.681
0.899
0.904
0.799
0.807
0.792
0.776
0.878
0.915
0.820
0.857
0.752
0.896
0.704
0.684
0.831
0.843
0.809
0.817
0.579
0.902
0.880
0.674
0.811
0.647
0.600
0.527
0.637
0.545
0.412
0.559
0.318
0.575
0.898
0.796
0.804
0.881
0.514
0.901
0.892
0.885
0.859
0.869
0.797
0.683
0.821
0.875
0.627
0.870
0.935
0.825
0.440
0.779
0.838
0.581
0.783
0.723
0.868
0.830
0.565
0.427
0.531
0.545
0.873
0.920
0.900
0.364
0.691
0.992
0.959
1.000
1.000
1.000
0.945
0.721
0.125
0.813
0.665
0.912
0.333
0.709
0.732
0.706
0.914
