0.145
0.200
0.280
0.340
0.415
0.470
0.540
0.595
0.670
0.730
0.800
0.865
0.935
1.000
1.065
1.315
1.380
1.645
1.765
1.895
2.015
2.145
2.290
2.410
2.550
2.655
2.780
2.825
2.900
3.005
3.140
3.255
3.385
3.500
3.620
3.740
3.880
4.005
4.135
4.260
4.395
4.525
4.645
4.755
4.890
5.020
5.150
5.265
5.390
5.510
5.635
5.765
5.890
6.005
6.140
6.280
6.400
6.525
6.655
6.770
6.905
7.010
7.145
7.270
7.380
7.490
7.620
7.735
7.875
8.000
8.120
8.255
8.380
8.500
8.615
8.735
8.785
8.870
8.990
9.125
9.240
9.375
9.500
9.625
9.740
9.875
9.990
10.115
10.250
10.385
10.500
10.620
10.750
10.885
10.995
11.125
11.235
11.380
11.505
11.635
11.765
11.885
12.010
12.135
12.250
12.380
12.500
12.625
12.725
12.875
12.995
13.125
13.240
13.370
13.490
13.625
13.755
13.885
14.000
14.140
14.270
14.395
14.510
14.630
14.760
14.890
15.005
15.135
15.250
15.380
15.505
15.625
15.750
15.880
15.995
16.125
16.245
16.375
16.485
16.610
16.735
16.865
17.000
17.135
17.250
17.380
17.500
17.615
17.735
17.875
17.995
18.115
18.235
18.365
18.490
18.605
18.740
18.865
18.995
19.125
19.240
19.360
19.480
19.575
19.715
19.760
19.840
19.970
20.095
20.220
20.355
20.480
20.600
20.725
20.770
20.990
21.115
21.230
21.355
21.485
21.595
21.725
21.860
21.980
22.110
22.240
22.365
22.485
22.615
22.740
22.870
22.985
23.115
23.235
23.370
23.495
23.610
23.730
23.860
23.980
24.115
24.240
24.375
24.495
24.610
24.740
24.790
24.925
25.010
25.135
25.255
25.385
25.505
25.615
25.730
25.860
25.975
26.105
26.230
26.360
26.490
26.595
26.725
26.850
26.985
27.110
27.225
27.350
27.475
27.590
27.715
27.840
27.965
28.085
28.220
28.345
28.470
28.575
28.705
28.760
28.840
28.955
29.100
29.260
29.365
29.480
29.595
29.720
29.855
29.980
30.105
30.240
30.365
30.490
30.615
30.740
30.860
30.980
31.115
31.245
31.365
31.480
31.605
31.720
31.845
31.970
32.095
32.220
32.350
32.465
32.585
32.720
32.845
32.980
33.105
33.225
33.355
33.485
33.590
33.720
33.845
33.965
34.100
34.240
34.360
34.485
34.605
34.725
34.860
34.980
35.110
35.235
35.365
35.495
35.610
35.715
35.765
35.865
36.005
36.130
36.240
36.370
36.485
36.595
36.720
36.790
36.880
37.010
37.135
37.250
37.370
37.500
37.620
