0.210
0.320
0.430
0.570
0.810
1.100
1.480
1.600
1.870
2.040
2.140
2.710
3.220
3.590
3.720
3.960
4.220
4.340
4.460
4.570
4.690
4.950
5.140
5.220
5.490
5.610
5.750
5.990
6.250
6.380
6.510
6.610
6.760
6.970
7.250
7.520
7.810
7.940
8.040
8.290
8.430
8.540
8.660
8.820
9.050
9.280
9.680
9.790
10.040
10.290
10.820
11.270
11.690
11.770
12.040
12.420
12.530
12.640
12.790
13.010
13.220
13.280
13.640
13.750
14.010
14.140
14.290
14.830
15.350
15.720
15.840
16.080
16.320
16.450
16.560
16.670
16.780
17.030
17.280
17.540
17.760
17.940
18.010
18.160
18.240
18.360
18.590
18.740
18.940
19.130
19.230
19.490
19.540
19.790
20.040
20.280
20.400
20.500
20.730
21.010
21.260
21.420
21.660
21.750
21.880
22.040
22.360
23.120
23.930
24.670
