0.200
0.970
1.350
1.730
1.960
2.070
2.410
3.180
3.560
4.000
4.390
4.820
5.300
5.920
6.440
6.860
7.100
7.650
7.820
8.030
8.240
8.600
8.780
9.000
9.160
9.380
9.540
9.770
9.940
10.160
10.340
10.750
10.970
11.150
12.020
12.520
12.960
13.370
13.480
13.590
13.700
13.800
14.280
14.520
14.730
14.950
15.190
15.390
15.570
15.780
15.970
16.180
16.370
16.540
16.800
17.190
17.400
17.580
17.770
17.970
18.160
18.350
18.560
18.740
18.920
19.090
19.290
19.460
19.680
19.860
20.230
20.630
20.830
21.010
21.210
21.450
21.840
22.040
22.220
22.420
22.600
22.790
23.030
23.220
23.620
23.830
24.200
24.350
24.450
24.580
24.860
24.970
25.100
25.160
25.350
25.730
25.840
25.930
26.120
26.510
26.650
26.900
27.160
27.290
27.520
27.930
28.030
28.290
28.460
