0.200
2.380
2.680
2.860
3.060
3.230
3.410
3.580
3.740
3.920
4.080
4.250
4.420
4.610
4.780
4.960
5.090
5.270
5.430
5.590
5.760
5.940
6.100
6.270
6.430
6.630
6.810
6.960
7.150
7.300
7.460
7.650
7.840
8.010
8.160
8.310
8.490
8.640
8.850
9.000
9.180
9.350
9.530
9.780
10.020
10.260
10.450
10.730
11.020
11.370
11.620
11.850
12.070
12.300
12.470
12.670
12.900
13.130
13.380
13.690
14.210
15.120
15.340
15.560
15.720
15.870
16.010
16.050
16.160
16.280
16.460
16.580
16.730
16.800
16.910
17.020
17.210
17.460
17.680
17.840
18.080
18.290
18.600
18.700
18.990
19.150
19.220
19.310
19.450
19.590
19.650
19.740
19.810
19.880
20.030
20.310
20.460
20.510
20.640
20.800
20.940
21.150
21.390
21.590
21.800
21.850
22.040
22.320
22.470
22.610
22.780
22.960
23.160
23.360
23.530
23.570
23.720
23.910
24.320
24.490
24.690
24.830
25.030
25.200
25.410
25.540
25.820
26.020
26.180
26.370
26.540
26.690
26.750
26.890
27.070
27.270
27.420
27.610
27.770
27.910
28.140
28.270
28.440
28.630
28.810
28.970
29.130
29.310
29.480
29.580
29.730
29.780
29.980
30.150
30.310
30.480
30.520
30.680
30.850
31.020
31.210
31.450
31.630
31.820
32.040
32.110
32.320
32.530
32.800
33.060
33.200
33.280
33.470
33.640
33.820
33.980
34.140
34.450
34.610
34.770
34.920
35.080
35.260
35.440
35.610
35.740
35.910
36.060
36.210
36.370
36.540
36.690
37.020
37.280
37.500
37.650
37.800
37.930
38.090
38.240
38.420
38.520
38.670
38.830
38.880
38.950
39.160
39.310
39.470
39.610
39.760
39.880
40.050
40.230
40.330
40.490
40.650
40.730
40.960
41.160
41.310
41.450
41.600
41.700
41.840
42.030
42.150
42.280
42.430
42.480
42.550
42.750
42.810
42.940
43.070
43.220
43.340
43.500
43.640
43.800
43.970
44.120
44.260
44.430
44.610
44.670
44.790
44.960
45.110
45.260
45.410
45.630
45.830
45.940
46.030
46.160
46.390
46.640
46.700
46.860
46.990
47.150
47.300
47.400
47.590
47.760
47.930
48.090
48.230
48.350
48.560
48.610
48.760
48.900
49.080
49.250
49.410
49.630
49.840
49.990
50.190
50.380
50.610
50.930
50.980
51.150
51.330
51.500
51.660
51.830
51.990
52.160
52.330
52.510
52.680
52.840
53.080
53.730
54.320
54.850
55.500
55.540
55.830
56.060
56.280
56.430
56.580
56.740
56.890
57.070
57.220
57.410
57.680
57.960
58.210
58.500
58.740
58.800
