0.190
0.270
0.520
0.780
1.040
1.160
1.300
1.550
1.810
2.070
2.200
2.340
2.590
2.850
3.110
3.230
3.370
3.620
3.880
4.140
4.260
4.410
4.660
4.920
5.180
5.300
5.440
5.690
5.950
6.210
6.340
6.480
6.730
6.990
7.250
7.370
7.510
7.760
8.030
8.290
8.410
8.560
8.710
8.810
9.020
9.070
9.320
9.490
9.590
9.760
9.850
10.090
10.360
10.620
10.860
11.020
11.140
11.390
11.660
11.910
12.170
12.430
12.560
12.690
12.950
13.200
13.440
13.720
13.760
13.980
14.240
14.280
14.500
14.730
14.770
15.020
15.270
15.530
15.790
16.050
16.200
16.310
16.570
16.700
16.830
16.960
17.070
17.280
17.340
17.580
17.760
17.870
18.040
18.120
18.270
18.380
18.640
18.770
18.900
19.120
19.160
19.390
19.520
19.680
19.930
20.020
20.060
20.190
20.450
20.710
20.850
20.970
21.110
21.210
21.480
21.740
21.890
22.010
22.270
22.520
22.760
22.800
22.880
23.040
23.290
23.550
23.810
24.070
