0.370
0.460
1.990
2.040
2.090
2.140
2.180
2.230
2.270
2.320
2.370
2.410
2.460
2.500
3.780
3.900
4.030
4.550
4.810
5.050
5.140
5.300
5.590
5.840
6.080
6.330
6.630
6.880
7.120
7.370
7.650
7.900
8.400
8.590
8.720
8.850
8.970
9.100
9.230
9.360
9.480
9.610
9.740
9.880
10.010
10.120
10.250
10.390
10.520
10.630
10.760
10.890
11.020
11.140
11.270
11.400
11.530
11.650
11.780
11.910
12.040
12.170
12.290
12.430
12.560
12.670
12.800
12.930
13.060
13.190
13.310
13.440
13.570
13.690
13.820
13.960
14.090
14.210
14.340
14.480
14.600
14.720
14.840
14.970
15.100
15.230
15.360
15.480
15.610
15.740
15.870
15.990
16.120
16.250
16.380
16.520
16.650
16.760
16.890
17.010
17.140
17.270
17.400
17.520
17.650
17.780
17.910
18.030
18.180
18.290
18.420
18.560
18.690
18.800
18.930
19.060
19.180
19.310
19.440
19.570
19.690
19.820
19.950
20.080
20.210
20.330
20.460
20.600
20.730
20.840
20.970
21.100
21.220
21.350
21.480
21.610
21.740
21.860
21.990
22.120
22.260
22.370
22.500
22.640
22.770
22.880
23.010
23.140
23.270
23.390
23.530
23.650
23.780
23.900
24.030
24.160
24.290
24.410
24.550
24.690
24.810
24.920
25.050
25.180
25.310
25.430
25.570
25.690
25.820
25.940
26.070
26.200
26.340
26.460
26.590
26.730
26.850
26.970
27.100
27.220
27.350
27.480
27.610
27.730
27.860
27.990
28.120
28.240
28.370
28.500
28.630
