0.180
0.430
0.470
1.000
1.160
1.240
1.490
1.780
2.020
2.250
2.530
2.790
3.060
3.320
3.570
4.090
4.330
4.420
4.610
4.890
5.120
5.210
5.350
5.390
5.640
5.910
6.150
6.250
6.400
6.670
7.170
7.410
7.670
7.920
7.960
8.170
8.430
8.700
9.190
9.460
9.730
10.000
10.230
10.450
10.490
10.770
11.010
11.290
11.550
11.810
12.320
12.570
12.840
13.110
13.330
13.370
13.640
13.870
14.110
14.380
14.620
14.660
14.900
15.200
15.420
15.470
15.700
15.950
16.160
16.470
16.510
17.030
17.550
17.800
17.840
18.090
18.370
18.600
18.690
18.840
18.880
19.110
19.150
19.410
19.640
19.910
20.170
20.680
20.940
21.200
21.500
21.670
21.720
21.990
22.130
22.230
22.760
23.010
23.260
23.690
23.770
24.020
24.270
24.310
24.780
25.020
