0.180
0.290
0.330
0.450
0.520
0.750
1.170
1.450
1.590
1.850
2.020
2.290
2.450
2.680
2.750
2.890
3.050
3.130
3.230
3.310
3.570
3.730
4.170
4.610
5.020
5.230
5.300
5.460
5.730
5.890
5.930
6.170
6.310
6.620
6.740
6.780
6.940
7.010
7.170
7.470
7.510
7.620
8.060
8.330
8.470
8.510
8.750
8.920
9.200
9.350
9.520
9.640
9.720
9.780
10.140
10.200
10.480
10.630
11.060
11.490
11.910
12.190
12.340
12.620
12.770
13.060
13.210
13.480
13.650
13.910
14.050
14.490
14.920
14.970
15.330
15.560
15.600
15.730
15.870
16.040
16.210
16.290
16.370
16.490
16.630
17.050
17.310
17.470
17.900
18.330
18.640
18.680
18.740
18.790
19.000
19.180
19.450
19.620
19.890
20.060
20.210
20.280
20.450
20.520
20.900
21.340
21.770
22.190
22.460
22.560
22.660
22.900
23.060
23.110
23.350
23.430
23.480
23.910
24.050
24.180
24.330
24.770
25.150
25.200
25.490
25.620
25.660
25.900
26.060
26.330
26.500
26.740
26.780
26.930
27.350
27.560
27.630
27.670
27.770
28.200
28.620
29.040
29.320
29.480
29.760
29.910
30.190
30.340
30.500
30.770
31.190
31.240
31.620
32.050
32.470
32.750
32.910
33.190
33.340
33.640
33.770
34.040
34.220
