0.180
0.370
0.600
0.820
1.070
1.320
1.580
1.800
2.050
2.280
2.520
2.760
3.000
3.240
3.480
3.700
3.950
4.180
4.420
4.640
4.880
5.110
5.350
5.570
5.820
6.050
6.280
6.510
6.740
6.990
7.220
7.460
7.670
7.900
8.130
8.240
8.350
8.390
8.460
8.560
8.620
8.730
8.850
8.950
9.030
9.260
9.320
9.500
9.740
9.780
9.960
10.200
10.430
10.650
10.690
10.870
11.100
11.330
11.550
11.780
12.010
12.230
12.270
12.460
12.500
12.690
12.860
12.930
12.970
13.130
13.280
13.320
13.590
13.650
13.830
14.060
14.280
14.510
14.690
14.740
14.940
15.190
15.420
15.630
15.780
15.870
16.060
16.140
16.260
16.340
16.450
16.500
16.570
16.620
16.790
16.930
16.970
17.030
17.240
17.470
17.560
17.690
17.730
17.920
18.140
18.380
18.430
18.600
18.820
19.050
19.270
19.510
19.620
19.860
19.910
19.970
20.190
20.410
20.620
20.660
20.860
21.040
21.100
21.310
21.520
21.600
21.760
21.910
21.990
22.210
22.430
22.670
22.790
22.910
23.030
23.110
23.360
23.550
23.760
23.810
23.890
24.020
24.270
24.320
24.510
24.730
24.770
24.980
25.190
25.440
25.600
25.680
25.800
25.910
26.140
26.370
26.470
26.510
26.590
26.720
26.820
27.040
27.270
27.520
27.740
27.780
27.980
28.220
28.270
28.340
28.460
28.520
28.680
28.920
28.960
29.000
29.140
29.380
