0.180
0.300
0.380
1.060
2.010
2.290
2.700
3.180
3.560
3.650
3.980
4.120
4.200
4.290
4.960
5.070
5.220
5.540
5.710
5.790
5.900
6.040
6.990
7.090
7.610
7.710
7.790
7.920
8.420
8.670
8.870
9.400
9.600
9.860
10.470
10.570
11.440
11.770
12.720
13.530
13.690
14.200
14.410
14.770
15.120
15.630
15.870
16.190
16.600
16.720
16.810
17.200
17.310
17.550
18.060
18.640
18.820
18.950
19.460
19.590
19.690
19.790
19.910
20.430
21.260
21.400
22.120
22.350
22.990
23.100
23.300
25.050
25.300
26.330
27.210
27.350
27.450
27.570
27.810
