2.190
2.400
4.160
4.690
4.810
4.910
5.060
7.970
8.050
8.140
8.240
8.380
8.420
8.660
8.760
8.890
8.960
9.000
9.090
9.180
9.260
9.340
9.420
9.510
9.600
9.640
9.690
9.740
9.810
9.880
9.950
10.010
10.080
10.210
10.270
10.330
10.390
10.450
10.520
10.580
10.750
10.800
10.920
11.010
11.190
11.300
11.400
11.510
11.700
11.790
11.840
11.960
12.050
12.130
12.210
12.350
12.460
12.610
12.720
13.340
13.430
13.520
13.630
13.740
13.850
13.960
14.890
14.980
15.100
15.180
15.260
15.340
15.420
15.490
15.590
15.690
15.890
16.090
16.180
16.220
16.260
16.350
16.400
16.540
16.620
16.780
16.890
17.070
17.170
17.260
17.470
17.670
17.940
18.000
18.140
18.180
18.340
18.440
18.530
18.600
18.710
19.020
19.120
19.210
19.250
19.320
19.380
19.470
19.560
19.650
19.740
19.900
19.970
20.140
20.260
20.310
20.390
20.470
21.140
21.230
21.410
21.490
21.570
21.650
21.730
21.800
21.890
21.950
22.090
22.160
22.220
22.350
22.410
22.590
22.650
22.720
22.890
22.930
23.230
23.330
23.440
23.830
23.940
23.990
24.960
25.600
25.700
25.770
25.940
26.000
26.100
26.170
26.290
26.350
26.490
26.550
26.650
26.730
26.830
26.910
26.990
27.070
27.150
27.230
27.290
27.360
27.420
27.460
27.700
29.190
29.290
29.390
29.460
29.610
29.670
29.800
29.900
29.980
30.100
30.200
30.270
30.360
30.410
30.560
30.680
30.870
30.970
31.120
31.160
31.230
31.310
31.390
31.480
31.550
31.620
31.670
31.730
31.830
32.150
32.190
32.280
32.360
32.420
32.940
33.260
33.340
33.430
33.610
33.980
34.070
34.170
35.050
35.420
35.700
35.970
36.090
36.190
36.930
37.030
37.180
37.240
37.440
37.510
37.800
37.960
38.020
38.230
38.270
38.330
38.410
38.480
38.650
38.730
38.990
39.160
39.230
39.310
39.400
39.490
39.560
39.660
39.750
39.900
40.060
40.240
40.310
40.400
40.540
40.590
40.660
40.750
40.830
40.920
41.000
41.080
41.160
41.240
41.320
41.400
41.480
41.570
41.650
41.730
41.810
41.900
41.980
42.060
42.150
42.320
42.410
42.590
42.750
42.790
42.900
42.970
43.130
43.610
43.690
43.770
43.850
43.930
44.020
44.090
44.180
44.260
44.350
44.420
44.520
44.590
44.790
44.870
45.130
45.260
45.340
45.420
45.580
45.750
45.910
46.010
46.090
46.220
46.300
46.480
46.540
46.600
46.690
46.800
47.120
47.200
47.260
47.340
47.910
48.010
48.110
48.330
48.420
48.830
48.910
49.000
49.080
49.170
49.250
49.350
49.410
49.510
49.580
49.720
49.780
49.840
50.150
50.210
50.330
50.390
50.460
50.520
50.580
50.640
50.700
50.760
50.830
50.870
51.120
51.370
51.580
51.690
51.770
51.950
52.070
52.130
52.220
52.300
52.370
52.480
52.520
52.570
52.660
52.740
52.800
52.840
52.920
53.010
53.100
53.190
53.280
53.360
53.450
53.520
53.560
53.660
53.750
53.810
53.900
53.940
53.980
54.140
54.220
54.300
54.370
54.410
54.450
54.530
54.640
54.710
54.790
54.870
54.930
55.010
55.070
55.200
55.310
55.380
55.490
55.620
55.710
55.940
56.090
56.170
56.260
56.340
56.410
56.500
56.570
56.650
56.740
56.830
56.880
57.070
57.160
57.230
57.320
57.560
57.640
57.730
57.810
57.870
57.950
58.040
58.130
58.210
58.290
58.370
58.450
58.520
58.610
58.690
58.750
58.850
58.930
59.010
59.090
59.170
59.250
59.340
59.410
59.510
59.590
59.680
59.850
59.930
60.020
60.090
60.160
60.230
60.360
60.400
60.500
60.560
60.720
60.850
60.930
60.980
61.050
61.110
61.200
61.240
61.280
61.320
61.400
61.450
61.550
61.600
61.640
61.690
61.740
61.830
61.920
62.010
62.100
62.170
62.260
62.370
62.450
62.500
62.540
62.620
62.690
62.750
62.840
62.910
62.950
63.000
63.080
63.150
63.210
63.310
63.380
63.470
63.580
63.650
63.770
63.950
64.080
64.150
64.250
64.330
64.420
64.500
64.590
64.670
64.830
65.370
65.620
65.770
65.910
66.040
66.100
66.160
66.380
66.620
67.000
67.320
67.410
67.490
67.580
67.820
67.900
67.970
68.060
68.140
68.210
68.300
68.380
68.470
68.640
68.730
68.780
68.830
68.870
69.280
69.380
69.440
69.510
69.570
69.690
69.870
69.960
70.020
70.180
70.350
70.430
70.530
70.600
70.650
70.810
71.000
71.240
71.330
71.990
72.070
72.230
72.290
72.950
73.190
73.280
73.370
73.450
73.520
73.610
73.650
73.810
73.870
73.910
74.000
74.120
74.200
74.330
74.620
74.720
74.850
75.010
75.080
75.150
75.230
75.320
75.490
