0.190
0.380
3.070
5.720
8.360
11.020
13.620
16.300
19.020
21.600
21.970
22.160
22.350
22.540
22.740
22.930
23.130
23.320
23.500
23.680
23.880
24.070
24.260
24.440
24.640
24.830
25.010
25.200
25.400
25.590
25.790
25.980
26.190
26.380
26.560
26.740
26.940
27.340
27.530
27.730
27.930
28.130
28.310
28.510
28.700
28.880
29.080
29.290
29.480
29.670
29.850
30.060
30.260
30.430
30.620
30.820
31.010
31.200
31.380
31.580
31.790
31.970
32.150
32.350
32.550
32.740
32.920
33.130
33.330
33.520
33.710
33.920
34.130
34.310
34.490
34.690
34.890
35.070
35.270
35.470
35.670
35.840
36.030
36.230
36.430
36.620
36.820
37.020
37.210
37.390
37.590
37.780
37.990
38.160
38.350
38.540
38.750
38.930
39.130
39.330
40.680
