0.190
0.360
0.470
0.800
0.990
1.550
1.750
2.040
2.140
2.680
3.510
3.680
4.090
4.190
4.320
4.820
5.500
5.600
6.000
8.140
8.850
9.280
9.350
9.810
10.560
10.750
11.190
11.260
11.640
11.680
15.500
15.650
15.690
16.140
16.200
16.720
16.900
17.360
17.770
17.860
18.650
18.690
18.830
19.220
19.260
19.490
19.800
19.970
20.010
20.200
20.670
21.150
22.810
23.010
23.280
23.860
23.990
24.450
27.490
27.860
30.680
30.820
30.860
31.340
31.540
32.010
32.290
38.450
39.200
41.510
41.560
42.240
42.730
42.920
42.960
43.430
43.690
44.460
44.500
45.550
46.010
46.050
47.190
49.300
49.860
50.570
51.050
51.260
53.480
53.630
54.380
56.630
56.680
57.400
57.460
57.840
57.890
58.060
58.100
58.450
58.580
58.820
59.590
59.650
60.740
61.180
61.780
61.890
61.960
62.430
62.650
64.510
64.960
65.000
65.530
65.690
65.770
66.200
66.430
