0.190
0.340
0.590
0.840
1.090
1.580
1.740
1.840
2.080
2.340
2.580
2.830
3.080
3.470
3.580
3.830
4.080
4.320
4.570
4.820
5.070
5.570
5.720
5.830
6.070
6.320
6.570
6.820
7.060
7.460
7.560
7.810
8.060
8.310
8.560
8.810
9.060
9.560
9.710
9.810
10.060
10.310
10.550
10.800
11.050
11.440
11.550
11.800
12.050
12.300
12.550
12.800
13.040
13.540
13.690
13.800
14.040
14.290
14.450
14.540
14.790
15.040
15.190
15.440
15.530
15.690
15.780
15.940
16.030
16.280
16.540
16.780
17.030
17.280
17.420
17.530
17.660
17.780
18.030
18.280
18.400
18.530
18.770
19.030
19.180
19.270
19.430
19.530
19.650
19.770
20.020
20.270
20.530
20.770
20.910
21.020
21.270
21.410
21.520
21.640
21.770
22.020
22.260
22.390
22.520
22.760
23.020
23.170
23.260
23.420
23.510
23.670
23.760
24.010
24.260
24.510
24.750
25.010
25.250
25.390
25.510
25.630
25.750
26.000
26.250
26.380
26.510
26.750
27.000
27.150
27.250
27.400
27.500
27.620
27.660
27.740
27.900
28.000
28.240
28.500
28.740
28.990
29.240
29.380
29.490
29.620
29.740
29.990
30.240
30.360
30.400
30.490
30.730
30.990
31.140
31.230
31.390
31.480
31.640
31.730
31.890
31.980
32.230
32.490
32.730
32.980
33.100
33.220
33.360
33.480
33.610
33.650
33.720
33.850
33.970
34.100
34.220
34.350
34.470
34.720
34.860
34.970
35.100
35.140
35.220
35.370
35.470
35.600
35.720
35.840
35.970
36.010
36.090
36.220
36.470
36.710
36.840
36.970
37.090
37.210
37.460
37.600
37.710
37.850
37.960
38.080
38.210
38.360
38.460
38.710
38.960
39.080
39.120
39.210
39.370
39.460
39.700
39.840
39.960
40.080
40.210
40.460
40.700
40.950
41.070
41.200
41.330
41.450
41.590
41.700
41.820
41.950
42.070
42.190
42.320
42.450
42.690
42.830
42.940
43.070
43.110
43.190
43.350
43.440
43.600
43.690
43.820
43.940
44.060
44.190
44.440
44.690
44.940
45.060
45.180
45.320
45.440
45.560
45.680
45.810
45.930
46.060
46.180
46.430
46.550
46.680
46.940
47.180
47.430
47.580
47.680
47.940
48.170
48.430
48.670
48.920
49.050
49.170
49.290
49.420
49.590
49.670
49.800
49.920
50.050
50.170
50.320
50.420
50.660
50.920
51.040
51.080
51.160
51.320
51.410
51.540
51.660
51.790
51.910
52.040
52.160
52.310
52.410
52.660
52.910
53.030
53.150
53.410
53.540
53.650
53.780
53.870
53.910
54.030
54.150
54.410
54.510
54.650
54.800
54.910
55.030
55.070
55.150
55.310
55.400
55.560
55.650
55.900
56.030
