0.190
0.340
0.390
1.660
2.120
2.600
3.070
4.390
4.870
5.340
5.810
7.130
7.600
8.060
8.550
9.460
10.440
11.380
12.650
13.100
13.580
14.080
15.430
15.910
16.370
16.830
16.870
17.740
18.170
18.650
19.140
19.630
20.510
20.560
22.300
22.810
23.280
23.690
24.130
24.580
25.070
26.030
26.490
26.930
27.410
27.870
28.310
28.790
29.220
29.670
30.100
30.580
31.040
31.530
32.000
32.450
32.920
33.400
34.700
35.180
35.640
35.820
36.140
37.500
37.930
38.160
38.380
38.900
40.240
40.700
41.180
41.610
41.660
41.740
44.410
47.230
53.280
53.320
54.260
