0.190
0.380
1.060
1.730
2.360
2.950
3.560
4.120
4.690
4.970
5.220
5.500
5.770
6.030
6.290
6.800
7.070
7.320
7.570
7.820
8.070
8.320
8.560
8.810
9.060
9.300
9.540
9.780
10.020
10.250
10.480
10.710
10.940
11.130
11.340
11.550
11.740
11.930
12.140
12.320
12.510
12.710
12.890
13.080
13.260
13.430
13.600
13.790
13.940
14.120
14.290
14.460
14.620
14.780
14.930
15.090
15.250
15.410
15.540
15.690
15.820
15.960
16.110
16.250
16.380
16.500
16.630
16.750
16.880
17.010
17.110
17.220
17.340
17.440
17.550
17.660
17.760
17.850
17.960
18.040
18.150
18.260
18.350
18.440
18.540
18.620
18.760
20.830
20.970
21.220
21.480
21.610
21.730
21.990
22.260
22.510
22.780
23.040
23.180
23.280
23.540
23.810
23.960
24.070
24.210
24.330
24.590
24.860
25.130
25.290
25.380
25.650
25.910
26.050
26.170
26.310
26.420
26.680
26.960
27.220
27.370
27.470
27.730
28.000
28.150
28.250
28.410
28.520
28.780
29.040
29.170
29.300
29.570
29.830
29.970
30.080
30.330
30.610
30.870
31.140
31.410
31.560
31.660
31.930
32.190
32.350
32.450
32.720
32.980
33.250
33.400
33.510
33.650
33.760
34.020
34.160
34.290
34.430
34.550
34.800
35.070
35.340
35.600
35.740
35.860
36.120
36.390
36.530
36.650
36.910
37.180
37.440
37.570
37.690
37.830
37.950
38.100
38.210
38.350
38.460
38.720
39.000
39.250
39.520
39.660
39.790
39.930
40.040
40.300
40.570
40.710
40.820
40.970
41.080
41.340
41.610
41.870
42.030
42.130
42.400
42.660
42.810
42.910
43.050
43.170
43.430
43.580
43.680
43.850
43.940
44.080
44.200
44.460
44.730
44.980
45.150
45.290
45.370
45.490
45.740
45.970
46.050
46.120
46.240
46.490
46.630
46.750
47.010
47.530
47.800
47.950
48.070
48.210
48.320
48.570
48.720
48.850
48.990
49.110
49.240
49.350
49.610
49.870
50.140
50.290
50.400
50.660
50.920
51.070
51.180
51.320
51.430
51.690
51.950
52.090
52.230
52.360
52.480
52.730
53.000
53.140
53.250
53.400
53.520
53.770
54.030
54.160
54.420
54.690
54.950
55.070
55.340
55.610
55.870
56.140
56.400
56.540
56.650
56.910
57.170
57.330
57.430
57.570
57.680
57.950
58.210
58.350
58.490
58.630
58.730
58.980
59.130
59.250
59.390
59.510
59.650
59.750
60.020
60.280
60.550
60.690
60.810
61.060
61.330
61.480
61.580
61.850
62.110
62.380
62.510
62.650
62.800
63.060
63.170
63.310
63.420
63.690
63.970
64.220
64.500
64.760
64.880
65.010
65.260
65.530
65.680
65.780
66.040
66.310
66.580
66.720
66.840
66.980
67.100
67.360
67.520
67.620
67.760
67.890
68.140
68.410
68.680
68.940
69.100
69.190
69.460
69.730
69.890
69.980
70.250
70.500
70.770
71.020
71.090
71.180
71.260
71.350
71.440
71.500
71.590
71.680
71.770
72.030
72.560
72.830
73.100
73.260
73.360
73.620
73.890
74.050
74.140
74.410
74.660
74.940
75.210
75.360
75.470
75.740
76.000
76.170
76.270
76.420
76.520
76.790
77.060
77.320
77.480
77.580
77.850
78.020
78.120
78.270
78.390
78.530
78.630
78.900
79.160
79.290
79.410
79.550
79.810
80.070
80.180
80.460
81.000
81.270
81.540
81.690
81.790
82.050
82.320
82.470
82.580
82.840
83.110
83.380
83.530
83.640
83.790
83.910
84.180
84.440
84.600
84.700
84.960
85.220
85.490
85.650
85.750
85.910
86.010
86.280
86.540
86.680
86.800
86.930
87.180
87.310
87.560
87.700
87.930
88.060
88.310
88.350
88.760
88.890
