0.857
0.789
0.818
0.708
0.706
0.750
0.882
0.900
0.614
0.811
0.886
0.914
0.980
0.970
0.982
0.979
0.963
1.000
0.486
0.806
0.765
0.429
0.962
0.760
0.826
0.516
0.771
0.414
0.783
0.750
0.432
0.925
0.907
0.774
0.613
0.781
0.846
0.583
0.652
0.875
0.639
0.787
0.367
0.724
0.600
0.404
0.435
0.505
0.294
0.791
0.918
0.613
0.726
0.407
0.333
0.579
0.389
0.455
0.273
0.390
0.857
0.830
0.938
0.918
0.891
0.955
0.889
0.964
0.875
0.723
0.800
0.615
0.712
0.588
0.837
0.759
0.674
0.517
0.484
0.541
0.268
0.806
0.625
0.821
0.690
0.677
0.692
0.356
0.281
0.483
0.889
0.627
0.621
0.894
0.823
0.910
0.667
0.898
0.767
0.941
0.902
1.000
0.821
0.833
0.940
0.776
0.983
0.701
0.841
0.965
0.952
0.959
0.923
0.836
0.926
0.879
0.866
0.923
0.923
0.891
0.952
0.897
0.806
0.863
0.958
0.902
0.851
0.648
0.934
0.898
0.867
0.882
0.903
0.947
0.912
0.942
0.980
0.863
0.871
0.927
0.944
0.917
0.811
0.887
0.923
0.827
0.814
0.821
0.733
0.786
0.913
0.889
0.792
0.962
0.883
0.864
0.917
0.647
0.824
0.636
0.717
0.948
0.597
0.866
0.802
0.916
0.592
0.574
0.989
0.912
0.867
0.773
0.810
0.902
0.688
0.244
0.833
0.800
0.889
0.963
0.369
0.851
0.933
0.870
0.094
1.000
0.681
0.630
0.994
0.984
0.733
0.792
0.742
0.957
0.910
0.982
0.952
0.915
0.944
0.824
0.863
0.160
0.961
0.853
0.968
0.267
0.818
0.967
0.625
0.778
0.833
0.958
0.875
0.973
0.696
0.944
0.667
0.750
0.769
0.923
0.895
0.905
1.000
0.908
0.632
0.920
0.949
0.920
0.577
0.753
0.688
0.833
0.848
0.804
0.214
0.986
0.938
0.889
0.968
0.963
0.871
0.871
0.621
0.790
0.940
0.909
0.795
0.884
0.612
0.835
0.789
0.973
0.879
0.774
0.729
0.713
0.363
0.978
0.856
0.782
0.920
0.837
0.883
0.424
0.970
0.516
0.634
0.674
0.436
0.723
0.827
0.943
0.755
0.896
0.610
0.857
0.929
0.605
0.982
0.826
0.959
0.550
0.812
0.923
0.529
0.909
0.870
0.714
0.600
0.642
0.977
0.744
0.804
0.687
0.877
0.934
0.868
0.258
0.589
0.471
0.651
0.911
0.907
0.444
0.691
0.996
0.967
0.571
0.889
0.696
0.943
0.398
0.156
0.921
0.677
0.912
0.400
0.923
1.000
0.441
0.897
