0.712
0.833
0.769
0.586
0.632
0.680
0.912
0.838
0.600
0.789
0.840
0.906
1.000
1.000
1.000
1.000
1.000
1.000
0.643
0.674
1.000
0.500
1.000
0.625
0.698
0.485
0.688
0.175
0.667
0.739
0.288
0.701
0.729
0.542
0.198
0.735
0.138
0.623
0.981
0.808
0.622
0.673
0.311
0.492
0.522
0.432
0.333
0.416
0.085
0.881
0.981
0.638
0.979
0.234
0.200
0.297
0.071
0.103
0.018
0.133
0.700
0.912
0.769
0.927
0.972
0.953
0.975
0.933
0.808
0.607
0.792
0.471
0.443
0.474
0.972
0.763
0.721
0.508
0.727
0.525
0.556
0.862
0.769
0.848
0.643
0.630
0.667
0.276
0.348
0.395
0.875
0.683
0.640
0.960
1.000
1.000
0.816
0.895
0.862
0.966
0.973
1.000
0.804
0.860
1.000
0.729
0.983
0.717
0.971
0.963
1.000
0.978
0.974
0.939
0.960
0.956
0.946
0.964
0.986
0.970
0.957
0.836
0.895
0.978
0.909
0.915
0.926
0.765
0.891
0.902
0.969
0.902
0.962
0.963
0.892
0.962
0.939
0.887
0.961
0.884
0.958
0.980
0.750
0.959
0.941
0.763
0.837
0.898
0.796
0.969
0.980
0.881
0.906
0.993
0.961
0.929
1.000
0.128
0.359
0.500
0.826
0.910
0.558
0.830
0.943
0.885
0.554
0.656
1.000
0.860
0.586
0.982
0.917
0.977
0.800
0.267
0.722
0.713
0.962
0.975
0.269
0.826
0.966
0.765
0.079
0.944
0.970
0.513
1.000
0.986
0.905
0.818
0.958
0.964
0.929
0.994
0.986
0.965
0.853
0.955
0.824
0.113
0.953
1.000
0.923
0.400
1.000
0.984
1.000
1.000
0.750
1.000
0.938
0.974
0.773
1.000
0.692
0.857
0.923
0.971
0.935
0.944
1.000
0.892
0.935
0.960
1.000
0.955
0.800
1.000
0.876
1.000
0.923
0.880
0.484
0.993
0.885
0.882
1.000
1.000
0.944
1.000
0.554
0.902
0.993
0.992
0.955
0.867
0.587
0.964
0.904
1.000
0.901
0.809
0.635
0.610
0.388
0.994
0.907
0.937
0.705
0.768
0.849
0.631
0.961
0.620
0.400
0.515
0.405
0.639
0.955
0.979
0.824
0.824
0.562
0.857
0.977
0.710
0.981
0.975
0.953
0.667
0.818
0.886
0.564
1.000
0.962
0.677
0.619
0.848
0.975
0.606
0.875
0.679
0.945
0.962
0.966
0.186
0.322
0.385
0.909
0.940
0.980
0.193
0.724
0.997
0.989
0.889
0.889
0.970
0.997
0.471
0.076
0.983
0.973
0.996
0.176
0.879
1.000
0.355
0.944
