0.867
0.812
0.909
0.739
0.857
0.933
0.967
0.925
0.760
0.891
1.000
0.968
1.000
1.000
1.000
1.000
0.833
1.000
0.739
0.967
1.000
0.632
1.000
0.947
1.000
0.681
0.867
0.000
0.789
0.882
0.800
1.000
0.920
1.000
0.806
0.920
0.667
0.842
0.949
0.909
0.917
0.917
0.611
0.829
0.667
0.733
0.636
0.644
0.444
0.973
1.000
0.914
0.902
0.625
0.545
0.500
0.667
0.875
1.000
0.769
0.921
1.000
1.000
0.975
0.951
0.974
0.973
0.963
1.000
0.971
0.833
0.789
0.750
0.667
0.909
0.971
0.962
0.789
0.778
1.000
0.727
0.950
0.833
0.917
0.750
0.824
0.929
0.759
0.619
0.783
0.933
0.893
0.735
0.977
0.974
0.980
0.871
0.917
0.929
1.000
0.971
1.000
0.911
0.921
0.967
0.903
0.978
0.882
1.000
0.943
0.974
1.000
0.962
0.959
0.957
0.957
0.931
0.977
0.984
0.956
1.000
0.912
0.897
0.974
0.973
0.947
0.958
0.920
0.971
0.921
0.960
0.955
0.963
1.000
0.926
0.978
0.971
0.938
0.920
0.933
0.977
0.920
0.900
1.000
0.983
0.900
0.875
0.925
0.859
0.934
0.957
0.870
0.926
0.987
0.954
0.973
1.000
0.333
0.609
0.857
0.841
0.990
0.711
0.942
0.929
0.979
0.619
0.750
1.000
0.963
0.952
1.000
0.943
0.977
0.886
0.333
0.917
0.957
0.933
0.988
0.447
0.941
0.986
0.979
0.143
0.963
0.979
0.732
1.000
1.000
0.882
0.938
0.957
0.989
0.979
0.994
1.000
0.973
1.000
0.981
0.939
0.364
0.986
1.000
0.960
0.500
0.900
1.000
1.000
0.875
0.824
1.000
0.938
0.973
0.739
1.000
0.800
0.857
0.917
0.972
0.935
1.000
1.000
0.919
0.849
0.958
1.000
0.950
0.643
0.977
0.895
1.000
0.948
0.941
0.357
0.986
0.962
0.882
1.000
1.000
0.934
0.967
0.800
0.919
0.974
0.973
0.906
0.962
0.836
0.964
0.934
0.984
0.939
0.924
0.912
0.938
0.645
0.983
0.939
0.924
0.951
0.883
0.924
0.883
0.996
0.667
0.625
0.737
0.727
0.947
0.932
0.977
0.929
1.000
0.714
0.964
0.977
0.840
0.980
0.973
0.972
0.571
0.968
0.944
0.640
0.973
0.979
1.000
0.562
0.960
0.975
0.833
0.833
0.857
0.982
0.982
0.962
0.289
0.567
0.603
1.000
0.957
0.988
0.706
0.791
1.000
1.000
1.000
0.889
0.970
0.995
0.572
0.176
0.979
0.868
0.968
0.333
0.891
1.000
0.882
0.971
