0.010
0.120
0.230
0.370
0.620
0.840
0.910
1.210
1.300
1.370
1.430
1.550
1.700
1.870
1.980
2.550
2.700
2.860
3.070
3.400
3.460
3.560
3.610
3.800
3.850
3.970
4.030
4.100
4.180
4.230
4.340
4.410
4.460
4.580
4.800
4.850
5.030
5.130
5.290
5.390
5.510
5.650
5.850
5.910
6.090
6.170
6.300
6.380
6.440
6.510
6.560
6.630
6.690
6.900
7.130
7.190
7.310
7.470
7.550
7.760
7.890
8.000
8.080
8.240
8.390
8.510
8.630
8.790
9.030
9.170
9.260
9.310
9.370
9.600
9.670
9.780
9.980
10.040
10.290
10.810
10.860
11.250
11.300
11.620
11.680
11.730
11.800
12.070
12.260
12.330
12.470
12.580
12.680
12.840
13.070
13.280
13.350
13.710
13.830
13.970
14.090
14.220
14.370
14.610
14.930
15.320
15.450
15.770
15.840
15.960
16.210
16.370
16.440
16.530
16.580
16.630
16.700
16.760
16.810
16.910
17.090
17.170
17.330
17.430
17.690
17.780
17.910
18.100
18.170
18.320
18.410
18.530
18.600
18.680
18.760
18.920
19.110
19.420
19.550
19.670
19.740
19.990
20.190
20.240
20.340
20.480
20.610
20.720
20.810
20.890
20.950
21.230
21.480
21.650
21.820
21.890
21.990
22.110
22.280
22.600
23.380
24.210
24.960
28.290
