0.010
0.280
0.550
0.800
0.960
1.090
1.350
1.630
1.850
1.900
2.170
2.250
2.320
2.440
2.710
2.880
2.980
3.110
3.250
3.410
3.530
3.790
4.060
4.330
4.610
4.880
5.140
5.290
5.410
5.680
5.950
6.220
6.490
6.630
6.760
7.040
7.270
7.320
7.430
7.580
7.850
7.980
8.030
8.110
8.390
8.640
8.930
9.200
9.340
9.390
9.470
9.610
9.740
9.920
10.010
10.280
10.550
10.820
10.900
10.960
11.020
11.090
11.360
11.630
11.770
11.900
12.170
12.440
12.710
12.980
13.250
13.520
13.790
13.940
14.060
14.330
14.480
14.600
14.760
14.870
15.010
15.140
15.280
15.410
15.560
15.690
15.960
16.110
16.220
16.510
16.770
17.040
17.310
17.580
17.850
18.120
18.360
18.410
18.660
18.920
19.090
19.340
19.470
19.740
19.970
20.020
20.270
20.420
20.550
20.820
21.090
21.360
21.630
21.900
22.170
22.440
22.580
22.710
22.980
23.250
23.520
23.660
23.800
23.930
24.060
24.330
24.610
24.740
24.790
24.880
25.150
25.420
25.690
25.840
25.890
25.960
26.230
26.500
26.770
27.040
27.310
27.580
27.710
27.850
27.990
28.080
28.130
28.390
28.660
28.770
28.930
29.070
29.200
29.470
29.740
