0.070
0.120
0.300
0.480
0.640
0.830
0.960
1.010
1.180
1.340
1.530
1.880
2.050
2.250
2.390
2.590
2.740
2.790
2.900
2.950
3.100
3.280
3.440
3.630
3.810
3.970
4.150
4.340
4.500
4.680
4.860
5.020
5.070
5.210
5.390
5.550
5.600
5.770
5.870
5.920
6.050
6.250
6.600
6.830
6.960
7.140
7.320
7.500
7.670
7.840
8.010
8.190
8.360
8.540
8.710
8.880
9.060
9.410
9.590
9.760
9.930
10.120
10.290
10.460
10.630
10.800
10.980
11.160
11.340
11.490
11.540
11.660
11.710
11.860
12.050
12.220
12.400
12.570
12.740
12.930
13.100
13.260
13.440
13.610
13.770
13.820
13.970
14.150
14.310
14.670
14.840
15.020
