0.330
0.460
1.380
1.740
2.100
2.400
2.470
2.730
3.450
3.820
3.960
4.160
4.340
4.490
4.580
4.880
4.990
5.040
5.190
5.570
5.900
6.240
6.400
6.580
6.700
6.810
6.890
6.940
7.060
7.270
7.610
7.930
8.260
8.510
8.610
8.700
8.830
8.890
8.960
9.010
9.080
9.140
9.250
9.300
9.690
10.020
10.330
10.380
10.680
11.000
11.250
11.380
11.720
12.070
12.440
12.790
12.960
13.120
13.170
13.840
14.160
14.490
14.770
15.080
15.320
15.450
15.790
16.150
16.560
16.930
17.020
17.150
17.210
17.360
17.410
17.540
17.760
17.890
18.100
18.440
18.600
18.770
19.080
19.270
19.330
19.440
19.780
20.120
20.470
20.840
21.120
21.250
21.300
21.470
21.520
21.620
21.970
22.290
22.600
22.940
23.250
23.580
23.630
24.270
24.600
24.800
24.950
25.180
25.250
25.340
25.480
25.530
25.610
25.950
26.260
26.590
26.790
26.940
27.240
27.550
27.840
27.910
28.210
28.260
28.490
28.560
28.860
29.150
29.310
29.400
29.500
29.600
30.090
30.290
30.440
30.750
31.080
31.390
31.690
31.740
32.060
