0.010
0.080
0.230
0.370
0.630
0.900
1.170
1.440
1.580
1.710
1.980
2.250
2.390
2.520
2.780
3.060
3.330
3.600
3.740
3.870
4.140
4.400
4.550
4.680
4.940
5.100
5.220
5.480
5.760
5.900
6.030
6.300
6.470
6.560
6.710
6.840
7.100
7.380
7.650
7.920
8.060
8.190
8.460
8.720
8.870
9.000
9.260
9.530
9.800
10.080
10.210
10.350
10.610
10.780
10.880
11.020
11.150
11.420
11.690
11.960
12.240
12.380
12.500
12.770
13.030
13.180
13.310
13.580
13.850
14.120
14.390
14.540
14.660
14.930
15.190
15.340
15.470
15.730
16.000
16.270
16.550
16.690
16.820
17.090
17.350
17.500
17.630
17.890
18.160
18.430
18.610
18.710
18.850
18.980
19.240
19.510
19.660
19.790
20.050
20.320
