0.010
0.130
0.200
0.330
0.440
0.550
0.750
0.850
0.980
1.090
1.220
1.310
1.420
1.530
1.660
1.910
2.030
2.150
2.250
2.370
2.450
2.590
2.690
2.820
3.040
3.150
3.270
3.380
3.510
3.580
3.630
3.750
3.830
3.990
4.070
4.200
4.400
4.530
4.660
4.780
4.900
5.010
5.130
5.240
5.360
5.470
5.590
5.680
5.800
5.930
6.060
6.180
6.290
6.450
6.590
6.720
6.860
7.520
7.840
8.080
8.340
8.390
8.590
8.820
9.060
9.310
9.540
9.870
10.010
10.230
10.470
10.720
10.840
10.960
11.060
11.190
11.290
11.400
11.520
11.640
11.740
11.860
11.970
12.090
12.200
12.320
12.420
12.550
12.660
12.780
