0.010
0.110
0.160
0.260
0.330
0.560
1.000
1.280
1.430
1.580
1.670
1.720
1.860
2.140
2.300
2.540
2.740
2.790
2.900
3.000
3.100
3.180
3.450
3.610
4.060
4.500
4.930
5.210
5.370
5.650
5.810
5.860
6.100
6.240
6.410
6.490
6.560
6.670
6.720
6.890
6.960
7.120
7.390
7.440
7.550
7.600
8.000
8.050
8.310
8.440
8.490
8.700
8.750
8.880
8.930
9.090
9.190
9.350
9.520
9.640
9.720
9.780
9.990
10.150
10.210
10.500
10.650
11.090
11.520
11.960
12.150
12.250
12.390
12.520
12.680
12.850
13.130
13.280
13.730
14.000
14.140
14.590
14.950
15.020
15.450
15.680
15.730
15.860
16.000
16.180
16.340
16.440
16.500
16.630
16.780
16.930
17.200
17.470
17.630
18.070
18.430
18.480
18.530
18.820
18.880
18.930
18.990
19.190
19.370
19.650
19.820
19.910
19.960
20.100
20.260
20.420
20.500
20.650
20.700
20.750
21.130
21.570
22.010
22.440
22.720
22.820
22.900
22.950
23.170
23.330
23.380
23.620
23.710
23.770
23.930
24.020
24.200
24.350
24.630
25.080
25.470
25.520
25.820
25.950
26.000
26.230
26.400
26.680
26.840
27.090
27.280
27.440
27.670
27.720
27.920
28.030
28.140
28.580
29.000
29.440
29.720
29.880
30.170
30.330
30.610
30.760
30.930
31.010
31.200
31.620
32.070
32.500
32.930
33.230
33.380
33.670
33.830
34.130
34.260
34.310
34.450
34.540
34.720
