0.980
1.460
1.700
1.920
2.150
2.380
2.600
3.060
3.280
3.500
3.720
3.960
4.170
4.390
4.610
4.660
5.090
5.350
5.550
5.760
5.810
6.000
6.260
6.470
6.690
6.740
6.920
6.970
7.150
7.200
7.380
7.430
7.610
7.660
7.850
8.090
8.140
8.320
8.550
8.770
9.010
9.160
9.250
9.480
9.530
9.710
9.940
10.140
10.190
10.410
10.460
10.640
10.880
10.930
11.100
11.330
11.560
11.610
11.810
12.020
12.090
12.410
12.480
12.530
12.720
12.920
12.980
13.170
13.220
13.410
13.630
13.870
14.120
14.190
14.330
14.510
14.560
14.780
15.020
15.240
15.500
15.700
15.750
15.960
16.010
16.150
16.200
16.390
16.440
16.550
16.640
16.880
17.110
17.360
17.590
17.810
18.050
18.290
18.520
18.800
18.980
19.220
19.280
19.460
19.690
19.920
20.150
20.380
20.620
20.670
20.860
21.100
21.330
21.560
21.790
22.010
22.250
22.480
22.530
22.710
22.940
22.990
23.180
23.410
23.630
23.870
24.260
24.310
24.520
24.710
24.760
24.960
25.410
25.590
25.860
26.080
26.320
26.550
26.780
27.180
27.250
27.480
27.710
27.940
28.180
28.400
28.640
28.870
28.920
29.100
29.340
29.560
29.790
