0.010
0.070
0.280
0.390
0.510
0.560
0.730
0.840
0.940
1.170
1.230
1.380
1.590
1.660
1.790
2.040
2.220
2.270
2.450
2.640
2.820
2.870
3.080
3.150
3.260
3.480
3.690
3.740
3.940
4.150
4.280
4.350
4.570
4.640
4.790
4.840
4.990
5.200
5.440
5.490
5.550
5.640
5.870
5.920
6.070
6.230
6.510
6.690
6.850
6.930
7.150
7.230
7.310
7.360
7.570
7.620
7.680
7.780
8.000
8.210
8.420
8.630
8.870
9.050
9.270
9.470
9.690
9.920
10.130
10.330
10.380
10.580
10.750
10.800
10.870
10.920
11.200
11.400
11.540
11.640
11.860
12.060
12.310
12.510
12.570
12.840
12.890
12.940
13.020
13.150
13.370
13.570
13.790
13.990
14.210
14.330
14.650
15.080
15.170
15.280
15.500
15.730
15.780
15.930
16.070
16.350
16.580
16.790
17.000
17.210
17.400
17.450
17.540
17.610
17.660
17.710
18.060
18.300
18.510
18.690
18.940
19.140
19.350
19.720
19.780
19.990
20.040
20.210
20.440
20.530
20.630
20.850
20.960
21.080
21.310
21.360
21.490
21.720
21.920
22.130
22.350
22.570
22.680
22.770
23.110
23.220
23.430
23.500
23.550
23.600
23.860
23.940
24.080
24.230
24.290
24.340
24.520
24.600
24.940
25.170
25.370
25.580
25.710
25.790
26.020
26.130
26.230
26.460
26.560
26.660
26.860
27.080
27.430
27.480
27.720
27.770
27.940
28.000
28.270
28.360
28.510
28.690
28.790
28.950
29.010
29.120
29.220
29.460
29.550
29.650
