0.410
0.530
0.680
0.760
0.860
1.180
1.540
1.850
2.530
2.810
3.150
3.210
3.260
3.500
3.800
4.040
4.110
4.390
4.450
4.500
4.760
5.080
5.330
5.400
5.750
5.920
5.990
6.070
6.120
6.320
6.380
6.700
7.000
7.680
7.940
8.010
8.350
8.680
8.980
9.030
9.260
9.320
9.600
9.670
9.720
10.000
10.310
10.630
10.710
10.760
10.820
10.970
11.100
11.160
11.290
11.610
11.680
11.930
12.010
12.290
12.640
12.960
13.190
13.270
13.610
13.690
13.780
13.970
14.290
14.500
14.610
14.930
15.060
15.220
15.280
15.590
15.900
16.250
16.370
16.510
16.610
16.900
17.200
17.580
17.940
18.250
18.550
18.600
18.940
19.310
19.620
19.870
19.930
20.130
20.230
20.290
20.600
20.670
20.930
21.000
21.300
21.650
21.990
22.280
22.620
22.670
22.930
23.290
23.430
23.610
23.860
23.930
23.980
24.300
24.950
25.290
25.580
25.630
25.970
26.300
26.480
26.610
26.910
26.960
27.200
27.300
27.620
27.970
28.290
28.340
28.980
29.030
29.270
29.540
29.630
