0.070
0.130
0.360
0.520
0.650
0.800
0.930
1.070
1.190
1.330
1.460
1.600
1.730
1.870
2.010
2.150
2.290
2.420
2.490
2.550
2.600
2.690
2.760
2.810
2.960
3.080
3.220
3.270
3.360
3.500
3.630
3.780
3.900
4.040
4.180
4.330
4.460
4.590
4.640
4.720
4.860
5.000
5.130
5.270
5.400
5.530
5.670
5.820
5.890
5.950
6.090
6.230
6.370
6.490
6.640
6.770
6.930
6.980
7.030
7.080
7.180
7.320
7.440
7.580
7.730
7.870
7.990
8.040
8.170
8.340
8.580
8.740
8.870
8.920
9.100
9.150
9.270
9.370
9.530
9.590
9.680
9.790
9.860
9.910
10.050
10.180
10.340
10.450
10.600
10.740
10.870
10.940
10.990
11.130
11.260
11.400
11.530
11.670
11.820
11.880
11.950
12.000
12.070
12.210
12.260
12.350
12.630
12.880
12.930
13.160
13.450
13.500
13.590
13.730
13.850
13.900
13.990
14.110
14.160
14.270
14.400
14.540
14.670
14.810
14.950
15.090
15.160
15.220
15.350
15.490
15.640
15.690
15.760
15.810
15.890
16.030
16.150
16.200
16.310
16.450
16.580
16.710
16.760
16.900
17.060
17.290
17.460
17.580
17.630
17.740
17.820
17.890
18.100
18.250
18.390
18.520
18.650
18.780
18.930
19.010
19.070
19.200
19.330
19.450
19.500
19.600
19.730
19.860
19.990
20.050
20.130
20.240
20.380
20.430
20.530
20.660
20.800
20.930
20.980
21.060
21.110
21.220
21.350
21.480
21.620
21.670
21.730
21.790
21.890
22.000
22.060
22.180
22.310
22.370
22.430
22.560
22.610
22.710
22.820
22.870
22.920
22.990
23.130
23.180
23.270
23.420
23.540
23.680
23.810
23.960
24.080
24.210
24.260
24.340
24.490
24.620
24.670
24.760
24.880
25.020
25.170
25.220
25.270
25.320
25.420
25.470
25.530
25.630
25.750
25.880
26.020
26.070
26.150
26.270
26.320
26.490
26.540
26.700
26.830
26.980
27.250
27.330
27.380
27.510
27.780
27.860
27.910
28.050
28.170
28.320
28.450
28.580
28.660
28.740
28.860
28.970
29.020
29.130
29.250
29.420
29.500
29.670
29.830
