0.130
0.290
0.390
0.480
6.120
7.350
7.580
8.000
8.460
8.840
9.750
9.840
9.980
10.220
10.600
10.850
11.080
12.180
12.510
12.710
12.930
13.140
13.310
13.500
13.660
13.890
14.080
14.210
14.410
14.650
15.070
15.150
15.410
15.710
15.910
16.160
16.380
16.870
17.050
17.580
18.130
18.410
18.510
18.660
18.910
19.100
19.270
19.670
19.800
20.150
20.350
20.480
20.610
20.760
21.170
21.360
21.760
22.520
22.950
23.650
23.790
23.920
24.270
24.320
24.430
24.820
24.930
25.150
25.330
25.610
25.950
26.020
26.100
26.370
26.590
26.860
27.110
27.290
27.440
27.930
28.530
28.880
28.940
29.450
29.760
29.920
30.550
30.670
30.750
30.860
30.950
31.250
31.360
31.960
32.290
32.620
32.890
32.950
33.060
33.190
33.310
33.460
33.620
33.730
34.570
34.700
34.820
34.950
35.150
35.290
35.450
35.870
35.920
36.240
36.970
37.100
37.230
37.340
37.470
37.520
37.610
37.730
37.830
38.070
38.250
38.330
39.050
39.170
39.370
39.970
40.370
40.660
40.870
40.970
41.510
41.870
42.230
42.390
42.860
42.980
43.320
43.980
44.130
44.250
44.830
45.000
45.500
45.610
45.720
45.800
45.930
46.410
47.510
47.630
47.800
47.990
48.180
48.610
48.870
49.020
49.130
49.650
49.900
50.070
50.190
50.280
50.390
50.580
50.740
50.850
51.260
52.010
52.330
52.500
52.920
53.000
53.260
53.510
53.910
53.990
54.040
54.310
54.550
54.710
54.790
55.020
55.420
55.860
56.000
56.250
56.310
56.530
57.010
57.210
57.260
57.510
57.740
58.010
58.230
58.430
58.720
58.930
59.260
59.500
59.630
59.940
60.110
60.280
60.420
60.630
60.820
60.930
61.020
61.090
61.200
61.520
61.690
61.860
62.030
62.270
62.410
62.520
62.780
62.910
63.030
63.280
63.370
63.530
63.660
63.780
63.930
64.030
64.280
64.540
64.740
64.790
64.840
64.990
65.550
65.700
66.050
67.080
67.340
68.340
68.540
68.660
68.750
68.860
69.080
69.160
69.810
69.920
70.430
70.660
70.760
71.130
71.900
72.310
72.410
72.510
72.660
73.050
73.150
73.350
73.570
73.800
73.890
73.980
74.080
74.170
74.260
74.390
74.500
74.820
75.020
75.420
75.670
76.030
76.430
76.900
77.110
77.220
77.320
77.430
77.840
77.940
78.050
78.160
78.270
78.370
78.460
78.570
78.670
78.990
79.100
79.200
79.320
79.410
79.520
79.720
80.030
80.180
80.270
80.350
80.450
80.550
80.850
80.960
84.130
86.540
87.030
87.200
87.380
87.720
93.740
102.490
102.600
124.710
126.890
128.890
131.730
132.380
132.990
133.410
133.570
133.730
133.900
134.150
134.390
134.490
134.700
134.820
135.220
135.870
136.000
136.660
136.910
137.660
137.910
138.660
138.740
139.000
139.930
140.510
141.090
141.250
141.580
141.990
142.110
142.440
142.670
142.970
143.170
143.250
143.340
143.430
143.500
143.590
143.680
143.780
143.840
143.940
144.380
144.880
144.930
145.810
145.970
146.740
146.810
146.900
146.980
147.060
147.140
147.560
147.650
147.740
147.980
148.240
148.400
148.490
148.570
148.650
148.730
149.320
149.570
150.030
150.910
150.990
151.160
151.370
151.750
151.810
152.000
152.420
152.500
152.580
152.670
152.750
152.920
153.000
153.090
153.370
154.000
154.090
154.570
155.480
155.620
156.130
157.440
158.510
158.690
158.870
159.630
159.990
160.390
160.750
161.260
161.500
161.770
162.070
162.410
162.580
163.030
163.080
163.500
164.040
164.690
165.420
168.780
169.550
170.130
170.720
170.950
171.220
171.690
172.200
172.360
172.730
172.940
173.060
173.240
173.620
173.710
173.820
174.170
174.290
174.410
174.560
174.630
174.720
174.820
175.220
175.310
175.510
175.570
175.630
175.690
175.750
175.830
175.980
176.150
176.320
176.480
176.690
