0.130
0.190
2.400
2.600
2.780
2.950
3.130
3.300
3.470
3.640
3.840
4.010
4.190
4.350
4.640
4.880
5.060
5.250
5.430
5.580
5.920
6.060
6.220
6.380
6.550
6.940
8.020
8.390
8.580
8.760
8.940
9.120
9.300
9.470
9.520
9.650
9.810
10.000
10.180
10.370
10.560
10.750
11.030
11.240
11.410
11.600
11.770
11.970
12.480
12.670
12.830
12.880
13.030
13.260
13.640
13.820
13.970
14.230
14.360
14.410
14.770
15.100
15.840
16.030
16.140
16.320
16.500
16.660
16.820
16.970
17.330
18.120
19.120
19.310
19.510
19.680
19.850
20.030
20.190
20.340
20.460
20.540
20.860
20.960
21.010
21.700
21.880
22.050
22.220
22.380
22.520
22.670
23.700
23.900
24.090
24.290
24.490
24.690
24.890
25.100
25.320
27.830
27.980
28.650
29.250
29.430
29.620
29.800
29.960
30.120
30.280
30.400
30.560
31.180
31.370
31.530
31.690
31.850
32.030
32.250
32.410
32.550
32.700
32.850
32.930
33.650
33.810
33.980
34.140
34.310
34.480
35.200
35.350
35.900
36.990
37.100
38.420
38.600
38.770
38.950
39.100
39.250
39.420
39.610
39.770
39.920
40.090
40.230
40.560
40.700
40.850
41.010
41.200
41.250
41.380
41.870
42.040
42.210
42.380
42.550
42.720
42.890
43.060
43.210
43.380
43.670
44.800
45.880
45.960
47.240
47.420
47.580
47.760
47.890
48.180
48.350
48.500
48.650
48.830
48.880
49.080
49.230
49.380
49.580
49.800
49.960
50.350
50.400
50.560
50.710
50.840
51.120
52.080
52.250
52.400
52.550
52.710
52.870
53.030
53.190
53.240
53.350
53.500
53.770
54.390
54.470
55.270
55.400
55.550
55.680
55.820
56.000
56.340
56.490
56.710
56.760
56.930
57.090
57.250
57.400
57.530
57.680
57.800
57.850
58.200
58.250
58.460
58.630
58.780
58.930
59.090
59.240
59.400
59.670
59.770
60.360
60.410
60.590
60.770
60.950
61.140
61.320
61.500
61.680
61.860
