0.160
0.410
0.660
0.910
1.420
1.570
1.680
1.930
2.190
2.440
2.690
2.950
3.350
3.460
3.710
3.960
4.220
4.470
4.730
4.980
5.490
5.640
5.750
6.000
6.260
6.510
6.760
7.010
7.410
7.520
7.780
8.030
8.290
8.540
8.800
9.050
9.560
9.710
9.820
10.070
10.330
10.570
10.830
11.080
11.480
11.590
11.840
12.100
12.360
12.610
12.860
13.120
13.620
13.770
13.890
14.130
14.390
14.550
14.640
14.900
15.150
15.310
15.550
15.660
15.820
15.910
16.070
16.170
16.420
16.680
16.930
17.070
17.190
17.440
17.580
17.700
17.820
17.870
17.950
18.110
18.200
18.460
18.590
18.720
18.960
19.110
19.220
19.380
19.470
19.620
19.730
19.860
19.980
20.140
20.240
20.490
20.750
21.000
21.140
21.250
21.390
21.510
21.650
21.760
21.890
21.940
22.020
22.170
22.270
22.530
22.650
22.780
23.030
23.180
23.290
23.440
23.540
23.690
23.800
23.960
24.050
24.210
24.300
24.560
24.820
25.070
25.200
25.320
25.580
25.710
25.830
25.960
26.010
26.080
26.240
26.340
26.600
26.720
26.850
27.100
27.250
27.360
27.510
27.610
27.760
27.870
28.000
28.050
28.120
28.270
28.380
28.630
28.890
29.130
29.280
29.390
29.650
29.780
29.900
30.030
30.080
30.150
30.310
30.410
30.660
30.790
30.840
30.920
31.170
31.430
31.580
31.680
31.840
31.930
32.090
32.190
32.350
32.440
32.700
32.950
33.200
33.340
33.460
33.590
33.710
33.850
33.970
34.100
34.150
34.220
34.370
34.470
34.600
34.730
34.880
34.980
35.230
35.380
35.490
35.640
35.750
35.890
36.000
36.130
36.250
36.410
36.510
36.630
36.760
37.020
37.270
37.400
37.530
37.780
38.040
38.170
38.290
38.550
38.790
38.950
39.040
39.300
39.560
39.720
39.810
39.970
40.070
40.210
40.320
40.480
40.580
40.840
41.090
41.340
41.480
41.590
41.720
41.850
41.980
42.100
42.240
42.350
42.500
42.610
42.740
42.860
43.010
43.120
43.370
43.510
43.630
43.770
43.880
44.030
44.140
44.300
44.390
44.540
44.640
44.780
44.900
45.060
45.150
45.400
45.540
45.660
45.790
45.910
46.050
46.170
46.300
46.350
46.420
46.570
46.680
46.810
46.930
47.190
47.440
47.700
47.950
48.200
48.360
48.460
48.720
48.960
49.220
49.470
49.600
49.730
49.980
50.100
50.210
50.260
50.390
50.490
50.630
50.740
50.880
51.000
51.250
51.510
51.760
51.920
52.010
52.160
52.270
52.400
52.520
52.670
52.780
52.910
53.030
53.180
53.290
53.540
53.680
53.800
53.920
54.050
54.310
54.460
54.560
54.770
54.820
55.060
55.320
55.430
55.570
55.720
55.830
55.990
56.090
56.240
56.340
56.500
56.590
