0.295956
0.381000
0.521000
0.625000
0.861000
0.988000
1.215000
1.325000
1.470000
1.563000
1.684622
1.799000
1.916000
2.029000
2.149133
2.258911
2.391000
2.497000
2.744000
2.854000
3.087000
3.205578
3.348667
3.445000
3.566222
3.677933
3.797000
3.913000
4.051000
4.151000
4.267911
4.400000
4.638333
4.754000
4.977000
5.091000
5.226333
5.328000
5.456644
5.566400
5.685956
5.805000
5.918222
6.035000
6.166156
6.271000
6.499356
6.634600
6.841378
6.972711
7.106956
7.215000
7.334311
7.440156
7.562667
7.677000
7.811578
7.913000
8.036000
8.149000
8.380956
