0.380000
0.519400
0.638000
0.842000
0.943000
1.209000
1.368000
1.497000
1.592000
1.702000
1.857000
1.975000
2.106000
2.211000
2.486000
3.198000
3.315333
3.416000
3.503000
3.693000
3.898000
4.091511
4.290000
4.513000
4.748000
4.973000
5.211000
5.720000
5.997600
6.298000
6.485000
6.594000
6.874756
7.125000
7.412000
7.683000
7.869400
7.992000
8.102644
8.263356
8.403000
8.524000
8.785711
9.204000
9.626000
9.858000
9.960000
10.443000
10.778000
10.930000
11.029000
11.177000
11.606133
11.757067
11.896000
12.022644
12.119000
12.305000
12.501000
12.620000
12.758000
12.864000
13.285000
13.570000
13.779000
13.908156
14.026000
14.273000
15.365000
15.890000
15.980000
16.189000
16.369000
16.514000
16.649000
16.758000
16.856000
16.931000
