0.317511
0.592911
0.857511
1.118178
1.379289
1.629600
1.909044
2.164822
2.411822
2.652867
2.765556
2.896800
3.159911
3.417267
3.819067
3.910200
4.000356
4.095422
4.183622
4.294356
4.373733
4.482511
4.569733
4.668711
4.753978
4.848089
4.930378
5.143911
5.340022
5.401756
5.516422
5.742800
5.940756
6.033867
6.126667
6.332889
6.517778
6.621867
6.713000
6.987400
7.049133
7.105000
7.186333
7.252978
7.312756
7.385289
7.462711
7.515622
7.589111
7.662622
7.729267
7.791978
7.852733
7.905667
7.968378
8.052667
8.119311
8.171244
8.246711
8.296689
8.360378
8.433889
8.493667
8.549511
8.606356
8.661244
8.724933
