0.348178
0.611289
0.816000
0.841689
0.857000
1.121000
1.132000
1.366000
1.468000
1.611000
1.638000
1.666000
1.693600
1.860000
1.891000
1.925000
1.963000
2.140000
2.155000
2.178000
2.422000
2.443000
2.713000
2.902000
2.964000
3.180000
3.228000
3.239000
3.506000
3.725000
3.764000
4.041000
4.285000
4.559000
4.822000
5.050000
5.088000
5.344000
5.611000
5.848000
5.866000
5.884000
6.146000
6.393000
6.665000
7.177000
7.212000
7.412000
7.450000
7.687556
7.950000
7.989000
8.479000
8.502000
8.714000
9.010000
9.031000
9.314000
9.555000
9.726000
9.821000
9.969000
