0.483000
0.795000
0.837422
1.043000
1.108000
1.333000
1.640000
1.678000
1.727000
2.006000
2.200000
2.288000
2.344000
2.952000
3.232000
3.259000
3.346000
3.514000
3.538000
3.560000
3.595000
3.842000
4.127000
4.150000
4.209000
4.430000
4.464000
4.481000
4.796000
4.852000
5.058000
5.100000
5.236000
5.372000
5.398000
5.709000
5.834000
5.990000
6.014000
6.039000
6.296000
6.351000
6.599000
6.658000
6.901000
7.244000
7.498000
7.548000
7.839000
8.078000
8.147000
8.224000
8.439000
8.461000
8.764000
9.055000
9.075000
9.354000
9.766000
9.927000
