0.219000
0.454000
0.572000
0.828000
0.935000
1.192000
1.294000
1.513000
1.632000
1.868000
1.990000
2.200000
2.336000
2.366000
2.573000
2.699000
2.941000
3.043000
3.285000
3.394000
3.630000
3.746000
3.974000
4.100000
4.325000
4.451000
4.697000
4.807000
5.175200
5.391000
5.745000
5.858000
5.882000
6.227644
6.577000
6.588889
6.824978
6.949000
7.189000
7.306000
7.512000
7.657000
7.687000
7.893000
7.999733
8.236000
8.363000
8.600000
8.705000
8.929867
9.057000
9.086000
9.284000
9.411000
9.635000
9.764711
