0.496000
0.801867
0.852000
1.003822
1.043644
1.104800
1.151733
1.205778
1.251289
1.291111
1.339467
1.384978
1.430489
1.470311
1.521511
1.578400
1.621067
1.663733
1.703556
1.808800
1.858000
2.015000
2.049000
2.310000
2.638000
2.950000
3.254000
3.562400
3.861000
4.168267
4.296267
4.330000
4.464000
4.493000
4.601000
4.744267
4.779822
5.046000
5.078000
5.324533
5.374311
5.678667
5.772533
5.864978
6.020000
6.288000
6.533000
6.577511
6.614000
6.901778
6.916000
7.009000
7.049689
7.236000
7.530400
7.786000
7.860000
7.888000
8.137000
8.160000
8.466000
8.735000
8.773000
9.068000
9.088000
9.152000
9.217000
9.274000
9.366000
9.687000
9.980000
