0.267000
0.298000
0.416000
0.577000
0.707000
0.874000
1.001000
1.033000
1.148000
1.305000
1.441000
1.591000
1.622000
1.750000
1.885000
1.898400
1.962000
2.035000
2.109000
2.180000
2.263200
2.326000
2.408000
2.481000
2.555000
2.617000
2.689156
2.768000
2.850000
2.913000
2.986000
3.060000
3.135733
3.216000
3.289000
3.356000
3.377000
3.502000
3.656000
3.795000
3.945000
4.092000
4.237000
4.395000
4.530000
4.572000
4.683000
4.709000
4.834000
4.970000
5.001000
5.123000
5.142000
5.282000
5.412000
5.572000
5.711000
5.734000
5.854000
6.007200
6.148000
6.167000
6.299000
6.317000
6.451000
6.588000
6.753000
6.881000
7.176000
7.456444
7.688000
7.764000
8.054000
8.307000
8.351000
8.643000
8.939000
9.232000
9.381000
9.539000
9.652000
9.678000
9.801000
9.822000
9.919733
