0.205956
0.675289
0.804711
0.912800
1.020889
1.146044
1.259822
1.673689
1.778933
1.887022
2.016444
2.113156
2.252533
2.656444
2.765956
2.871200
2.984978
3.121511
3.229600
3.758667
4.447022
4.890756
4.988889
5.114044
5.213600
5.343022
5.451111
5.876356
5.977333
6.092533
6.221956
6.331467
6.439556
6.852000
6.961511
7.049689
7.162044
7.288622
7.406667
7.932889
8.605600
9.028000
9.124711
9.244178
9.360800
9.464622
9.588356
9.993689
10.096089
10.194222
10.312267
10.414667
10.527022
10.915289
11.027644
11.132889
11.225333
11.359022
11.482711
11.880978
11.973422
12.087200
12.205244
12.320444
12.431378
12.831022
12.937689
13.044356
13.160978
13.260533
13.388533
13.778222
13.889156
13.992978
14.101067
14.213422
14.348533
14.739644
14.869067
15.001333
15.133600
15.253067
15.423733
16.103556
16.956000
17.029000
17.092000
17.277000
17.425000
17.586933
17.734000
17.889000
18.061956
18.105000
18.185000
18.347000
18.496000
18.645000
18.800000
18.934000
19.113000
19.182000
19.241000
19.409000
19.540000
19.683000
19.838000
19.981000
20.183000
20.750000
21.328800
21.407022
21.475289
21.664444
21.786756
21.934667
22.102489
22.251822
22.399733
22.446667
22.519200
22.689867
22.817867
22.968622
23.112267
23.244533
23.437956
23.493422
23.561689
23.722400
23.851822
24.009689
24.167556
24.306933
24.506044
24.719378
25.050756
25.636711
25.695022
25.770400
25.946756
26.076178
26.239733
26.364889
26.504267
26.694844
26.760267
26.831378
26.984978
27.134311
27.263733
27.398844
27.535378
27.717422
27.785689
27.828356
28.010400
28.149778
28.279200
28.427111
28.566489
28.737156
28.799733
28.868000
29.038667
29.188000
29.304622
29.435467
29.570578
29.754044
29.802400
29.896267
30.037067
30.173600
30.303022
30.440978
30.567556
30.749600
30.823556
30.894667
31.035467
31.170578
31.302844
31.455022
31.584444
31.757956
31.827644
31.874578
32.052356
32.208800
32.376622
32.533067
32.710844
32.973956
33.879911
