0.386578
0.470400
0.490000
1.997956
2.054133
2.098222
2.144444
2.187111
2.234400
2.280267
2.325067
2.370578
2.416800
2.462311
2.508800
2.527733
3.786400
3.914000
4.043067
4.566800
4.811800
5.060000
5.301778
5.552089
5.597000
5.840800
6.091000
6.335000
6.581778
6.635000
6.889400
7.135000
7.378000
7.622000
7.663600
7.908600
8.157000
8.401000
8.516000
8.607022
8.732178
8.859200
8.988178
9.116178
9.241400
9.368800
9.496200
9.624622
9.752622
9.894133
10.020000
10.136622
10.265333
10.404711
10.532711
10.646489
10.774489
10.900356
11.029067
11.157067
11.285067
11.410933
11.538222
11.666222
11.795644
11.921511
12.049511
12.177511
12.305511
12.446000
12.573400
12.688089
12.816800
12.941956
13.069244
13.197956
13.326667
13.453244
13.580533
13.708533
13.837600
13.975200
14.104622
14.219800
14.347200
14.487911
14.614489
14.729400
14.857689
14.984200
15.111600
15.240267
15.367556
15.493800
15.622133
15.750133
15.878133
16.006133
16.133422
16.260711
16.389422
16.529511
16.656089
16.769156
16.898578
17.026578
17.153867
17.280444
17.410578
17.537156
17.662311
17.789600
17.919733
18.045600
18.188800
18.300178
18.433800
18.571000
18.698400
18.811467
18.943400
19.067467
19.194756
19.322044
19.453000
19.578044
19.707800
19.833333
19.962600
20.090000
20.217400
20.344800
20.472200
20.613422
20.740711
20.854400
20.982489
21.109778
21.237778
21.364000
21.493778
21.618222
21.746200
21.873600
22.002933
22.128400
22.270311
22.383200
22.516356
22.654311
22.782311
22.893956
23.024089
23.149956
23.277956
23.403822
23.533956
23.661956
23.789244
23.915111
24.043822
24.169689
24.299822
24.426400
24.557956
24.696000
24.823400
24.934844
25.065689
25.192267
25.320978
25.446133
25.575556
25.702844
25.830844
25.957422
26.086844
26.212000
26.352200
26.467289
26.597200
26.736800
26.864800
26.979400
27.106800
27.234200
27.361600
27.489000
27.616400
27.743800
27.871200
27.998600
28.127022
28.253400
28.382311
28.508200
28.638311
28.779111
28.905689
