0.441000
0.562000
0.756000
0.798000
0.942000
1.040000
1.150000
1.254400
1.381800
1.490000
1.607200
1.708000
1.732000
1.970000
2.005067
2.216000
2.456000
2.470133
2.706000
2.714756
3.077200
3.175200
3.292800
3.396000
3.514000
3.620000
3.632089
3.758667
3.886000
3.992000
4.098000
4.214000
4.326000
4.438000
4.540000
5.047000
5.170000
5.292000
5.402756
5.533600
5.742800
5.788178
6.048444
6.164200
6.281800
6.409200
6.536600
6.742400
6.792267
7.026600
7.149244
7.271600
7.389200
7.506800
7.748000
7.760800
7.869400
7.996800
8.238667
8.474756
8.486800
8.598489
8.708000
8.966844
8.978222
9.104200
9.220000
9.228533
9.350844
9.457000
9.476600
9.710667
9.947000
10.064600
10.185689
10.319400
10.424622
10.443111
10.672089
10.891111
10.909600
11.025000
11.147111
11.270000
11.387600
11.622800
11.642400
11.720800
11.760000
11.838400
11.877600
12.093200
12.122600
12.357800
12.397000
