0.213067
0.319733
0.430667
0.540178
0.649689
0.760622
0.869000
0.980000
1.087800
1.198000
1.307000
1.417000
1.526000
1.638000
1.746000
1.858000
1.967000
2.075000
2.186000
2.295000
2.405000
2.515000
2.625000
2.732000
2.842000
2.954000
3.064000
3.172000
3.283000
3.393000
3.503000
3.614000
3.721000
3.831800
3.942000
4.051000
4.163000
4.271000
4.380600
4.488400
4.603000
4.706000
4.821600
4.933000
5.041000
5.151000
5.261000
5.369000
5.475000
5.587000
5.698000
5.807000
5.915000
6.027000
6.134800
6.243000
6.355000
6.463000
6.572000
6.683600
6.791400
6.904000
7.016000
7.122000
7.232400
7.340200
7.456000
7.560267
7.673400
7.779000
7.893000
7.997000
8.114400
8.216000
8.332000
8.437800
8.550000
8.658000
8.771000
8.874000
8.986600
9.094400
9.212000
9.310000
9.432000
9.534000
9.649000
9.751000
9.868600
9.972000
10.088000
10.192000
10.306000
10.411000
10.523000
10.628000
10.745000
10.848600
10.963000
11.064000
11.182000
11.289600
11.398000
11.507000
11.622800
11.726000
11.837000
11.946200
12.057000
12.167000
12.280000
12.387200
12.498000
12.604000
12.720400
12.823000
12.936000
13.043800
13.156000
13.263000
13.377000
13.481000
13.596000
13.700400
13.814000
13.921000
14.037000
14.142000
14.259000
14.362000
14.471000
14.577000
14.694000
14.799000
14.914000
15.020000
15.131200
15.238000
15.349000
15.454600
15.569000
15.677000
15.791000
15.895600
16.013200
16.115000
16.230000
16.333000
16.447000
16.554000
16.665000
16.770000
16.886000
16.993200
17.106000
17.208800
17.328000
17.434200
17.546000
17.649800
17.767400
17.869000
17.983000
18.090800
18.203000
18.308000
18.424000
18.529000
18.639600
18.749000
18.863000
18.965000
19.080600
19.188400
19.296200
19.405000
19.521600
19.626000
19.744000
