0.509600
0.774200
0.999600
1.264200
4.537400
4.811800
5.017600
5.272400
5.537000
8.555400
8.810200
9.065000
9.300200
9.664000
12.573400
12.838000
13.083000
13.347600
13.582800
16.601200
16.875600
17.110800
17.365600
18.139800
18.620000
19.100200
19.619600
20.129200
20.609400
20.883800
21.138600
21.383600
23.196600
23.412200
23.647400
24.696000
24.941000
25.156600
25.431000
25.676000
26.166000
26.656000
27.146000
27.675200
28.184800
28.665000
28.939400
29.194200
29.468000
29.713600
30.213400
30.900000
31.203200
32.692800
32.957400
