0.294000
0.421400
0.519400
0.643000
0.743000
0.870133
0.966844
1.092711
1.191556
1.318844
1.417689
1.542844
1.639556
1.767556
1.867111
1.990844
2.087556
2.214800
2.313689
2.438133
2.536978
2.665689
2.761689
2.888267
2.987111
3.111556
3.213244
3.336978
3.435111
3.560267
3.660533
3.785689
3.883111
4.011111
4.109244
4.233689
4.331822
4.459111
4.557956
4.684400
4.781956
4.909800
5.008800
5.130400
5.229956
5.355822
5.456089
5.581244
5.679378
5.805244
5.903378
6.030667
6.128800
6.253956
6.354933
6.479378
6.575800
6.703200
6.802933
6.928600
7.026600
7.154000
7.252000
7.376800
7.474933
7.599378
7.699644
7.825511
7.923644
8.050222
8.149067
8.274222
8.371644
8.496800
8.599911
8.722000
8.821778
8.945511
9.048622
9.172800
9.269067
9.396356
9.496200
9.619644
9.719200
9.843644
9.941778
10.067644
10.166489
10.292356
10.391200
10.517067
10.615200
10.742489
10.842044
10.966200
11.063911
11.191600
11.290044
11.417000
11.514044
11.642400
11.740400
