0.371644
0.432800
0.476178
0.515289
0.550844
0.578200
1.042222
1.148178
1.264200
1.401400
1.657333
1.754756
1.761867
1.997244
2.025689
2.059822
2.077600
2.093956
2.116800
2.136400
2.150844
2.175600
2.198489
2.211289
2.246133
2.263800
2.299467
2.325778
2.364178
2.386222
2.428178
2.459800
2.479400
2.491467
2.510667
2.546933
2.583200
2.597422
2.628000
2.644356
2.680622
2.716178
2.759556
2.776622
2.817867
2.854133
2.893244
2.905333
2.949800
2.984978
2.998800
3.031200
3.052533
3.088089
3.145800
3.188356
3.210400
3.232444
3.323467
3.436533
3.534667
3.611000
3.753400
3.773000
3.910200
4.550133
4.584267
4.648978
4.743200
4.758000
4.922044
5.087733
5.205778
5.350800
5.384267
5.521511
5.680800
6.622311
