0.205800
0.313600
0.441000
0.548800
0.656600
0.891800
1.009400
1.117200
1.225000
1.332800
1.460200
1.558200
1.675800
1.793400
1.911000
2.009000
2.244200
2.361800
2.459800
2.704800
2.812600
2.900800
2.920400
3.038000
3.145800
3.273200
3.371200
3.488800
3.606400
3.714200
3.822000
3.939600
4.057200
4.165000
4.272800
4.508000
4.625600
4.733400
4.851000
4.958800
5.076400
5.174400
5.292000
5.419400
5.527200
5.586000
5.635000
5.860400
6.076000
6.311200
6.536600
6.771800
6.879600
6.997200
7.105000
7.232400
7.428400
7.457800
7.673400
7.850000
7.894000
8.124200
8.153600
8.320000
8.437800
8.575000
9.025800
9.192400
9.251200
9.476600
9.606000
9.692200
9.878400
9.927400
10.094000
10.378200
10.437000
10.603822
10.829000
11.054400
11.417000
11.515000
11.740400
12.034400
12.191200
12.465600
12.642000
12.877200
13.024200
13.092800
13.210400
13.316000
13.367200
13.435800
13.543600
13.573000
13.772533
13.994400
14.141400
14.278600
14.455000
14.670600
14.905800
15.051111
15.125067
15.152089
15.356600
15.409511
15.601600
15.817200
15.944600
16.258200
16.486133
16.680978
16.864444
16.944200
17.140200
17.169600
17.267600
17.385200
17.424400
17.610600
17.679200
17.806600
18.032000
18.071200
18.296600
18.316200
18.531800
18.747400
18.982600
19.021800
19.247200
19.423600
19.531400
19.649000
19.884200
20.001800
20.119400
20.335000
20.431378
20.550600
20.785800
20.981800
21.011200
21.236600
21.275800
21.432600
21.462000
21.579600
21.697200
21.785400
21.805000
21.912800
22.148000
22.363600
22.598800
22.716400
22.824200
22.941800
23.049600
23.265200
23.382800
23.510200
23.618000
23.725800
23.872800
23.961000
24.068800
24.127600
24.176600
24.411800
24.519600
24.617600
24.764889
24.862600
25.078200
25.195800
25.313400
25.421200
25.538800
25.764200
25.989600
26.215000
26.332600
26.440400
26.558000
26.665800
26.832800
26.891200
27.008800
27.126400
27.342000
27.366133
27.489000
27.577200
27.703200
27.788533
28.028000
28.145600
28.224000
28.253400
28.371000
28.478800
28.694400
28.812000
28.939400
29.047200
29.155000
29.382844
