0.235200
0.362600
0.379467
0.882000
0.911400
1.342600
1.793400
1.824444
2.305156
2.649333
2.783200
3.096800
3.253778
3.743600
4.068711
4.216622
4.390400
4.525244
4.668889
5.139644
5.194000
5.586000
5.927556
6.065511
6.079733
6.170756
6.546400
6.840400
6.860000
6.987400
7.036400
7.301000
7.442222
7.460711
7.908600
8.222200
8.359400
8.403644
8.682800
8.831733
9.173067
9.303911
9.588356
9.770400
10.054800
10.074400
10.211600
10.662400
10.682044
10.858400
10.995600
11.108711
11.162200
11.436600
11.606489
11.624978
11.952089
12.095733
12.115644
12.400089
12.461244
12.593000
12.749800
12.893600
13.043800
13.367200
13.542133
13.762578
13.822311
14.018578
14.298200
14.327600
14.455000
14.474600
14.807800
14.960089
14.989956
15.282933
15.435000
15.738800
15.895600
15.915822
16.189600
16.369511
16.405200
16.513000
16.653956
16.816800
17.130400
17.277400
17.296800
17.527200
17.599733
17.768978
17.985156
18.051600
18.081000
18.215556
18.261067
18.384800
18.528444
18.653600
18.678800
18.701956
19.012000
19.168800
19.205422
19.511800
19.653422
19.805800
19.962600
20.099800
20.121333
20.246489
20.433000
20.580000
20.638800
20.903400
21.001400
21.138600
21.364000
21.520800
21.596178
21.785400
21.824600
21.901956
21.977333
22.073000
22.309000
22.432200
22.465000
22.596000
22.716400
22.853600
22.889000
23.373000
23.402400
23.667000
23.823800
23.849000
24.106000
24.147200
24.274600
24.294200
24.332000
24.598000
24.745000
24.799000
25.043000
25.192000
25.480000
25.628000
25.697000
25.925000
25.989600
26.092000
26.166000
26.420000
26.440400
26.567800
26.665800
26.940200
27.033000
27.053000
27.087200
27.420400
27.518400
27.665000
27.851600
27.998600
28.115000
28.294000
28.445000
28.477000
28.939400
29.223600
29.262800
29.416000
