0.235200
0.379000
0.535000
0.708000
0.852600
1.024000
1.160000
1.181000
1.320000
1.489600
1.643000
1.783600
1.936000
2.234400
2.388000
2.574000
2.715000
2.876000
3.026000
3.172000
3.344000
3.509000
3.652000
3.818000
3.964000
4.132000
4.288000
4.439400
4.733400
4.900000
5.055733
5.145000
5.213600
5.399800
5.527200
5.746000
5.840800
6.007400
6.085800
6.144600
6.311200
6.466000
6.640000
6.791400
6.899200
6.932000
7.222600
7.389200
7.712600
7.879200
8.016400
8.116000
8.202600
8.310400
8.339800
8.516200
8.643600
8.810200
8.947400
9.123800
9.280600
9.300200
9.427600
9.741200
9.888200
10.192000
10.221400
10.378200
10.525200
10.682000
10.816000
10.848600
11.015200
11.152400
11.319000
11.476000
11.642400
11.789400
11.920000
11.986000
12.242000
12.397000
12.710600
12.874000
13.034000
13.200600
13.239800
13.332000
13.348000
13.524000
13.651400
13.818000
13.966000
13.994400
14.131600
14.278600
14.392000
14.435400
14.749000
14.896000
14.988000
15.062600
15.170400
15.209600
15.376200
15.523200
15.626000
15.699600
15.719200
15.832000
15.993600
16.140600
16.312000
16.473800
16.562000
16.581600
16.640400
16.767800
16.924600
16.972000
17.081400
17.236000
17.326400
17.395000
17.632000
17.679200
17.865400
18.022200
18.041800
18.218200
18.316200
18.355400
18.522000
18.571000
18.669000
18.825800
18.972800
19.129600
19.296200
19.453000
19.592000
19.766600
19.913600
20.246800
20.403600
20.474000
20.540800
20.874000
21.040600
21.187600
21.324800
21.471800
21.658000
21.814800
21.961800
22.001000
22.126000
22.285200
22.432200
22.706600
22.755600
22.932000
23.069200
23.402400
23.569000
23.725800
23.882600
24.036000
24.186400
24.343200
24.509800
24.658000
24.823400
24.970400
25.140000
25.284000
25.460400
25.538800
25.604000
25.776000
25.921000
26.097400
26.185600
26.244400
26.401200
26.542000
26.665800
26.724600
26.861800
26.989200
27.048000
27.180000
27.302800
27.361600
27.479200
27.645800
27.792800
27.969200
28.096600
28.116200
28.366000
28.439600
28.606200
28.743400
28.841400
28.900200
28.964000
29.220000
29.380400
