0.882000
0.989800
1.244600
1.786000
1.918000
1.950200
2.042000
2.164356
2.224600
2.278133
2.372000
2.479400
2.575378
2.686311
2.768800
2.829956
2.949800
3.185000
3.322200
3.407378
3.529689
3.547600
3.615022
3.669067
3.701778
3.782800
3.890600
3.937867
4.006133
4.106200
4.183911
4.243400
4.270667
4.333244
4.439400
4.545156
4.643289
4.753000
4.851000
4.947644
5.056800
5.184200
5.254844
5.272400
5.334489
5.377156
5.488000
5.586000
5.674200
5.729867
5.802400
5.852178
5.978000
6.105333
6.254667
6.389600
6.507200
6.644400
6.762000
6.918800
7.089511
7.302844
7.487200
7.536200
7.888800
8.039556
8.159022
8.271200
8.393689
8.506400
8.581422
8.703733
8.771000
8.838844
8.952622
9.016000
9.284000
9.417800
9.506000
9.544267
9.633400
9.760800
9.847200
9.926844
10.133200
10.241000
10.316533
10.378200
10.545511
10.623200
10.669244
10.802933
10.886844
10.985800
11.230800
11.270000
11.426800
11.506933
11.573800
11.632600
11.782844
11.929333
12.005000
12.142200
12.341778
12.491111
12.589244
12.700800
12.808600
12.922044
13.024200
13.132000
13.259400
13.465200
13.602400
13.788600
13.955200
14.141400
14.239400
14.308000
14.376978
14.435400
14.494200
14.533400
14.660800
14.827400
15.003800
15.150800
15.317400
15.464400
15.503600
15.598667
15.640800
15.699600
15.807400
15.944600
16.101400
16.258200
16.395400
16.552200
16.728600
16.865800
16.958311
16.993200
17.128978
17.217156
17.278311
17.386400
17.483200
17.518667
17.696444
17.718400
17.845800
17.968089
18.002600
18.144444
18.188800
18.298044
18.453400
18.512200
18.649400
18.721867
18.902489
19.002200
19.095911
19.144267
19.217800
19.353333
19.394200
19.465689
19.585156
19.683289
19.756800
19.825400
19.913600
20.338933
20.452711
20.565067
20.648978
20.759911
20.854400
20.952400
21.050400
21.261956
21.413000
21.544978
21.638400
21.707000
21.830844
21.863800
21.944622
22.030400
22.128400
22.204889
22.285200
22.320089
22.408267
22.437000
22.540000
22.608600
22.713000
22.794800
22.821000
23.235800
23.333800
23.480800
23.667000
23.897000
24.147200
24.264800
24.347000
24.453000
24.850000
24.963000
25.078200
25.238000
25.280000
25.406000
25.558400
25.803400
25.901400
25.960200
26.125000
26.241000
26.322800
26.403000
26.440400
26.558000
26.628000
26.699000
26.763000
26.852000
26.940200
27.028400
27.098000
27.204800
27.275000
27.361000
27.798000
27.900600
28.008400
28.181000
28.227000
28.312200
28.451000
28.633000
28.821800
29.099000
29.262800
29.367000
29.452000
29.547000
29.684200
29.860600
29.988000
30.060000
30.217000
30.468200
30.527000
30.615000
30.781800
30.879800
31.017000
31.103000
31.264000
31.350000
31.536400
31.629000
31.771600
31.856000
31.948000
32.040000
32.085200
32.227000
32.342000
32.438000
32.555600
32.683000
32.837000
32.908400
33.020000
33.084800
33.114200
33.231800
33.317000
33.366000
33.434000
33.599000
33.712000
33.783000
33.864000
33.911000
33.987000
34.073000
34.130000
34.182000
34.225000
34.314000
34.401000
34.492000
34.554800
34.662600
34.725000
34.790000
34.862000
34.927200
35.033000
35.108000
35.240800
35.299600
35.434000
35.498000
35.583800
35.652000
35.730000
35.819000
35.938000
35.953000
36.079000
36.228000
36.364000
36.444000
36.514800
36.642200
36.728000
36.891000
41.120800
41.814000
42.166000
42.458000
42.826000
48.382600
48.492000
48.588400
48.718000
48.804000
48.931400
49.098000
49.196000
49.313600
49.392000
49.421400
49.519400
