0.346000
0.359000
0.531000
0.690933
0.844000
1.003822
1.180178
1.348000
1.526000
1.687911
1.853000
1.886000
2.014000
2.024000
2.195000
2.355000
2.374000
2.699000
2.876000
3.041867
3.199000
3.383000
3.434000
3.705000
3.870000
3.908000
4.038178
4.226000
4.247000
4.376000
4.406000
4.574311
4.615000
4.730044
4.909956
5.067111
5.243467
5.406000
5.443000
5.754044
5.890578
5.934000
6.070000
6.107467
6.256000
6.290222
6.409689
6.451000
6.776000
6.941600
7.127911
7.236000
7.265000
7.447911
7.636356
7.786000
7.940000
8.120622
8.279000
8.454000
8.472000
8.719378
8.824622
8.971000
9.147000
9.315289
9.463200
9.486000
9.805000
9.959000
