0.228000
0.252000
0.595000
0.634000
0.754000
0.902000
1.228000
1.260000
1.579000
1.734000
1.874222
1.899000
2.210000
2.228000
2.593000
2.739000
2.892533
3.022000
3.117244
3.194000
3.227000
3.403000
3.544000
3.735000
3.880000
4.011000
4.199556
4.538000
4.900711
5.169511
5.199378
5.503000
5.853600
5.881000
6.156000
6.197778
6.488000
6.803644
6.853422
7.176000
7.507000
7.824000
7.857511
7.910133
8.175000
8.481867
8.518844
8.804711
8.839000
8.864444
8.891000
9.177333
9.208622
9.481000
9.501000
9.830133
9.853600
9.879200
