0.352800
0.705600
1.430800
3.234000
3.606400
4.321800
6.134800
6.497400
7.232400
9.045400
9.408000
9.790200
10.133200
10.358600
10.505600
10.872000
11.200000
11.534600
11.642400
11.946200
12.299000
13.024200
14.156533
14.837200
14.856800
15.199800
15.552600
15.866200
15.925000
16.238600
16.748200
16.983400
17.179400
17.344000
17.747800
18.110400
18.835600
19.900000
20.648600
21.011200
21.383600
21.736400
21.928000
22.138200
22.544000
22.863400
23.088800
23.275000
23.549400
23.912000
24.999800
25.352600
25.412000
25.656400
25.734800
25.891600
26.156200
26.460000
26.812800
27.890800
27.920200
28.253400
28.625800
29.072000
29.351000
29.713600
30.438800
32.251800
32.614400
33.006400
33.349400
33.708000
34.148000
34.508000
34.848800
35.162400
35.505400
35.877800
36.240400
36.612800
36.975400
37.338000
37.708000
38.053400
38.416000
38.778600
39.141200
39.503800
39.543000
39.900000
40.052600
40.229000
40.621000
40.689600
40.964000
41.316800
41.679400
42.051800
42.404600
42.767200
43.129800
43.521800
43.855000
44.217600
44.580200
44.620000
44.952600
45.305400
45.668000
45.732000
46.020800
46.068000
46.432400
46.755800
47.118400
47.481000
47.843600
48.206200
48.255200
48.584000
48.636000
48.931400
48.980400
49.296000
49.656600
50.019200
50.381800
50.734600
51.000000
51.107000
51.538200
51.832200
52.341800
52.557400
52.920000
53.272800
53.645200
53.992000
54.360600
54.733000
55.095600
55.458200
55.820800
56.173600
56.536200
56.908600
57.271200
57.614200
57.996400
58.359000
58.398200
58.748000
59.084200
59.446800
59.809400
60.172000
60.515000
60.897200
61.073600
61.259800
61.636000
61.965400
62.347600
62.724000
63.082600
63.128000
63.445200
63.832000
64.150800
64.170400
64.540000
64.876000
65.260000
65.591400
65.972000
66.216000
66.326400
66.700000
66.836000
67.051600
67.436000
67.786600
68.160000
68.336000
68.502000
68.864600
69.044000
69.217400
69.608000
69.942600
69.991600
70.336000
70.492000
70.687400
71.099000
71.393000
71.772000
72.120000
72.137800
72.496000
72.853200
72.900000
73.244000
73.276000
73.420000
73.578400
73.970400
74.009600
74.164000
74.303600
74.656400
74.695600
74.891600
75.038600
75.260000
75.392000
75.754000
75.793200
76.132000
76.351800
76.469400
76.871200
77.194600
77.214200
77.572000
77.939400
78.316000
78.400000
78.654800
78.694000
79.036000
79.223200
79.399600
79.772000
80.124800
80.487400
80.507000
80.840200
81.212600
81.555600
81.604600
81.947600
82.143600
82.280800
82.660000
82.741400
83.006000
83.378400
83.731200
84.113400
84.316000
84.466200
84.515200
84.832000
84.946400
85.142400
85.181600
85.552000
85.681400
85.906800
86.279200
86.632000
87.043600
87.347400
87.367000
87.728000
87.904000
88.082400
88.492000
88.807600
89.189800
89.532800
89.572000
89.896000
90.258000
90.620000
90.816600
91.002800
91.375200
91.698600
91.718200
92.080800
92.453200
92.828000
93.168600
93.476000
93.712000
93.893800
94.325000
94.619000
94.991400
95.044000
95.344200
95.396000
95.720000
95.844000
96.069400
96.451600
96.481000
96.620000
96.784800
96.828000
97.167000
97.343400
97.519800
97.882400
98.076000
98.235200
98.274400
98.607600
98.970200
99.352400
99.548000
99.695400
100.072000
100.420600
100.800000
101.155600
101.214400
101.596600
101.880800
102.256000
102.429600
102.596200
102.958800
103.331200
103.703600
104.046600
104.428800
104.768000
104.824000
105.160000
105.492000
105.928200
106.232000
106.940000
107.074800
107.408000
107.672600
108.123400
108.424000
109.148000
109.860000
110.472000
110.556000
110.604000
110.948000
111.328000
111.435800
111.672000
112.366800
112.728000
113.121400
113.444800
114.220000
114.920000
115.656000
