0.411600
0.431200
0.958311
1.489600
1.724800
1.969800
2.214800
2.459800
2.489200
2.979200
3.488800
3.733800
3.978800
4.204200
4.459000
4.958800
5.468400
5.723200
5.968200
6.203400
6.458200
6.477800
6.948200
7.193200
7.448000
7.693000
7.938000
8.192800
8.428000
8.457400
8.937600
8.967000
9.457000
9.702000
9.937200
10.182200
10.437000
10.672200
10.897600
10.920000
11.142600
11.394578
11.642400
11.877600
12.112800
12.367600
12.867400
13.377000
13.622000
13.867000
13.886600
14.112000
14.357000
14.602000
14.827400
14.856800
15.082200
15.317400
15.337000
15.572200
15.817200
16.052400
16.307200
16.807000
17.326400
17.571400
17.816400
17.836000
18.071200
18.316200
18.345600
18.806200
19.315800
19.570600
19.796000
20.041000
20.286000
20.315400
20.795600
21.285600
21.540400
21.560000
21.775600
22.265600
22.285200
22.510600
22.765400
23.000600
23.265200
23.490600
23.735600
23.980600
24.225600
24.715600
25.215400
25.460400
25.715200
25.940600
26.185600
26.205200
26.665800
26.685400
26.930400
27.155800
27.400800
27.645800
27.881000
28.126000
28.616000
28.635600
29.115800
29.360800
29.615600
29.860600
30.086000
30.125200
