0.394000
3.090933
5.731289
8.372356
11.037600
13.638844
16.316000
19.034756
21.613244
21.977333
22.167911
22.364178
22.558000
22.746000
22.942000
23.137800
23.338000
23.518000
23.696400
23.892400
24.080800
24.267111
24.444889
24.651111
24.843000
25.019400
25.205778
25.409156
25.607400
25.801689
25.989422
26.201333
26.391400
26.571111
26.754000
26.955111
27.171289
27.349067
27.547800
27.743800
27.942000
28.135800
28.326000
28.520978
28.714000
28.894000
29.090000
29.297511
29.489511
29.678667
29.864978
30.066400
30.267467
30.445244
30.634800
30.833511
31.026800
31.207556
31.393867
31.595200
31.786400
31.976978
32.163600
32.363822
32.548711
32.744978
32.935556
33.140356
33.340889
33.530044
33.721800
33.937400
34.147289
34.313689
34.505800
34.704800
34.905333
35.084000
35.276533
35.484178
35.681800
35.851111
36.044400
36.243644
36.444178
36.632400
36.828400
37.030133
37.224978
37.399911
37.596178
37.788800
37.994600
38.172178
38.358489
38.553200
38.768800
38.935911
39.140711
39.342667
