0.057027
0.518455
0.652945
0.770451
0.878455
1.001449
1.126415
1.540700
1.648864
1.759068
1.897843
2.136619
2.550904
2.646823
2.767231
2.880451
3.020451
3.124374
3.675394
4.381517
4.830496
4.930496
5.051449
5.155462
5.287639
5.406006
5.838659
5.936619
6.059068
6.185598
6.299884
6.416210
6.825462
6.942446
7.028455
7.137458
7.279476
7.388455
8.618251
9.050904
9.150904
9.271449
9.385598
9.497843
9.619453
10.036619
10.132537
10.240700
10.357458
10.463149
10.583467
10.971449
11.093761
11.193444
11.295462
11.410451
11.554986
11.959068
12.052945
12.171312
12.293761
12.400451
12.524374
12.936619
13.038659
13.139453
13.266460
13.369453
13.498455
13.889680
14.005462
14.112129
14.225462
14.340451
14.483467
14.881517
