0.130451
0.217231
0.360088
0.466210
0.707027
0.836619
1.068251
1.180496
1.328455
1.423353
1.547458
1.664170
1.783557
1.898864
2.021449
2.133467
2.268251
2.376415
2.628455
2.740700
2.978455
3.099453
3.245462
3.343761
3.467458
3.581449
3.702945
3.821312
3.962129
4.064170
4.183467
4.318251
4.561449
4.679476
4.907027
5.023353
5.161449
5.265190
5.396460
5.508455
5.630451
5.751925
5.867458
5.986619
6.120451
6.227435
6.460451
6.598455
6.809453
6.943467
7.080451
7.190700
7.312446
7.420451
7.545462
7.662129
7.799453
7.902945
8.028455
8.143761
8.380451
