0.051925
0.167231
0.206006
0.348864
0.371312
0.501562
0.642333
0.779476
0.930496
1.082537
1.211108
1.354986
1.509068
1.673353
1.785598
1.958047
2.080496
2.242741
2.370292
2.393761
2.490700
2.526415
2.667231
2.682537
2.830496
2.930496
2.947843
2.966210
3.090700
3.252945
3.540700
3.681517
3.827435
3.983104
4.103966
4.275394
4.407027
4.556006
4.669272
4.794782
4.843761
4.975394
5.148864
5.271312
5.426415
5.556006
5.716210
5.842741
5.892741
5.981517
6.001925
6.140700
6.204986
6.301925
6.419272
6.544782
6.601925
6.711108
6.872333
6.999884
7.120292
7.169272
7.293399
7.451925
7.559068
7.593761
7.729476
7.881517
8.159068
8.287503
8.307820
8.451925
8.490700
8.610088
8.731517
8.860746
9.037639
9.174328
9.299884
9.430496
9.469272
9.602945
9.762129
9.894782
