0.028455
0.041721
0.272333
0.339680
0.390700
0.612129
0.701925
0.949884
1.044782
1.101925
1.309544
1.410088
1.660088
1.750542
1.769498
2.013149
2.091267
2.348864
2.433557
2.499929
2.725394
2.799884
2.830496
3.070292
3.141721
3.199884
3.409136
3.499884
3.745099
3.835598
4.091721
4.201925
4.463149
4.539680
4.812129
4.893761
4.903920
5.125235
5.162129
5.241721
5.488659
5.601925
5.818932
5.928864
6.278795
6.308909
6.888659
6.999884
7.048138
7.150904
7.248864
7.284578
7.372333
7.434578
7.598886
7.664192
7.701925
7.854986
7.923353
7.961108
8.052401
8.253966
8.311108
8.405054
8.627095
8.753966
9.002968
9.101925
9.149544
9.319340
9.359975
9.454306
9.637888
9.720292
9.798750
