0.074374
0.226415
0.358614
0.521312
0.691721
0.819272
0.977435
1.098864
1.122333
1.273353
1.419272
1.579476
1.719272
1.860088
2.021312
2.323353
2.480496
2.622333
2.769453
2.921630
3.099884
3.225394
3.382537
3.519272
3.701925
3.827435
3.991721
4.131517
4.273353
4.425394
4.732537
4.849884
4.888659
5.029476
5.170496
5.330496
5.495802
5.630496
5.797843
5.901653
5.941721
6.093761
6.165780
6.230496
6.381517
6.530496
6.669272
6.690700
6.832537
6.891721
7.135598
7.280337
7.435621
7.581517
7.731517
7.900904
8.033557
8.189680
8.330496
8.482537
8.524374
8.633557
8.789680
8.934759
9.087639
9.232265
9.272900
9.539680
9.663149
9.687639
9.840700
9.970292
9.990700
