0.247843
0.540746
0.828455
1.111086
1.399884
1.424374
1.690133
1.709068
1.804782
1.958047
1.985598
2.274374
2.541721
2.554986
2.852945
3.098864
3.140700
3.433557
3.700904
3.716210
4.014170
4.118251
4.298864
4.596823
4.865190
5.160088
5.450904
5.500904
5.739680
6.010088
6.031517
6.324374
6.531517
6.568251
6.610088
6.617231
6.898864
6.924374
6.997843
7.076415
7.182537
7.290700
7.428455
7.469272
7.506006
7.761108
7.849884
7.914170
7.988659
8.053966
8.123353
8.194782
8.270292
8.339680
8.414170
8.478455
8.550904
8.621312
8.698864
8.769272
8.841721
8.883966
8.920292
9.010088
9.170292
9.214170
9.499884
9.517231
9.651925
9.788659
