0.160088
0.280972
0.490564
0.532537
0.619113
0.841154
0.958705
1.190904
1.299748
1.418750
1.539680
1.642741
1.862129
1.919272
1.990700
2.200904
2.329476
2.548864
2.580496
2.675394
2.884578
3.012129
3.228455
3.262129
3.351925
3.582537
3.689680
3.911108
3.962129
4.030496
4.150904
4.263149
4.372333
4.583557
4.717231
4.932537
5.052945
5.278455
5.393761
5.601925
5.738659
5.950995
6.001925
6.074374
6.288659
6.420292
6.641721
6.763149
6.872333
6.970292
7.012129
7.103966
7.226415
7.281517
7.323353
7.383557
7.446823
7.499884
7.557027
7.596823
7.632537
7.670292
7.719272
7.761108
7.793761
7.825394
7.865190
7.898864
7.929476
7.967231
7.995802
8.024374
8.063149
8.090700
8.115190
8.143761
8.338659
8.684578
8.820292
8.870292
9.028455
9.062129
9.151925
9.361108
9.460088
9.701925
9.824374
9.938659
