0.122333
0.278455
0.421743
0.562514
0.670292
0.732537
0.872333
1.022560
1.160428
1.323013
1.469680
1.625326
1.768251
1.870292
1.931517
2.072333
2.231449
2.363149
2.521312
2.670292
2.822106
2.970292
3.072333
3.135598
3.271312
3.427435
3.569272
3.733557
3.872333
4.030269
4.171312
4.270292
4.327435
4.478455
4.640700
4.771857
4.930043
5.072265
5.232537
5.370292
5.470292
5.529476
5.681517
5.838659
5.970292
6.130496
6.272333
6.432537
6.571312
6.674374
6.732537
6.882537
7.029476
7.173353
7.334578
7.447843
7.481517
7.553966
7.632537
7.656006
7.714170
7.776415
7.873898
8.084578
8.160088
8.233557
8.321312
8.378455
8.539680
8.679340
8.832537
8.979748
9.130496
9.281517
9.429634
9.578387
9.694782
9.931766
