0.158047
0.261108
0.450904
0.549884
0.742741
0.850904
1.040700
1.141721
1.321312
1.423353
1.446823
1.647843
1.726415
1.891721
1.925394
2.012129
2.308047
2.512129
2.613149
2.650904
2.831517
2.910088
3.103966
3.190700
3.214170
3.412129
3.491721
3.673353
3.777435
3.798864
4.082537
4.271312
4.371312
4.543761
4.561108
4.672333
4.841721
4.950904
4.969272
5.158047
5.252945
5.451925
5.538659
5.554986
5.751925
5.842741
6.030496
6.114170
6.142741
6.340700
6.432537
6.621312
6.700904
6.722333
6.931517
7.017231
7.202945
7.219272
7.311108
7.357027
7.534578
7.609068
7.809068
7.902945
8.098864
8.198864
8.372333
8.410088
8.472333
8.493761
8.781517
8.974374
9.068251
9.259068
9.280496
9.380496
9.570292
9.673353
9.958047
