0.038614
0.148864
0.239680
0.438659
0.548864
0.761108
0.810088
0.828455
1.022333
1.116210
1.150904
1.399884
1.415848
1.580496
1.712129
1.753966
1.823353
1.973353
2.002151
2.043761
2.182537
2.301925
2.348864
2.402945
2.571312
2.592809
2.782537
2.859839
2.913535
3.140700
3.359068
3.469272
3.739680
3.761063
3.949884
4.040700
4.242741
4.312129
4.352945
4.500904
4.590700
4.630496
4.740700
4.899884
4.983557
5.212129
5.251925
5.431517
5.498864
5.690700
5.822333
5.921312
6.021312
6.081607
6.288659
6.371312
6.406006
6.498864
6.661108
6.720292
6.840700
6.975394
7.141721
7.223353
7.270292
7.519272
7.551925
7.866210
8.124374
8.442741
8.700904
8.763149
8.912129
9.040700
9.110088
9.337639
9.531517
9.571857
9.815666
9.934578
9.991721
