0.068251
0.207027
0.360791
0.501562
0.661108
0.693761
0.762129
0.837526
0.893761
0.952945
1.122333
1.261108
1.407140
1.559068
1.723512
1.850904
2.004986
2.162129
2.324374
2.461471
2.610950
2.760428
2.920292
3.062129
3.219272
3.360519
3.525394
3.662378
3.811131
3.960610
4.120972
4.250133
4.399884
4.561108
4.719612
4.861108
5.011108
5.160088
5.322605
5.459022
5.613149
5.760156
5.924374
6.063149
6.210088
6.360088
6.521312
6.651947
6.800904
6.962129
7.120292
7.261108
7.411108
7.561108
7.720791
7.858659
8.014668
8.157616
8.321607
8.458750
8.599521
8.759158
8.924600
9.042151
9.201063
9.361108
9.501471
9.658932
9.793172
9.941199
9.964170
