0.051925
0.291721
0.412129
0.673353
0.782537
1.044782
1.148864
1.372333
1.493761
1.734578
1.859068
2.073353
2.212129
2.242741
2.453966
2.582537
2.829476
2.933557
3.180496
3.291721
3.532537
3.650904
3.883557
4.012129
4.241721
4.370292
4.621312
4.733557
5.109272
5.329476
5.690700
5.806006
5.830496
6.183195
6.539680
6.551811
6.792718
6.919272
7.164170
7.283557
7.493761
7.641721
7.672333
7.882537
7.991449
8.232537
8.362129
8.603966
8.711108
8.940564
9.070292
9.099884
9.301925
9.431517
9.660088
9.792446
