0.322333
0.508047
0.677435
0.869272
1.057027
1.410088
1.587639
1.763149
2.140700
2.312129
2.485598
2.676641
2.843875
3.033988
3.193625
3.215394
3.402605
3.585462
3.740746
3.927956
4.135485
4.295122
4.475077
4.656483
4.820473
5.029453
5.189090
5.373399
5.739113
6.088864
6.113535
6.284782
6.469090
6.633081
6.654850
6.840610
7.027820
7.195281
7.370315
7.547435
7.712809
7.915984
8.069816
8.097390
8.268637
8.460201
8.628546
8.821562
8.978297
9.001517
9.191018
9.368682
9.523966
9.705371
9.916346
10.081244
10.253943
10.439703
10.608047
10.825077
10.967956
10.992628
11.158070
11.523784
11.873535
11.895303
12.072356
12.245054
12.414850
12.618024
12.977934
13.154986
13.330587
13.497480
13.702106
13.857390
13.879158
14.051857
14.242401
14.414668
14.601879
14.765870
14.978727
15.143195
15.307185
15.491494
15.693217
15.852854
16.034260
16.211312
16.379657
16.595893
16.755530
16.936936
17.309907
17.482605
17.655303
17.681426
17.848319
18.028274
18.195167
18.389634
18.592809
18.757548
18.935303
19.110904
19.277435
19.480972
19.644963
19.671086
19.835077
20.025190
20.205145
20.382197
20.553444
20.749362
20.926415
21.088954
21.273263
21.483625
21.641879
21.818932
21.997435
22.171585
22.380564
22.532945
22.557616
22.724510
23.084419
23.264374
23.441426
23.634442
23.807140
23.978387
24.172854
24.196074
24.538569
24.715621
24.892673
25.055213
25.267322
25.423829
25.448501
25.622696
25.804056
25.978206
26.171222
26.327956
26.513716
26.698024
26.873625
27.057934
27.239340
27.420746
27.599249
27.776301
27.957707
28.157979
28.307458
28.337934
28.509181
28.867639
29.050496
29.221743
29.411857
29.760156
29.950269
30.133127
30.308727
30.490133
30.674442
30.847140
31.047412
31.208501
31.233399
31.398614
