0.151811
0.389816
0.620564
0.832446
1.048682
1.285235
1.417299
1.511630
1.610315
1.732220
1.960065
2.183557
2.313444
2.420292
2.534759
2.638659
2.730678
2.846823
2.957888
3.075394
3.298115
3.515802
3.746551
3.961108
4.199340
4.412673
4.646823
4.806959
4.873353
4.948183
5.366142
5.608501
5.810224
5.865371
6.133852
6.297843
6.412492
6.512628
6.739022
7.201970
7.242605
7.438659
7.685598
7.924374
8.157027
8.383285
8.497843
8.618251
8.863149
9.079476
9.316437
9.532537
9.679521
9.796709
9.906052
10.006006
10.111721
10.222333
10.342741
10.452945
10.483557
10.512129
10.948864
11.149362
11.365598
11.401925
11.636981
11.837254
12.062197
12.317616
12.546913
12.773353
13.009861
13.234805
13.503285
13.730496
13.947367
14.199884
14.379748
14.659929
14.887775
15.119975
15.366687
15.578569
15.812220
16.031358
16.114079
16.300247
16.507367
16.743920
16.963149
17.225734
17.476800
17.714805
17.922333
18.190814
18.404147
18.605870
18.841970
19.103648
19.315530
19.591267
19.773353
20.015031
20.244782
20.466369
20.703966
20.961244
21.161517
21.209408
21.422741
21.650904
21.879975
22.114986
22.338478
22.590768
22.837707
23.048864
23.286142
23.511086
23.741834
23.975394
24.197526
24.413761
24.444238
24.688047
24.918251
25.126324
25.365780
25.857752
26.084147
26.334578
26.586369
26.774941
27.001335
27.220292
27.326415
27.468546
27.568773
27.716210
27.922877
28.182650
28.290043
28.623829
28.894260
29.096936
29.136120
29.600519
29.829816
30.063149
30.297117
30.520292
30.747004
30.967231
