0.042424
0.316800
0.583240
0.847594
0.988274
1.123966
1.394850
1.662741
1.940020
2.206006
2.470904
2.743285
3.014668
3.149362
3.285054
3.555439
3.824827
4.097208
4.364600
4.638977
4.908229
5.177752
5.314442
5.446142
5.717526
5.987911
6.256891
6.529453
6.665780
6.795893
7.071585
7.340836
7.469544
7.613217
7.639158
7.879521
8.015303
8.149000
8.421381
8.679793
8.693761
8.963739
9.230542
9.395167
9.499657
9.636619
9.771312
10.042696
10.316074
10.584464
10.853852
10.993308
11.051403
11.125099
11.392628
11.664011
11.797707
11.937390
12.208682
12.475167
12.742560
13.013943
13.286687
13.556210
13.825780
14.094487
14.366868
14.505553
14.636256
14.907639
15.047322
15.181018
15.316891
15.446415
15.596074
15.720791
15.989181
16.260564
16.540519
16.800700
17.073308
17.340111
17.612900
17.880882
18.151902
18.390723
18.423648
18.690904
18.963512
19.133898
19.235802
19.368501
19.502197
19.771993
19.999068
20.042968
20.312356
20.448047
20.585371
20.859657
21.123693
21.396619
21.668002
21.935303
22.206415
22.476346
22.744827
23.016210
23.287594
23.554986
23.692900
23.831811
23.963875
24.092764
24.366142
24.637526
24.771222
24.813127
24.910496
25.179703
25.447684
25.721335
25.883875
25.992718
26.260201
26.531086
26.800292
27.070995
27.342378
27.613761
27.749816
27.880700
28.015303
28.104646
28.155077
28.426460
28.691993
28.795077
28.964918
29.099839
29.236256
29.501834
29.776120
