0.130043
0.172129
0.369498
0.489952
0.711993
0.836800
1.066415
1.211222
1.412945
1.532854
1.772854
1.887503
2.143784
2.245644
2.462424
2.575394
2.820473
2.955122
3.158795
3.182015
3.282151
3.514351
3.636256
3.849589
4.013580
4.229816
4.325598
4.550542
4.583920
4.676800
4.932537
5.037616
5.264283
5.355984
5.623013
5.705734
5.938659
5.957027
6.055893
6.298115
6.421199
6.647594
6.746278
6.792718
6.912356
6.974124
7.078614
7.318070
7.339839
7.451040
7.621381
7.707276
7.801335
7.853580
8.059657
8.134260
8.367503
8.396346
8.493580
8.722242
8.836074
9.090859
9.199249
9.426732
9.551539
9.770768
9.882469
10.127684
10.245235
10.503285
10.606596
10.838659
10.943285
11.196346
11.301471
11.522333
11.538297
11.641335
11.655848
11.902333
12.007412
12.234895
12.345734
12.422288
12.536755
12.583195
12.697208
12.946097
13.052945
13.262197
13.406732
13.614170
13.768047
14.003966
14.133716
14.247004
14.326142
14.443693
14.553943
14.651222
14.762968
14.983557
15.024374
15.360882
15.387004
15.488591
15.514714
15.699884
15.829634
16.047322
16.191086
16.385598
16.446913
16.530950
16.743920
16.791811
16.892718
17.089680
17.119793
17.230088
17.434487
17.598705
17.790269
17.816392
17.954260
17.994895
18.158070
18.307866
18.505235
18.630542
18.881607
18.967231
18.987548
19.216845
19.322786
19.572265
19.670950
19.904737
20.016483
20.235621
20.381199
20.556800
20.609680
20.706460
20.949226
21.046687
21.067639
21.275394
21.291721
21.417843
21.671267
21.777027
22.016256
22.115258
22.364691
22.469408
22.669000
22.699884
22.742832
22.812900
22.902469
23.023784
23.112990
23.141925
23.246687
23.353444
23.402333
23.435258
23.489317
23.564782
23.722968
23.846006
23.968229
24.069816
24.187367
24.299158
24.405145
24.529861
24.557435
24.664600
24.727231
24.754805
24.873807
25.017480
25.079884
25.206142
25.416573
25.446823
25.532673
25.732945
25.785598
25.895485
26.074079
26.136619
26.198342
26.508954
26.629816
26.815576
26.918614
27.272718
27.319158
27.471539
27.561517
27.952401
28.047412
28.175394
28.294396
28.665916
28.884283
29.001199
29.213308
29.374124
29.554079
29.612129
29.692038
29.745644
