0.073444
0.349181
0.415938
0.671358
0.958047
1.041426
1.160428
1.182197
1.415848
1.427503
1.542106
1.800428
1.962174
2.171947
2.547820
2.703104
2.913535
3.084782
3.110904
3.331494
3.488229
3.726233
3.869907
4.115122
4.142741
4.647775
4.678251
4.919158
5.028002
5.276165
5.300836
5.647684
5.840700
6.065598
6.202061
6.225281
6.434260
6.573580
6.831902
7.210678
7.347095
7.589453
7.721517
7.988546
8.371675
8.526959
8.750451
8.933308
9.150904
9.171312
9.524374
9.550088
9.911449
9.931766
10.287322
11.021653
11.181290
11.443966
11.824192
12.335031
12.603512
12.725417
12.992446
13.366868
13.504737
13.520700
13.758705
13.873353
14.127322
14.503195
14.517707
14.877616
14.889226
15.028546
15.241879
15.411675
15.646777
15.803512
16.041517
16.175031
16.430451
16.964510
17.244600
17.336029
17.582696
17.954215
18.131312
18.311267
18.476709
18.489771
18.729226
18.864192
19.105099
19.550632
19.592718
19.852492
19.967140
20.215303
20.554895
20.698569
20.926369
21.074442
21.308093
21.673807
22.207866
22.458886
22.627276
22.833353
22.859476
23.203421
23.341244
23.601063
23.624283
24.106097
24.441335
25.126324
25.184374
25.248229
25.265644
25.663285
26.010133
26.040610
26.425190
26.824283
27.426551
27.446868
27.809680
27.985235
28.246505
28.623829
29.153535
29.398795
29.565689
29.787730
29.803693
