0.045870
0.154714
0.267911
0.379657
0.491403
0.604600
0.715190
0.828455
0.938455
1.050904
1.162129
1.274374
1.385598
1.499884
1.610088
1.724374
1.835598
1.945802
2.059068
2.170292
2.282537
2.394782
2.507027
2.616210
2.728455
2.842741
2.954986
3.065190
3.178455
3.290700
3.402945
3.516210
3.625394
3.738455
3.850904
3.962129
4.076415
4.186619
4.298455
4.408455
4.525394
4.630496
4.748455
4.862129
4.972333
5.084578
5.196823
5.307027
5.415190
5.529476
5.642741
5.753966
5.864170
5.978455
6.088455
6.198864
6.313149
6.423353
6.534578
6.648455
6.758455
6.873353
6.987639
7.095802
7.208455
7.318455
7.436619
7.543013
7.658455
7.766210
7.882537
7.988659
8.108455
8.212129
8.330496
8.438455
8.552945
8.663149
8.778455
8.883557
8.998455
9.108455
9.228455
9.328455
9.452945
9.557027
9.674374
9.778455
9.898455
10.003966
10.122333
10.228455
10.344782
10.451925
10.566210
10.673353
10.792741
10.898455
11.015190
11.118251
11.238659
11.348455
11.459068
11.570292
11.688455
11.793761
11.907027
12.018455
12.131517
12.243761
12.359068
12.468455
12.581517
12.689680
12.808455
12.913149
13.028455
13.138455
13.252945
13.362129
13.478455
13.584578
13.701925
13.808455
13.924374
14.033557
14.151925
14.259068
14.378455
14.483557
14.594782
14.702945
14.822333
14.929476
15.046823
15.154986
15.268455
15.377435
15.490700
15.598455
15.715190
15.825394
15.941721
16.048455
16.168455
16.272333
16.389680
16.494782
16.611108
16.720292
16.833557
16.940700
17.059068
17.168455
17.283557
17.388455
17.510088
17.618455
17.732537
17.838455
17.958455
18.062129
18.178455
18.288455
18.402945
18.510088
18.628455
18.735598
18.848455
18.960088
19.076415
19.180496
19.298455
19.408455
19.518455
19.629476
19.748455
19.854986
19.975394
