0.222922
0.308455
0.328455
1.867185
1.924510
1.969498
2.016664
2.060201
2.108455
2.155258
2.200972
2.247412
2.294578
2.341018
2.388455
2.407775
3.692129
3.822333
3.954034
4.488455
4.738455
4.991721
5.238433
5.493852
5.539680
5.788455
6.043761
6.292741
6.544555
6.598864
6.858455
7.109068
7.357027
7.606006
7.648455
7.898455
8.151925
8.400904
8.518251
8.611131
8.738841
8.868455
9.000065
9.130678
9.258455
9.388455
9.518455
9.649498
9.780111
9.924510
10.052945
10.171947
10.303285
10.445507
10.576120
10.692220
10.822832
10.951267
11.082605
11.213217
11.343829
11.472265
11.602151
11.732764
11.864827
11.993263
12.123875
12.254487
12.385099
12.528455
12.658455
12.775485
12.906823
13.034532
13.164419
13.295757
13.427095
13.556256
13.686142
13.816755
13.948455
14.088864
14.220927
14.338455
14.468455
14.612038
14.741199
14.858455
14.989362
15.118455
15.248455
15.379748
15.509634
15.638455
15.769408
15.900020
16.030632
16.161244
16.291131
16.421018
16.552356
16.695303
16.824464
16.939839
17.071902
17.202514
17.332401
17.461562
17.594351
17.723512
17.851222
17.981108
18.113898
18.242333
18.388455
18.502106
18.638455
18.778455
18.908455
19.023829
19.158455
19.285054
19.414941
19.544827
19.678455
19.806052
19.938455
20.066551
20.198455
20.328455
20.458455
20.588455
20.718455
20.862560
20.992446
21.108455
21.239158
21.369045
21.499657
21.628455
21.760882
21.887866
22.018455
22.148455
22.280428
22.408455
22.553263
22.668455
22.804328
22.945099
23.075712
23.189634
23.322424
23.450859
23.581471
23.709907
23.842696
23.973308
24.103195
24.231630
24.362968
24.491403
24.624192
24.753353
24.887594
25.028455
25.158455
25.272174
25.405689
25.534850
25.666188
25.793898
25.925961
26.055848
26.186460
26.315621
26.447684
26.575394
26.718455
26.835893
26.968455
27.110904
27.241517
27.358455
27.488455
27.618455
27.748455
27.878455
28.008455
28.138455
28.268455
28.398455
28.529498
28.658455
28.789997
28.918455
29.051222
29.194895
29.324056
