0.228455
0.436256
0.838455
1.048455
1.268455
1.878455
2.078455
2.288455
2.488455
2.688455
2.890315
3.118455
3.528455
3.728455
3.938455
4.128455
4.338455
4.548455
5.032356
5.218455
5.363240
5.578455
5.778455
5.993081
6.181743
6.398455
6.808455
7.003149
7.218455
7.418455
7.621381
7.838455
8.038455
8.269272
8.483421
8.644510
8.858455
9.068455
9.268455
9.478455
9.683603
10.098455
10.290224
10.497752
10.718455
10.917163
11.128455
11.591721
11.775394
11.948455
12.148455
12.358455
12.565780
12.768455
12.950360
13.172401
13.388455
13.608455
14.008455
14.198455
14.418455
14.858455
15.078455
15.233172
15.448455
15.648455
15.868455
16.057027
16.268455
16.688455
16.890496
17.090768
17.301199
17.488455
17.708455
18.096483
18.338455
18.528455
18.728455
18.938455
19.131222
19.341653
19.548455
19.968455
20.158455
20.368455
20.568455
20.789997
20.988455
21.408455
21.628455
21.808455
22.018455
22.218455
22.438455
22.638455
22.828455
23.028455
23.248455
23.455938
23.651857
23.868455
24.058455
24.278455
