0.852945
1.701925
2.485598
3.399884
4.436619
5.399884
5.897843
6.306006
6.730496
7.212129
7.326415
7.987639
8.428274
9.455757
9.687956
9.984011
10.338455
10.552900
10.721244
10.912809
11.237888
11.336573
11.432537
11.539748
11.771312
11.987639
12.273353
12.465190
13.012129
13.293761
14.567231
14.941471
15.318795
15.742560
15.958455
16.218569
17.634986
19.051403
20.752265
21.141199
21.588183
21.948455
22.418297
23.074260
23.225190
23.341290
23.528455
23.688455
24.328138
24.670632
24.809952
25.158251
26.897843
26.995802
27.142741
27.424374
28.281517
28.444782
28.567231
28.742741
28.828455
29.122333
29.922333
