0.118455
0.138455
0.268455
0.398455
0.658455
0.938455
1.198455
1.478455
1.618455
1.745281
2.009408
2.278455
2.409952
2.558455
2.818455
3.088455
3.358455
3.638455
3.768455
3.908455
4.178455
4.435893
4.448954
4.566505
4.718455
4.977208
5.248455
5.518455
5.798455
5.938455
6.068455
6.328455
6.598455
6.727412
6.869634
7.138455
7.408455
7.678455
7.953716
8.098455
8.217843
8.488455
8.753353
8.891222
9.028455
9.291766
9.563149
9.828455
10.108455
10.248455
10.380201
10.648455
10.918455
11.044873
11.188455
11.452673
11.728455
11.995439
12.268455
12.408455
12.538455
12.808455
13.069362
13.218455
13.348455
13.612129
13.888455
14.154895
14.428455
14.568455
14.694759
14.968455
15.223013
15.363784
15.503104
15.768455
16.038455
16.302741
16.582832
16.718455
16.851312
17.118455
17.382469
17.524691
17.658455
17.923784
18.198455
18.463648
18.738455
18.878455
19.010768
19.278455
19.544827
19.578455
19.678455
19.818455
20.081789
20.358455
