0.222333
0.234578
0.558455
0.881517
1.059068
1.178455
1.498455
1.769272
1.788455
1.988455
2.112129
2.128455
2.398455
2.599884
2.698455
2.712129
2.897843
2.995802
3.324374
3.528455
3.593761
3.910088
3.940700
4.197843
4.428455
4.512129
4.738455
4.812129
5.008455
5.088455
5.110088
5.132537
5.303966
5.403966
5.644782
5.728455
5.908455
5.998455
6.278455
6.306006
6.468455
6.595802
6.765190
6.889680
6.928455
7.085598
7.178455
7.359068
7.395802
7.479476
7.678455
7.728455
7.757027
7.987639
8.067231
8.350904
8.575394
8.668455
8.869272
8.944782
9.165190
9.242741
9.538455
9.763149
9.808455
9.830496
9.846823
10.128455
10.363149
10.446823
10.618455
10.718455
10.965190
11.038455
11.228455
11.308455
11.532537
11.628455
11.898455
12.098455
12.126415
12.208455
12.378455
12.438455
12.489680
12.697843
12.789680
12.803966
12.998455
13.079476
13.281517
13.314170
13.408455
13.678455
13.891721
13.978455
14.183557
14.268455
14.458455
14.540700
14.565190
14.750904
14.840700
15.054986
15.154986
15.444782
15.618455
15.673353
15.738455
15.903966
15.965190
16.003966
16.016210
16.171312
16.246823
16.330496
16.359068
16.483557
16.598455
16.748455
16.801925
16.868455
16.897843
17.093761
17.168455
17.412129
17.477435
17.738455
17.783557
17.959068
18.042741
18.322333
18.548864
18.638455
18.850904
18.918455
19.108455
