0.057480
0.201925
0.573353
0.741721
0.921312
1.282537
1.439068
1.640791
2.011108
2.181517
2.359068
2.543467
2.696823
2.712129
2.914986
3.081154
3.312129
3.453399
3.596346
3.623195
3.669634
3.801698
3.997616
4.161607
4.360428
4.521312
4.724374
4.892741
5.064283
5.244238
5.447412
5.600904
5.791721
5.961108
6.071449
6.328319
6.501925
6.681517
7.041721
7.228093
7.399884
7.653308
7.773353
7.949884
8.132537
8.302945
8.386188
8.487775
8.628546
8.673353
8.839680
8.995802
9.210088
9.363149
9.382537
9.552945
9.766324
9.922333
10.065281
10.280496
10.647843
10.661108
10.813149
10.833557
11.009068
11.200904
11.360088
11.379476
11.560088
11.720292
12.082514
