0.100904
0.123353
0.159068
0.412129
0.477435
0.731517
0.762129
1.021312
1.039680
1.661108
2.239680
2.253966
2.300904
2.589680
2.611108
3.241517
3.570950
3.842741
3.869907
4.160088
4.187004
4.494464
4.810315
5.113149
5.128138
5.457571
5.743467
5.753625
6.071312
6.344782
6.380496
6.654464
6.694464
7.004464
7.326415
7.588002
7.635598
7.944464
8.222197
8.251222
8.528455
8.557027
8.835598
8.856006
9.156800
9.474464
9.769272
10.078342
10.384555
10.684464
10.864464
11.004464
11.144464
11.166777
11.291721
11.316210
11.572333
11.606505
11.744464
11.879340
11.900904
12.068251
12.179476
12.210088
12.352446
12.385825
12.494464
12.524464
12.674464
12.771857
12.809589
12.974464
13.098864
13.272537
13.422333
13.559884
13.599884
13.720972
13.984464
14.024464
14.170292
14.304464
14.322333
14.479476
14.598977
14.639612
14.786188
14.920292
14.950179
