0.028455
0.268455
0.308455
0.591539
0.848455
0.991721
1.108455
1.358455
1.632537
1.898455
2.128455
2.148455
2.428455
2.459068
2.688455
2.958455
3.228455
3.468455
3.485598
3.755258
4.008455
4.258455
4.538455
4.554986
4.817571
5.068455
5.158455
5.298455
5.338455
5.583557
5.597843
5.876981
6.118455
6.218455
6.368455
6.648455
6.899884
7.148455
7.403966
7.668455
7.918455
8.171312
8.179476
8.438455
8.718455
8.989680
9.212129
9.234578
9.488455
9.512129
9.752945
9.778455
10.028455
10.278455
10.357027
10.506006
10.538455
10.828455
11.068455
11.358455
11.628455
11.888455
12.178297
12.408455
12.538659
12.668455
12.938455
13.199975
13.438455
13.478455
13.748455
13.985598
14.001925
14.234578
14.510088
14.750904
14.779476
15.057027
15.344782
15.562333
15.608047
15.855394
16.118455
16.648455
16.663149
17.218455
17.748455
17.981517
18.010088
18.028455
18.283557
18.299884
18.578455
18.828455
18.918455
19.066006
19.332537
19.353353
19.648455
19.878455
20.140700
20.158455
20.418455
20.687639
20.944782
21.058455
21.199884
21.473353
21.493761
21.767231
21.948455
21.998455
22.128455
22.278455
22.412129
22.520292
22.536619
22.812129
23.058455
23.314170
23.578455
23.991721
24.098455
24.338455
24.598455
24.628455
25.118455
25.138455
25.358455
