0.038455
0.418455
0.768455
0.938659
1.041721
1.106006
1.280496
1.346188
1.518455
1.708455
1.732537
1.870292
2.069272
2.274374
2.602968
2.798455
2.958523
3.354714
3.375031
3.707367
3.868455
3.928455
4.099884
4.278455
4.438455
4.803059
4.987367
5.178455
5.268455
5.368455
5.730405
6.118455
6.268455
6.328455
6.418455
6.568455
6.628455
6.668455
6.808455
6.868455
7.015190
7.186619
7.368455
7.598455
7.738455
7.908455
8.108455
8.658455
8.805598
8.982650
9.011675
9.168455
9.358455
9.558455
9.881517
10.071312
10.238455
10.428455
10.598455
10.758455
10.938455
11.298455
11.478455
11.918455
12.016210
12.168455
12.364170
12.688455
12.729771
12.768455
12.898455
13.278455
13.448455
13.478455
13.808455
13.828455
13.888455
14.168455
14.358455
14.378455
14.528455
14.558455
14.760088
14.888455
15.078455
15.248455
15.478455
15.598455
15.788455
16.158455
16.339022
16.488455
16.618455
16.678455
16.938455
17.027435
17.203966
17.559521
17.728455
17.888455
17.918455
18.198455
18.307027
18.458455
18.608455
19.038455
19.128455
19.494034
19.858455
20.038455
20.158455
20.238455
20.378455
20.578455
20.648455
20.768455
20.938455
21.298455
21.508455
21.698455
22.058455
22.398455
22.788455
22.934578
23.108455
23.288455
23.318455
23.488455
23.658455
23.838659
24.188455
24.358455
24.538455
24.708455
24.868455
24.928455
25.118455
25.258455
25.458455
25.558455
25.618455
25.828455
25.973852
26.297480
26.335213
26.568455
26.698455
26.958455
27.047775
27.298455
27.422197
27.448319
27.598455
27.741471
27.768455
27.937390
28.025916
28.128455
28.148455
28.278455
28.468455
28.658455
28.819748
29.030179
29.194170
29.218455
29.377027
29.401698
29.548455
29.668455
29.816755
