0.046823
0.118433
0.339680
0.408682
0.668251
0.838455
1.006596
1.082061
1.168455
1.340700
1.430496
1.513149
1.671312
1.833557
2.008455
2.178455
2.332537
2.518455
2.677435
2.850904
3.003966
3.174374
3.335598
3.508047
3.675394
3.847843
3.997843
4.170292
4.483557
4.798455
4.838455
4.908455
4.988455
5.138455
5.328455
5.411108
5.498455
5.581517
5.797888
6.122968
6.242696
6.329771
6.399884
6.493761
6.658455
6.742741
6.838455
7.133036
7.442877
7.589680
7.667820
7.807866
7.991721
8.059068
8.168455
8.495031
8.798455
8.973943
9.159703
9.322333
9.501925
9.666210
9.838455
10.001925
10.165190
10.278455
10.333557
10.493761
10.664170
10.828455
10.998455
11.173353
11.328455
11.503966
11.583557
11.658455
11.835598
11.995802
12.158455
12.328455
12.490700
12.661108
12.832537
12.942741
12.998455
13.164170
13.333557
13.503966
13.662129
13.826415
13.994782
14.168455
14.278455
14.334578
14.492741
14.654986
14.826415
15.136619
15.454986
15.482537
15.618455
15.738455
15.848455
15.988455
16.158047
16.488455
16.848455
16.974374
17.007027
17.228455
17.324374
17.386619
17.488455
17.828455
18.178455
18.347548
18.454986
18.490700
18.538455
18.651925
18.726415
18.818455
19.168455
19.508455
19.658024
19.766868
19.872809
19.981517
20.154986
20.252945
20.328455
20.497843
20.656006
20.775394
20.827435
20.958455
20.998455
21.158455
21.318455
21.424374
21.491721
21.581517
21.654986
21.826415
21.993081
22.021312
22.168455
22.324374
22.430496
22.488659
22.662129
22.710088
22.826415
22.987639
23.150904
23.228455
23.318455
23.487639
23.543761
23.659068
23.740700
23.820292
23.991721
24.159068
24.328455
24.426415
24.487639
24.594782
24.652945
24.822333
24.989680
25.074374
25.151925
25.322333
25.353966
25.393353
25.502945
25.659068
25.828455
25.985598
26.165190
26.277435
26.318455
26.488455
26.550904
26.648455
26.692741
26.819272
26.985598
27.159068
27.314170
27.486619
27.646823
27.818455
27.911108
27.982537
28.139680
28.322333
28.489680
28.648455
28.818455
28.931494
28.988455
29.158455
29.247866
29.318455
29.488455
29.530496
29.599068
29.648455
29.818455
