0.257027
1.448864
3.538659
4.844782
6.134578
7.081517
10.036619
11.310088
12.175394
12.959068
13.906006
20.812129
24.223648
25.013127
25.840700
26.870723
27.195802
27.701925
29.076619
31.108365
31.758523
33.813489
34.544918
37.586732
37.993081
38.283331
38.585190
38.840610
39.212129
41.464464
42.741562
44.947458
46.143285
48.258455
49.579839
55.199068
57.698455
58.612401
60.992446
62.037344
62.513353
62.978455
64.768455
64.939839
65.128455
65.357798
65.554986
68.950904
69.824374
70.371312
71.522333
71.979476
72.444782
74.224374
74.812129
75.391721
75.946823
79.684510
80.137299
80.590088
