0.188455
0.438455
0.697843
0.948455
1.458455
1.603966
1.708455
1.963149
2.218455
2.471312
2.728455
2.978455
3.379476
3.488455
3.742741
3.998455
4.252945
4.503966
4.759068
5.014170
5.522333
5.669272
5.778455
6.032537
6.288455
6.538659
6.798455
7.048455
7.450904
7.558455
7.808455
8.068455
8.328455
8.578455
8.828455
9.083557
9.588455
9.742741
9.848455
10.098455
10.358455
10.608047
10.863149
11.116210
11.516210
11.626415
11.878455
12.132537
12.388455
12.638455
12.898455
13.148455
13.658455
13.810088
13.916210
14.168455
14.422333
14.578455
14.675893
14.928455
15.180927
15.340564
15.598455
15.688455
15.848455
15.944283
16.103920
16.198455
16.455122
16.713444
16.960156
17.218455
17.468455
17.728455
17.858455
17.978455
18.238455
18.488455
18.618455
18.748455
18.998455
19.250904
19.408455
19.508455
19.657027
19.768455
19.888455
20.014170
20.268455
20.408455
20.522333
20.781517
21.028455
21.288455
21.538455
21.798455
21.918455
21.961108
22.048455
22.308455
22.558455
22.688455
22.818455
23.068455
23.322333
23.478455
23.568455
23.738455
23.828455
23.988455
24.078455
24.338455
24.588455
24.848455
25.098455
25.358455
25.608455
25.868455
25.988455
26.118455
26.368455
26.628455
26.748455
26.888455
27.128455
27.388455
27.548455
27.638455
27.795802
27.899884
28.028455
28.058455
28.148455
28.308455
28.408455
28.658455
28.918455
29.168455
29.424374
29.678455
29.928455
30.058455
30.188455
30.438455
30.688455
30.818455
30.858455
30.948455
31.198455
31.458455
31.618455
31.708455
31.868455
31.968455
32.118455
32.218455
32.378455
32.478455
32.728455
32.988455
33.228455
33.488455
33.618455
33.738455
33.877435
33.998455
34.128455
34.168455
34.248455
34.378455
34.508455
34.628455
34.758455
34.885598
35.016210
35.138659
35.268455
35.406006
35.524374
35.648455
35.678455
35.778455
35.922333
36.038455
36.158455
36.288455
36.418455
36.538455
36.568455
36.668455
36.798455
36.924374
37.058455
37.298455
37.428455
37.558455
37.688455
37.808455
37.828455
38.068455
38.198455
38.318455
38.448455
38.578455
38.698455
38.828455
39.088455
39.338455
39.598455
39.718455
39.748455
39.848455
40.003966
40.098455
40.348455
40.479476
40.608455
40.738455
40.868455
40.983557
41.118455
41.238659
41.368455
41.628455
41.748455
41.878455
42.018455
42.138455
42.278455
42.388455
42.518455
42.642741
42.768455
42.888455
43.024374
43.148864
43.272718
43.399884
43.540700
43.658455
43.788455
43.818455
43.908455
44.061108
44.168455
44.328455
44.418455
44.548455
44.678455
44.798455
44.928455
45.077435
45.188455
45.438455
45.575394
45.698455
45.818455
45.948455
46.081517
46.198455
46.328455
46.378455
46.458455
46.578455
46.606006
46.708455
46.838455
46.958455
47.218455
47.468455
47.728455
47.978455
48.238455
48.388455
48.488455
48.758455
48.998455
49.258455
49.498455
49.614668
49.758455
49.888455
50.008455
50.128455
50.268455
50.424464
50.518455
50.648455
50.778455
50.898455
50.918455
51.028455
51.188455
51.288455
51.538455
51.798455
51.918455
51.948455
52.048455
52.181517
52.298455
52.428455
52.548455
52.681517
52.808455
52.938455
53.058455
53.212129
53.318455
53.442741
53.568455
53.710088
53.828455
53.948455
54.078455
54.214170
54.338455
54.463149
54.588455
54.718455
54.798455
54.848455
54.968455
55.098455
55.244782
55.358455
55.452945
55.608455
55.752945
55.859068
56.018455
56.118455
56.261108
56.368455
56.538455
56.628455
56.748864
56.877435
56.999884
