0.234532
0.919521
1.608864
2.244510
2.855485
3.469362
4.051312
4.624555
4.909000
5.165870
5.447412
5.726052
5.991630
6.258455
6.530496
6.782560
7.052492
7.310814
7.563331
7.821653
8.078455
8.331517
8.578455
8.830269
9.086619
9.327435
9.577435
9.820292
10.063149
10.294782
10.534578
10.767231
10.998455
11.199884
11.416210
11.625394
11.818455
12.012129
12.223353
12.413149
12.608455
12.808455
12.993761
13.184578
13.369272
13.543761
13.721312
13.909068
14.068455
14.245802
14.422333
14.590700
14.753966
14.925394
15.078455
15.238455
15.404986
15.558047
15.698864
15.846823
15.986619
16.126415
16.278455
16.424374
16.550904
16.678455
16.808455
16.934578
17.061108
17.195802
17.299884
17.410088
17.533557
17.638455
17.748455
17.863149
17.959068
18.050904
18.162129
18.250904
18.362129
18.472333
18.565190
18.656006
18.758455
18.842741
18.974374
21.098455
21.145802
21.233557
21.498455
21.760088
21.895802
22.014170
22.277435
22.546823
22.809068
23.081517
23.345802
23.488455
23.598455
23.863149
24.133557
24.287639
24.402945
24.663149
24.936619
25.208455
25.481517
25.640700
25.738659
26.011108
26.276415
26.421312
26.540700
26.685598
26.799884
27.068251
27.344782
27.614170
27.767231
27.869272
28.138659
28.408455
28.567231
28.668455
28.828455
28.940700
29.203966
29.470292
29.607027
29.739680
30.009068
30.278455
30.420292
30.528455
30.794782
31.070292
31.338455
31.615190
31.888455
32.038455
32.148455
32.420292
32.682537
32.845802
32.951925
33.218455
33.494782
33.764170
33.924374
34.036619
34.178455
34.293761
34.558047
34.691721
34.828455
34.972333
35.089680
35.344782
35.628455
35.898455
36.168455
36.314170
36.429476
36.694782
36.968455
37.121312
37.234578
37.499884
37.774374
38.041721
38.178455
38.299884
38.438455
38.564170
38.714170
38.825394
38.975394
39.088455
39.353966
39.624374
39.893761
40.163149
40.308047
40.438659
40.578455
40.693761
40.960088
41.108455
41.234578
41.382537
41.494782
41.642741
41.751925
42.020292
42.298455
42.568455
42.726415
42.834578
43.099884
43.366210
43.522333
43.628455
43.771312
43.888455
44.153966
44.308455
44.416210
44.576415
44.681517
44.822333
44.937639
44.948864
45.210088
45.478455
45.733557
45.848682
45.918455
45.979294
46.057027
46.138455
46.250904
46.254986
46.508455
46.744782
46.768455
46.825394
46.902945
47.027435
47.158455
47.278455
47.420292
47.538455
47.809068
48.082537
48.340700
48.608047
48.765190
48.890700
49.029476
49.148864
49.400904
49.414170
49.682537
49.828455
49.948864
50.082537
50.198455
50.459068
50.728455
51.001925
51.158455
51.265190
51.528455
51.801925
51.952628
52.068455
52.205145
52.318455
52.583557
52.848455
52.998455
53.130496
53.268455
53.390700
53.648455
53.918455
54.068455
54.175394
54.328455
54.436619
54.451925
54.707027
54.975394
55.103966
55.375394
55.648455
55.911108
56.028455
56.306006
56.578455
56.845802
57.118455
57.388455
57.528455
57.648455
57.912129
58.170292
58.338455
58.442741
58.580473
58.698455
58.968455
59.238455
59.383557
59.518251
59.658455
59.772333
60.025394
60.182537
60.293761
60.441721
60.560088
60.708455
60.810088
61.081517
61.352945
61.624374
61.770292
61.881517
61.889680
62.145802
62.421312
62.573353
62.682537
62.956006
63.218455
63.488455
63.625394
63.684578
63.765190
63.921312
64.180496
64.298455
64.443761
64.549884
64.826415
64.833557
65.108455
65.368455
65.648864
65.915190
66.048455
66.173353
66.434578
66.698455
66.858455
66.967231
67.228455
67.499884
67.772333
67.920292
68.048455
68.190700
68.311108
68.574374
68.735598
68.844782
68.988455
69.098864
69.114170
69.371312
69.644782
69.918455
70.188455
70.348455
70.448455
70.722333
70.991721
71.151925
71.251925
71.524374
71.783557
72.054986
72.308455
72.385598
72.468455
72.558455
72.645802
72.728455
72.801925
72.888455
72.978455
73.073353
73.343761
73.875394
74.154986
74.428455
74.588455
74.692741
74.958455
75.230496
75.397843
75.495802
75.767231
76.028455
76.303966
76.585598
76.738455
76.848455
77.124374
77.388455
77.568455
77.662129
77.818206
77.922333
78.201925
78.468455
78.738455
78.900904
79.004986
79.012129
79.276415
79.450904
79.548455
79.707027
79.818251
79.828455
79.973353
80.075394
80.348455
80.606006
80.748455
80.868455
81.014170
81.278455
81.543761
81.659068
81.944782
82.218387
82.487639
82.768455
83.048455
83.198455
83.298864
83.568455
83.844782
83.993761
84.108455
84.368455
84.641721
84.920292
85.078455
85.189680
85.340700
85.458455
85.730496
86.004986
86.162129
86.268455
86.533557
86.539680
86.802945
87.071312
87.241721
87.343761
87.500904
87.606006
87.875394
87.882537
88.150904
88.288455
88.410088
88.548455
88.800904
88.929476
89.186619
89.326415
89.568455
89.693761
89.952945
89.991721
90.412129
90.536619
90.548864
