0.208455
1.326415
3.252945
6.768047
6.893761
7.006052
7.138455
7.261471
7.388455
7.514170
7.628455
7.758455
7.888455
8.012129
8.128455
8.258455
8.378455
8.508455
8.628455
8.748455
8.868455
8.998455
9.108455
9.218455
9.378455
9.498455
9.608455
9.728455
9.858455
9.988455
10.098455
10.228455
10.358455
10.477435
10.598455
10.718455
10.848455
10.968455
11.078455
11.208455
11.338455
11.468455
11.578455
11.718455
11.838455
11.958455
12.078455
12.208455
12.328455
12.458455
12.568455
12.688455
12.818455
12.948455
13.068455
13.158455
13.277435
13.388455
13.403966
13.528455
13.648455
13.668455
13.768455
13.898455
14.008455
14.138455
14.268455
14.388455
14.508455
14.528455
14.638455
14.758455
14.878455
15.008455
15.128455
15.248455
15.358455
15.498455
15.628455
15.738455
15.868455
15.988455
16.108455
16.238455
16.358455
16.488455
16.608455
16.728455
16.858455
16.968455
16.987639
17.098455
17.218455
17.328455
17.348455
17.468455
17.588455
17.606006
17.718455
17.838455
17.968455
18.078455
18.208455
18.328455
18.448455
18.578455
18.708455
18.828455
18.948455
19.078455
19.198455
19.298455
19.318455
19.438455
19.568455
19.581517
19.688455
19.808455
19.928455
20.058455
20.178455
20.298455
20.428455
20.548455
20.678455
20.798455
20.918455
21.048455
21.168455
21.278455
21.418455
21.528455
21.558455
21.658455
21.778455
21.908455
22.028455
22.158455
22.268455
22.408455
22.528455
22.648455
22.728455
22.768455
22.818455
22.898455
23.018455
23.138455
23.258455
23.388455
23.508455
23.520292
23.628455
23.758455
23.878455
23.998455
24.128455
24.238455
24.368455
24.488455
24.618455
24.738455
24.858455
24.877435
24.983557
25.108455
25.218455
25.358455
25.478455
25.498455
25.608455
25.728455
25.858455
25.968455
26.098455
26.218455
26.338455
26.468455
26.588455
26.608455
26.718455
26.838455
26.958455
27.078455
27.188455
27.328455
27.448455
27.578455
27.698455
27.818455
27.948455
28.068455
28.188455
28.318455
28.438455
28.568455
28.688455
28.808455
28.938455
29.048455
29.178455
29.308455
29.428455
29.448455
29.548455
29.668455
29.798455
29.918455
30.048455
30.168455
30.288455
30.408455
30.438455
30.538455
30.658455
30.778455
30.908455
31.028455
31.138455
31.158455
31.278455
31.398455
31.418455
31.528455
31.638455
31.778455
31.898455
32.018455
32.138455
32.258455
32.288455
32.378455
32.395802
32.528455
32.628455
32.758455
32.778455
32.838455
32.879476
32.998455
33.108455
33.128455
33.248455
33.357027
33.388455
33.488455
33.599884
33.618455
33.738455
33.865190
33.928455
33.988455
34.108455
34.228455
34.358455
34.478455
34.608455
34.728455
34.818455
34.848455
34.968455
35.078455
35.097843
35.218455
35.368455
35.468455
35.588455
35.718455
35.838455
35.873353
35.958455
36.078455
36.208455
36.318455
36.448455
36.478455
36.538455
36.578455
36.698455
36.828455
36.938455
37.058455
37.188455
37.316210
37.330496
37.428455
37.558455
37.678455
37.808455
37.928455
38.048455
38.178455
38.298455
38.428455
38.548455
38.668455
38.798455
38.918455
39.028455
39.168455
39.288455
39.308455
39.408455
39.528455
39.658455
39.778455
39.898455
40.018455
40.148455
40.268455
40.408455
40.518455
40.658455
40.768455
40.888455
40.998455
41.138455
41.258455
41.278455
41.378455
41.508455
41.628455
41.748455
41.878455
41.998455
42.118455
42.248455
42.368455
42.458455
42.488455
42.608455
42.738455
42.858455
42.968455
43.108455
43.228455
43.248455
43.358455
43.478455
43.608455
43.718455
43.848455
43.968455
44.098455
44.208455
44.358455
44.458455
44.588455
44.708455
44.828455
44.938455
44.958455
45.078455
45.189680
45.218455
45.318455
45.448455
45.568455
45.688455
45.818455
45.938455
46.058455
46.188455
46.308455
46.438455
46.558455
46.678455
46.798455
46.928455
47.058455
47.168455
47.191721
47.298455
47.368455
47.418455
47.548455
47.661108
47.798455
47.908455
47.957027
48.048455
48.158455
48.298455
48.408455
48.628455
48.688455
48.928455
49.178455
49.208455
49.668455
49.698455
49.816210
49.928455
50.068455
50.288455
50.398455
50.528455
50.618455
50.898455
51.148455
51.178455
51.638455
51.668455
51.888455
52.038455
52.258455
52.368455
52.498455
52.628455
52.858455
52.877435
53.108455
53.128455
53.358455
53.608455
53.628455
53.752945
53.848455
53.878455
54.008455
54.118455
54.238455
54.338455
54.468455
54.588455
54.838455
54.858455
55.078455
55.098455
55.328455
55.588455
55.818455
55.979476
56.088455
56.198455
56.308455
56.438455
56.485598
56.578455
56.675394
56.798455
56.820292
56.922333
57.048455
57.068455
57.175394
57.288455
57.312129
57.418251
57.538455
57.558795
57.708455
57.788455
57.808455
57.938455
58.068455
58.168455
58.278455
58.303966
58.408455
58.528455
58.548455
58.654986
58.768455
58.793761
58.901925
59.018455
59.048864
59.150904
59.258455
59.285598
59.395802
59.518455
59.541199
59.652945
59.758455
59.771312
59.898455
59.918455
60.038455
60.138455
60.248455
60.273353
60.385598
60.508455
60.628455
60.744782
60.759068
60.869272
60.985598
61.001925
61.122333
61.238455
61.258455
61.363149
61.488455
61.511993
61.648455
61.728455
61.748455
61.888455
62.008455
62.108455
62.218455
62.348455
62.468455
62.488455
62.591721
62.718455
62.844782
62.968455
62.986460
63.097843
63.208455
63.334578
63.468455
63.583557
63.698455
63.868455
63.978455
64.088455
64.188455
64.208047
64.322333
64.455122
64.571312
64.688455
64.812129
64.928455
64.948455
65.067231
65.178455
65.198455
65.306006
65.428455
65.452945
65.571312
65.671312
65.691721
65.828455
65.940700
66.046823
66.158455
66.288455
66.408455
66.423013
66.532537
66.658455
66.785598
66.908455
66.928455
67.044782
67.148455
67.178455
67.279476
67.408455
67.544782
67.648455
67.798455
67.918455
68.028455
68.138455
68.161108
68.252945
68.388455
68.499884
68.628455
68.658455
68.771312
68.888455
68.997526
69.118455
69.138455
69.258455
69.368455
69.388455
69.538455
69.618455
69.648455
69.778455
69.888455
69.998455
70.108455
70.138455
70.238455
70.358455
70.375394
70.473353
70.598455
70.616210
70.728455
70.848455
70.868455
70.983557
71.088455
71.118455
71.226415
71.348864
71.369272
71.481517
71.588455
71.608455
71.738455
71.858455
71.968455
72.078455
72.098455
72.208455
72.328455
72.341199
72.468455
72.578455
72.712718
72.831721
72.846233
72.948864
73.068455
73.098455
73.197843
73.318455
73.336755
73.454986
73.558455
73.708047
73.834578
73.948455
74.048455
74.188455
74.298455
74.318251
74.420292
74.548455
74.578455
74.673353
74.788455
74.814170
74.922333
75.038455
75.052945
75.178455
75.298455
75.426415
75.538455
75.552945
75.683557
75.799884
75.906006
76.018455
76.146823
76.278455
76.401925
76.518455
76.538455
76.644782
76.768455
76.895802
77.008455
77.028455
77.136619
77.258455
77.401925
77.498455
77.520292
77.648455
77.663149
77.758455
77.888455
77.998455
78.128455
78.241970
78.361108
78.483557
78.612129
78.738455
78.873353
78.978455
79.008455
79.112129
79.228455
79.248864
79.359430
79.478455
79.624374
79.722333
79.858455
79.968455
79.988455
80.098455
80.218455
80.342741
80.458455
80.598455
80.708455
80.836619
80.948455
80.978455
81.081517
81.198455
81.328455
81.446823
81.581517
81.698455
81.826415
81.938455
82.068455
82.188455
82.306006
82.428455
82.448455
82.548864
82.678455
82.806006
82.918455
82.940700
83.057027
83.178455
83.316210
83.418455
83.557027
83.668455
83.798455
83.908455
83.928455
84.040700
84.158455
84.287639
84.398455
84.528455
84.658455
84.779476
84.898455
85.028455
85.148455
85.277435
85.388455
85.408455
85.538455
85.568455
85.638455
85.778455
85.878455
86.008455
86.128455
86.257027
86.368455
86.398455
86.503966
86.628455
86.761108
86.868455
87.001925
87.118455
87.250904
87.358455
87.506006
87.608455
87.738455
87.858455
87.988455
88.108455
88.348455
88.477435
88.598455
88.720292
88.838455
88.858455
88.973353
89.088455
89.224374
89.338455
89.358455
89.498455
89.588455
89.718455
89.828455
89.959068
90.078455
90.203966
90.318455
90.448864
90.568455
90.695802
90.808455
90.940700
91.068455
91.189680
91.306006
91.436709
91.554986
