0.000
0.220
0.350
0.450
0.560
0.770
0.860
1.100
1.450
1.530
1.670
1.920
2.050
2.160
2.260
2.390
2.480
2.590
2.830
2.930
3.160
3.290
3.400
3.530
3.630
3.750
3.850
3.960
4.000
4.070
4.210
4.420
4.540
4.680
4.790
4.920
5.030
5.370
5.490
5.700
5.830
5.950
6.200
6.320
6.440
6.580
6.680
6.740
6.860
7.540
7.850
8.090
8.370
8.600
8.840
9.070
9.320
9.560
9.880
10.030
10.240
10.480
10.730
10.860
10.980
11.080
11.170
11.310
11.420
11.520
11.640
11.760
11.870
11.980
12.120
12.210
12.440
12.570
12.670
12.790
