0.000
0.200
0.240
0.470
0.710
0.780
1.740
2.690
2.740
3.670
4.110
4.410
4.640
4.770
5.640
5.690
6.090
6.160
6.730
6.890
7.600
7.640
8.100
8.300
8.820
8.860
9.070
9.310
9.790
10.020
10.270
10.320
10.520
11.000
11.040
11.490
11.980
12.220
12.480
12.650
14.660
14.920
14.970
15.160
15.690
16.630
16.670
17.410
18.390
19.370
20.050
20.270
20.310
20.350
20.630
21.020
21.120
21.160
21.280
21.340
21.840
23.230
23.270
23.750
24.460
24.710
24.940
24.980
25.440
25.670
25.930
26.160
26.620
26.660
27.120
27.160
27.640
27.680
27.870
27.910
28.130
30.300
30.540
31.280
31.370
31.720
31.980
32.200
32.310
32.400
33.050
33.310
35.220
35.460
36.030
36.230
36.710
37.180
37.260
38.190
39.170
39.860
39.920
40.110
40.180
40.450
40.500
40.650
40.780
43.040
43.770
44.020
44.110
44.270
44.500
44.540
44.740
45.230
45.460
45.500
45.710
46.210
46.430
46.690
47.130
47.180
47.390
47.430
47.630
47.670
47.730
48.150
48.380
48.640
49.120
49.160
49.370
49.620
49.660
49.990
50.430
50.820
51.080
51.240
51.330
51.880
52.080
52.290
52.430
52.570
52.960
53.160
53.230
53.770
53.810
54.090
54.290
54.520
55.030
55.270
55.520
55.560
56.010
56.240
56.450
56.520
56.960
57.200
57.240
57.440
57.490
58.230
58.310
59.250
59.550
59.870
60.010
60.630
60.890
61.120
61.840
62.110
62.350
62.830
62.900
63.550
63.590
63.820
64.050
64.090
64.790
65.050
65.290
65.770
65.970
66.500
66.550
66.770
66.810
67.010
67.730
68.000
68.230
68.700
68.750
69.680
69.940
70.190
70.290
70.430
71.180
71.530
72.170
73.170
74.110
74.970
75.090
75.520
76.080
76.120
76.750
77.080
77.510
77.760
78.000
