0.400
0.520
0.680
0.750
0.860
1.170
1.530
1.840
2.530
2.810
3.150
3.230
3.500
3.790
4.110
4.440
4.760
5.080
5.400
5.750
6.090
6.370
6.700
7.000
7.680
8.000
8.350
8.680
9.000
9.250
9.310
9.600
9.660
9.710
9.990
10.310
10.630
10.970
11.090
11.160
11.280
11.610
11.670
11.930
12.000
12.280
12.630
12.950
13.260
13.590
13.690
13.960
14.280
14.550
14.600
14.920
15.050
15.220
15.270
15.580
15.900
16.250
16.600
16.900
17.230
17.580
17.940
18.240
18.540
18.580
18.930
19.310
19.620
19.870
19.930
20.130
20.230
20.280
20.660
20.990
21.290
21.640
21.980
22.280
22.620
22.670
22.920
23.280
23.600
23.640
23.920
23.960
24.290
24.950
24.990
25.290
25.580
25.620
25.970
26.290
26.610
26.970
27.300
27.610
27.960
28.280
28.330
28.970
29.020
29.260
29.540
29.620
