0.010
0.120
0.330
0.460
0.510
0.690
0.740
0.840
1.060
1.140
1.190
1.240
1.410
1.540
1.780
1.900
2.110
2.160
2.260
2.490
2.580
2.630
2.820
2.870
2.980
3.190
3.240
3.330
3.570
3.670
3.920
4.000
4.050
4.240
4.290
4.340
4.400
4.570
4.620
4.740
4.980
5.030
5.110
5.160
5.340
5.390
5.440
5.490
5.690
5.760
5.810
6.060
6.170
6.410
6.490
6.540
6.590
6.780
6.850
6.900
7.060
7.120
7.260
7.400
7.500
7.610
7.720
7.850
7.980
8.040
8.220
8.290
8.340
8.390
8.500
8.560
8.690
8.920
9.030
9.280
9.400
9.600
9.650
9.710
9.760
9.810
9.960
