0.010
0.100
0.180
0.230
0.390
0.490
0.710
0.770
0.980
1.060
1.260
1.340
1.390
1.510
1.590
1.680
1.730
1.780
1.920
2.000
2.050
2.110
2.240
2.350
2.520
2.570
2.730
2.810
2.860
3.080
3.220
3.300
3.410
3.520
3.590
3.690
3.780
3.900
3.990
4.110
4.230
4.280
4.330
4.400
4.460
4.550
4.600
4.650
4.700
4.750
4.850
4.940
5.160
5.210
5.370
5.450
5.650
5.770
5.880
5.980
6.030
6.240
6.310
6.360
6.460
6.530
6.610
6.680
6.800
6.910
6.960
7.090
7.180
7.460
7.510
7.910
7.980
8.080
8.400
8.560
8.610
8.660
8.710
8.870
8.990
9.050
9.290
9.480
9.530
9.760
9.850
9.900
9.950
