0.050
0.190
0.350
0.500
0.650
0.790
1.100
1.390
1.700
1.850
1.990
2.160
2.290
2.450
2.600
2.750
2.910
3.040
3.190
3.500
3.660
3.790
3.950
4.090
4.250
4.380
4.690
4.840
5.000
5.120
5.280
5.420
5.580
5.900
6.030
6.190
6.330
6.470
6.520
6.790
6.930
7.100
7.230
7.390
7.710
7.840
7.990
8.300
8.460
8.590
8.750
8.890
9.040
9.190
9.360
9.490
9.650
9.790
9.960
10.110
10.250
10.390
10.700
10.990
11.300
11.460
11.590
11.760
11.890
12.050
12.190
12.340
12.510
12.640
12.790
13.100
13.260
13.390
13.550
13.690
13.850
13.980
14.290
14.440
14.600
14.730
14.880
14.930
15.020
15.180
15.500
15.630
15.790
15.930
16.080
16.390
16.530
16.690
16.740
16.840
16.990
17.130
17.290
17.430
17.590
17.770
17.890
18.020
18.070
18.170
18.220
18.350
18.500
18.650
18.760
18.810
19.010
19.080
19.250
19.390
19.560
19.720
19.820
19.870
19.980
20.060
20.160
20.300
20.450
20.570
20.620
20.890
21.050
21.190
21.320
21.370
21.480
21.640
21.790
21.960
22.050
22.100
22.250
22.340
22.390
22.680
22.840
22.890
22.990
23.160
23.290
23.440
23.490
23.580
23.890
23.970
24.050
24.200
24.260
24.340
24.500
24.650
24.780
25.100
25.340
25.390
25.700
25.840
25.990
26.140
26.280
26.330
26.420
26.470
26.590
26.740
26.900
27.050
27.190
27.430
27.500
27.650
27.790
27.960
28.090
28.230
28.280
28.390
28.530
28.580
28.690
28.810
28.860
28.980
29.030
29.160
29.440
29.590
29.710
29.890
