0.010
0.290
0.490
0.790
0.880
1.030
1.080
1.460
1.670
1.850
2.240
2.430
2.490
2.820
3.230
3.430
3.620
4.020
4.150
4.790
5.000
5.580
5.940
6.030
6.390
6.560
7.340
7.550
7.750
7.930
8.130
8.320
8.520
8.720
8.870
8.920
10.730
11.090
11.470
11.820
12.010
12.140
12.190
12.370
12.480
12.550
12.740
12.840
12.910
13.100
13.200
13.280
13.370
13.460
13.560
13.650
13.830
13.960
14.160
14.210
14.340
14.390
14.520
14.570
14.710
14.760
14.840
15.100
15.430
15.480
15.650
15.820
15.920
16.020
16.100
16.540
16.900
17.070
17.150
17.260
17.330
17.440
17.680
18.000
18.050
18.310
18.400
18.550
18.720
18.900
19.030
19.450
19.810
19.990
20.160
20.230
