0.070
0.220
0.350
0.620
0.780
0.890
1.160
1.440
1.570
1.700
1.970
2.150
2.240
2.380
2.510
2.780
2.940
3.050
3.320
3.590
3.730
3.860
4.130
4.390
4.540
4.670
4.930
5.090
5.200
5.470
5.750
5.890
6.020
6.290
6.460
6.550
6.700
6.830
7.090
7.360
7.640
7.910
8.050
8.180
8.330
8.450
8.620
8.710
8.860
8.990
9.250
9.520
9.790
9.970
10.070
10.210
10.330
10.470
10.600
10.780
10.870
11.010
11.150
11.410
11.590
11.680
11.950
12.230
12.370
12.490
12.770
13.020
13.170
13.300
13.570
13.840
14.110
14.270
14.380
14.530
14.650
14.790
14.920
15.080
15.180
15.330
15.460
15.720
15.990
16.260
16.540
16.680
16.810
16.950
17.080
17.340
17.490
17.620
17.880
18.020
18.150
18.420
18.550
18.600
18.700
18.840
18.970
19.100
19.230
19.500
19.640
19.780
20.040
20.310
