0.100
0.150
0.250
0.330
0.560
0.850
0.990
1.270
1.420
1.570
1.670
1.850
2.020
2.130
2.290
2.530
2.600
2.730
2.780
2.900
2.990
3.090
3.170
3.440
3.600
4.050
4.490
4.920
5.140
5.200
5.360
5.640
5.800
5.850
6.100
6.230
6.280
6.480
6.550
6.670
6.720
6.890
6.950
7.110
7.380
7.430
7.480
7.540
7.590
7.980
8.030
8.300
8.440
8.490
8.730
8.870
8.920
9.080
9.180
9.340
9.510
9.630
9.710
9.770
9.980
10.140
10.200
10.500
10.640
11.080
11.520
11.950
12.240
12.390
12.510
12.680
12.840
13.120
13.270
13.360
13.720
13.990
14.130
14.580
14.930
15.010
15.060
15.440
15.670
15.720
15.850
15.900
15.990
16.170
16.330
16.430
16.500
16.630
16.770
16.930
17.190
17.450
17.620
18.060
18.430
18.480
18.530
18.810
18.870
18.920
18.970
19.190
19.360
19.650
19.810
19.900
20.090
20.250
20.350
20.420
20.490
20.650
20.700
20.750
21.120
21.560
22.010
22.430
22.710
22.810
22.890
22.940
23.170
23.330
23.380
23.610
23.700
23.760
23.920
24.010
24.190
24.340
24.470
24.620
25.070
25.460
25.510
25.810
25.940
25.990
26.220
26.390
26.670
26.830
27.080
27.130
27.270
27.360
27.430
27.660
27.710
27.910
28.020
28.130
28.570
28.990
29.420
29.710
29.870
30.160
30.320
30.600
30.750
30.920
31.010
31.190
31.620
31.680
32.060
32.500
32.930
33.220
33.370
33.660
33.820
34.120
34.260
34.350
34.440
34.530
34.710
34.980
