0.020
0.150
0.200
0.690
0.740
1.150
1.620
1.670
2.140
2.490
2.630
2.950
3.100
3.600
4.090
4.260
4.400
4.550
5.030
5.080
5.480
5.830
5.980
6.070
6.460
6.770
6.920
6.980
7.240
7.380
7.850
8.180
8.310
8.360
8.650
8.800
9.140
9.280
9.570
9.750
9.920
10.050
10.210
10.670
10.860
11.000
11.120
11.170
11.630
11.980
12.140
12.440
12.630
12.800
12.920
12.970
13.090
13.410
13.460
13.610
13.830
13.880
14.090
14.370
14.420
14.540
14.890
15.050
15.100
15.380
15.530
15.840
16.010
16.300
16.490
16.540
16.630
16.780
16.950
17.270
17.410
17.520
17.650
17.730
17.910
18.120
18.210
18.360
18.420
18.550
18.690
18.740
18.840
18.890
19.180
19.310
19.360
19.410
19.690
19.840
20.000
20.150
20.300
20.640
20.780
20.850
21.110
21.210
21.360
21.580
21.740
22.030
22.080
22.150
22.210
22.380
22.540
22.660
22.710
22.850
22.930
22.980
23.100
23.150
23.220
23.630
23.680
23.930
24.100
24.380
24.430
24.550
24.630
24.890
25.030
25.090
25.340
25.490
25.670
25.750
25.800
25.930
26.020
26.240
26.310
26.410
26.490
26.750
26.890
27.000
27.270
27.380
27.520
27.770
27.860
27.950
28.210
28.360
28.470
28.660
28.800
28.850
29.200
29.310
29.620
29.670
29.800
