0.120
0.290
3.850
4.310
6.110
6.850
7.340
7.580
7.720
8.340
8.450
9.580
9.750
9.830
9.970
10.210
10.590
10.730
10.830
11.080
11.590
12.170
12.700
12.920
13.140
13.300
13.480
13.660
13.880
14.070
14.210
14.640
14.910
15.140
15.400
15.900
16.160
16.360
17.040
17.570
18.120
18.410
18.650
18.900
19.090
19.260
19.670
19.790
19.930
20.140
20.350
20.470
20.600
20.760
21.160
21.300
21.740
22.520
22.930
22.980
23.650
23.780
23.920
24.260
24.310
24.430
24.810
24.930
25.150
25.320
25.600
25.930
26.090
26.200
26.360
26.580
26.850
27.110
27.280
27.430
27.680
27.920
28.530
28.650
28.870
28.930
29.440
29.760
29.910
29.960
30.540
30.650
30.750
30.850
30.930
31.240
31.350
31.940
32.280
32.600
32.880
32.950
33.060
33.190
33.300
33.450
33.610
33.720
33.950
34.130
34.450
34.560
34.820
34.940
35.140
35.290
35.440
35.860
35.920
36.230
36.960
37.090
37.210
37.330
37.460
37.510
37.600
37.720
37.820
38.060
38.240
38.320
38.480
38.600
38.840
38.980
39.050
39.170
39.360
39.960
40.380
40.640
40.860
40.960
41.410
41.510
41.980
42.220
42.370
42.970
43.310
43.650
43.810
43.980
44.120
44.240
44.820
44.990
45.600
45.710
45.790
45.920
46.380
46.980
47.500
47.790
47.980
48.170
48.420
48.600
48.860
49.010
49.120
49.640
49.890
50.070
50.180
50.280
50.380
50.570
50.720
50.770
50.840
51.250
52.000
52.330
52.490
52.910
52.990
53.250
53.510
53.910
54.030
54.310
54.540
54.770
55.010
55.410
55.850
56.000
56.240
56.290
56.520
57.000
57.210
57.260
57.500
57.730
58.010
58.230
58.430
58.590
58.710
58.920
59.250
59.500
59.620
59.930
60.110
60.270
60.410
60.620
60.730
60.810
60.920
61.010
61.190
61.350
61.520
61.690
61.850
62.030
62.270
62.400
62.520
62.770
62.900
63.020
63.110
63.240
63.360
63.520
63.650
63.770
63.910
63.960
64.020
64.270
64.520
64.780
64.980
65.200
65.370
65.540
65.690
66.040
67.070
67.300
67.350
67.410
67.710
67.820
68.330
68.530
68.650
68.740
68.790
68.860
69.070
69.150
69.260
69.800
69.910
70.420
70.650
70.750
71.130
71.700
71.890
72.300
72.410
72.500
72.650
73.040
73.140
73.340
73.790
73.880
73.970
74.080
74.160
74.260
74.380
74.490
74.800
75.010
75.230
75.410
75.660
76.280
76.420
76.890
77.100
77.210
77.310
77.420
77.830
77.930
78.040
78.150
78.260
78.360
78.460
78.560
78.670
78.980
79.100
79.190
79.300
79.400
79.510
79.710
79.820
80.020
80.260
80.340
80.440
80.840
80.950
84.120
86.520
86.770
87.020
87.200
87.370
87.470
87.710
95.690
99.680
102.480
102.590
128.890
130.650
131.400
131.730
132.370
132.990
133.400
133.570
133.800
133.990
134.140
134.300
134.380
134.490
134.690
134.810
135.210
135.320
136.650
136.740
136.900
137.490
137.650
137.900
138.150
138.650
138.730
138.910
138.990
139.320
139.920
140.500
140.610
141.080
141.240
141.980
142.110
142.330
142.430
142.660
142.710
142.970
143.080
143.160
143.250
143.330
143.410
143.490
143.580
143.670
143.770
143.840
143.920
144.000
144.200
144.430
144.890
145.890
145.970
146.970
147.060
147.140
147.560
147.650
147.730
148.390
148.480
148.560
148.640
148.720
149.230
149.310
149.500
149.950
150.020
151.750
151.800
152.500
152.580
152.740
153.080
153.360
154.080
154.560
155.260
155.330
155.600
156.120
157.630
158.490
158.870
159.620
159.980
160.390
160.740
161.250
161.400
161.760
162.070
162.390
162.570
163.020
163.070
163.490
164.040
164.690
168.770
169.550
170.130
170.710
170.940
171.210
171.510
171.690
172.010
172.190
172.560
172.720
172.790
172.940
173.050
173.230
173.610
173.710
173.810
174.000
174.090
174.220
174.360
174.410
174.490
174.560
174.620
174.710
174.770
174.820
174.870
174.940
174.990
175.210
175.310
175.370
175.500
175.560
175.620
175.690
175.750
175.810
175.970
176.140
176.310
176.470
176.690
