0.020
0.080
0.160
0.210
0.270
0.330
0.570
0.690
0.810
0.940
1.070
1.180
1.270
1.320
1.400
1.450
1.510
1.560
1.610
1.660
1.780
1.890
2.060
2.150
2.270
2.500
2.670
2.720
2.770
2.870
2.990
3.070
3.220
3.360
3.450
3.500
3.630
3.720
3.790
3.960
4.090
4.190
4.260
4.440
4.670
4.830
4.930
5.160
5.290
5.410
5.470
5.640
5.780
5.900
6.030
6.130
6.370
6.520
6.570
6.620
6.780
6.870
7.100
7.350
7.470
7.520
7.590
7.830
8.070
8.310
8.360
8.540
8.590
8.710
8.800
8.850
8.920
9.030
9.170
9.280
9.370
9.520
9.660
9.770
