0.170
0.950
1.140
1.340
1.530
1.730
1.920
2.120
2.510
2.700
2.900
3.090
3.290
3.480
4.070
4.260
4.460
4.620
4.780
4.850
5.110
5.630
5.820
6.600
6.800
6.990
7.190
7.380
7.570
7.770
7.960
8.160
8.350
8.550
8.740
8.940
9.130
9.220
9.330
9.520
9.720
9.910
10.110
10.310
10.890
11.080
11.280
11.480
11.670
11.860
12.060
12.260
12.450
12.840
13.040
13.230
13.420
13.620
13.810
14.200
14.390
14.590
14.780
14.980
15.370
15.760
15.960
16.150
16.340
16.540
16.930
17.130
17.320
17.510
17.900
18.290
18.490
18.660
18.880
19.070
19.430
19.660
19.850
