0.010
0.190
0.390
0.590
0.790
0.990
1.190
1.390
1.590
1.790
1.990
2.190
2.390
2.590
2.790
2.990
3.190
3.390
3.590
3.790
3.990
4.190
4.390
4.590
4.790
4.990
5.390
5.790
6.190
6.590
6.990
7.390
7.790
8.190
8.590
8.990
9.200
9.390
9.600
9.790
10.190
10.400
10.800
10.990
11.200
11.600
12.000
12.400
12.600
12.800
13.000
13.200
13.400
13.600
13.800
14.000
14.200
14.400
14.600
14.800
15.000
15.200
15.400
15.800
16.200
16.400
16.600
16.800
17.000
17.200
17.400
17.600
17.800
18.200
18.600
19.000
19.800
20.200
20.600
21.000
21.400
21.800
22.200
22.600
22.810
23.000
23.210
23.600
23.700
23.800
23.900
24.000
24.100
24.200
24.300
24.400
24.500
24.600
24.700
24.800
24.900
25.000
25.100
25.200
