0.790
1.030
1.260
1.500
1.730
1.980
2.450
2.670
2.910
3.140
3.380
3.610
4.050
4.320
4.540
4.780
5.020
5.250
5.490
5.720
6.190
6.420
6.650
6.880
7.350
7.580
7.690
8.270
8.740
8.980
9.200
9.430
10.140
10.850
11.070
11.300
11.990
12.230
12.920
13.150
13.620
13.840
14.090
14.320
14.550
14.770
15.010
15.700
15.930
16.400
16.630
16.860
17.330
17.540
18.240
18.470
18.710
19.180
19.400
19.640
20.100
20.320
20.560
20.800
21.030
21.250
21.480
21.710
21.940
22.180
22.410
23.110
23.580
23.810
24.030
24.270
24.960
25.200
25.430
25.660
25.880
26.120
26.590
26.810
27.050
27.450
27.740
28.440
28.650
29.350
29.570
29.810
