7.610
7.740
7.870
8.000
8.100
8.240
8.360
8.610
8.730
8.840
9.840
9.970
10.080
10.580
10.700
10.820
10.950
11.060
11.190
12.060
13.140
13.370
13.510
13.750
13.860
14.120
14.250
14.360
14.490
14.740
14.860
14.990
15.110
15.230
15.330
15.480
15.720
15.970
16.090
16.220
16.330
16.470
16.710
16.950
17.080
17.200
17.310
17.450
17.700
17.800
17.940
18.060
18.190
18.430
18.560
18.810
18.930
19.170
19.280
19.420
19.670
19.910
20.160
20.280
20.410
20.530
20.660
20.780
21.030
21.260
21.400
21.640
21.760
22.010
22.140
22.250
22.710
22.750
23.000
23.120
23.220
23.370
23.610
23.860
23.980
24.110
24.220
24.350
24.470
24.600
24.720
24.840
24.970
25.200
25.340
25.590
25.950
26.080
26.190
26.320
26.450
26.570
26.820
26.950
27.060
27.170
27.310
27.430
27.560
27.800
27.920
28.050
28.170
28.300
28.410
28.670
29.150
29.290
29.530
29.650
29.780
29.900
30.020
30.140
30.270
30.390
30.520
30.640
30.760
30.890
31.120
31.260
32.000
32.240
32.360
32.510
32.610
32.980
33.090
33.230
33.370
33.470
33.720
33.840
33.970
34.090
34.210
34.340
34.460
34.710
35.060
35.200
35.450
35.700
35.820
35.940
36.060
36.300
36.560
36.680
36.810
36.920
37.170
37.410
37.660
37.780
37.910
38.030
38.280
38.530
38.650
38.780
39.000
39.390
39.510
39.640
39.760
39.880
40.000
40.250
40.390
40.500
40.640
41.120
41.360
41.610
41.730
41.860
41.970
42.100
42.230
42.350
42.470
42.720
43.090
43.340
43.700
43.830
43.950
44.190
44.440
44.570
44.690
44.810
45.060
45.200
45.300
45.550
45.670
45.800
45.920
46.040
46.170
46.290
46.420
46.540
46.780
47.280
47.400
47.530
47.890
48.140
48.280
48.390
49.650
49.910
50.050
50.280
50.880
51.870
52.020
52.250
52.840
53.090
53.340
53.830
54.220
55.060
55.310
55.570
55.800
55.970
56.190
56.290
56.560
56.780
57.270
57.410
57.770
58.150
58.260
58.750
59.000
59.240
59.380
61.220
61.350
61.470
62.690
63.190
63.680
64.440
64.670
65.160
65.420
65.660
66.040
66.390
66.640
67.130
67.630
68.010
68.610
69.100
70.090
70.580
70.830
71.570
72.060
72.560
73.050
73.540
74.030
75.020
75.520
75.900
76.000
76.260
76.500
76.740
76.990
77.240
77.480
77.980
78.230
78.470
78.720
78.960
79.210
79.460
80.200
80.440
80.690
80.930
81.180
81.430
81.580
81.680
81.920
82.170
82.410
82.660
82.900
83.040
83.150
83.650
83.890
84.140
84.380
84.630
85.010
85.130
85.370
85.620
86.110
86.350
86.600
86.850
87.100
87.340
87.500
87.590
88.090
88.330
88.580
88.820
89.070
90.060
90.300
90.550
90.790
91.040
