0.180
0.350
0.490
0.540
0.780
0.860
1.080
1.330
1.410
1.520
1.630
1.830
1.890
1.950
2.000
2.050
2.190
2.240
2.420
2.560
2.660
3.250
3.350
3.760
3.990
4.150
4.360
4.690
4.820
5.010
5.060
5.260
5.390
5.480
5.930
5.980
6.690
7.510
7.560
7.790
7.840
8.030
8.080
8.230
8.290
8.860
9.380
10.010
10.290
10.340
10.750
10.800
10.850
11.120
11.220
11.460
11.550
12.380
13.350
13.410
13.910
13.960
14.310
14.660
15.190
15.440
15.920
15.970
16.070
16.180
16.940
18.030
19.980
20.350
21.660
22.630
24.910
25.270
25.850
26.060
26.700
28.410
28.510
28.820
28.890
29.050
29.170
29.340
29.390
29.440
29.520
29.570
29.770
29.820
29.890
29.950
30.080
30.130
30.220
30.570
30.750
30.990
31.040
31.170
31.500
32.460
32.750
33.390
33.480
33.540
33.730
33.900
34.390
34.550
35.070
35.520
35.680
35.730
36.160
36.340
36.530
36.830
37.890
37.940
38.430
38.580
38.640
38.780
39.360
39.870
40.030
41.620
41.780
41.960
42.430
42.620
42.670
42.830
43.040
43.240
43.320
43.370
43.870
44.040
44.190
44.350
44.530
45.020
46.130
46.670
47.180
47.530
48.280
48.330
