0.180
0.970
1.220
1.640
1.740
1.810
2.420
4.510
4.680
5.050
5.400
5.510
5.770
6.630
6.880
7.020
7.440
7.860
7.950
8.130
8.330
8.690
8.740
8.790
9.380
9.740
10.350
10.730
11.130
12.140
12.220
12.640
12.860
12.990
13.120
13.220
14.070
14.120
14.260
14.310
15.390
15.530
15.670
15.730
16.240
16.680
16.810
17.260
17.410
17.460
17.580
20.310
20.360
21.410
21.560
21.920
22.610
23.120
23.200
23.250
23.300
23.660
24.310
24.400
24.560
24.700
25.050
25.460
25.650
25.970
26.090
26.620
26.670
28.020
31.880
31.930
32.270
32.550
32.910
33.680
33.950
34.140
34.330
34.450
34.590
34.800
35.270
35.390
35.520
35.700
36.080
36.610
37.470
41.090
41.140
41.550
41.600
42.190
42.630
42.800
43.320
44.800
44.890
45.030
45.510
