0.896
0.682
0.625
0.630
0.500
0.739
0.829
0.946
0.743
0.860
0.902
0.914
1.000
0.970
1.000
1.000
0.565
1.000
0.667
0.967
0.929
0.600
0.963
0.905
0.864
0.781
0.963
0.500
0.826
0.743
0.647
0.750
0.796
0.963
0.905
0.806
0.800
0.868
1.000
0.741
0.639
0.787
0.413
0.907
0.875
0.792
0.783
0.905
0.333
0.960
0.923
0.929
0.950
0.846
0.684
0.815
1.000
0.667
1.000
0.600
0.886
0.851
0.968
0.923
0.935
0.975
1.000
1.000
0.947
0.971
0.618
0.605
0.783
0.692
0.978
0.870
0.838
0.638
0.696
0.625
0.786
0.926
0.952
0.846
0.741
0.893
0.879
0.900
0.727
0.775
0.883
0.720
0.750
0.920
0.966
0.966
0.841
0.808
0.810
0.984
0.891
1.000
0.906
0.818
0.953
0.875
0.960
0.870
0.867
1.000
0.962
1.000
0.918
0.897
0.980
0.982
0.937
0.952
0.946
0.983
0.968
0.909
0.857
0.932
0.941
0.957
0.899
0.886
0.918
0.941
0.952
0.915
0.984
0.923
0.920
1.000
0.907
0.922
0.952
1.000
0.946
0.969
0.870
0.956
0.970
0.830
0.940
0.892
0.826
0.949
0.944
0.786
0.876
0.953
0.888
0.878
0.966
0.750
0.750
0.821
0.973
0.996
0.932
0.988
0.952
0.990
1.000
0.566
0.990
0.990
0.967
0.967
0.829
0.973
0.815
0.348
0.933
0.965
0.959
0.978
0.857
0.977
1.000
0.869
0.159
0.977
0.980
0.750
1.000
1.000
0.759
0.783
0.735
0.975
0.953
0.995
1.000
0.983
0.987
0.941
0.937
0.929
0.994
0.952
0.970
0.800
0.900
1.000
0.909
0.875
0.933
1.000
0.933
0.941
0.895
1.000
0.875
0.750
0.923
1.000
1.000
0.864
1.000
0.977
0.948
0.960
1.000
0.963
0.652
0.886
0.940
1.000
0.905
0.978
0.792
0.987
0.962
0.842
0.933
1.000
0.964
0.986
0.736
0.951
0.960
0.935
0.935
0.896
0.809
0.949
0.901
0.966
0.936
0.951
0.886
0.895
0.480
1.000
0.976
0.931
0.983
0.973
0.952
0.566
0.997
0.797
0.629
0.649
0.739
0.903
0.939
1.000
0.966
0.956
0.917
0.968
0.981
0.750
0.964
0.872
0.978
0.688
0.824
0.872
0.696
0.896
0.961
0.721
0.647
0.824
0.979
0.640
0.906
0.864
0.969
0.906
0.886
0.557
0.897
0.643
1.000
0.939
1.000
0.713
0.799
0.997
1.000
0.889
1.000
1.000
1.000
0.928
0.381
0.978
0.925
0.997
1.000
0.919
1.000
0.793
0.975
