0.778
0.593
0.391
0.471
0.500
0.607
0.861
0.818
0.439
0.733
0.781
0.897
1.000
1.000
0.985
1.000
0.867
0.842
0.750
0.690
1.000
0.632
0.794
1.000
0.740
0.622
0.777
0.625
0.773
0.920
0.340
0.744
0.768
0.634
0.314
0.867
0.361
0.679
1.000
0.639
0.524
0.685
0.239
0.643
0.505
0.274
0.733
0.708
0.162
0.980
0.965
0.905
0.917
0.375
0.472
0.455
0.057
0.125
0.014
0.151
0.750
0.826
0.968
0.957
0.955
0.952
1.000
0.965
0.950
1.000
0.600
0.535
0.526
0.562
0.911
0.915
0.494
0.500
0.762
0.397
0.846
0.683
1.000
0.674
0.677
0.803
0.577
0.389
0.586
0.397
0.957
0.952
0.814
0.949
0.981
0.980
0.792
0.971
0.960
1.000
0.953
1.000
0.952
1.000
1.000
0.767
1.000
0.836
0.980
0.982
1.000
1.000
0.937
0.965
0.964
1.000
0.968
0.982
1.000
0.984
0.905
0.931
0.819
0.958
0.887
0.959
0.970
0.939
0.985
0.944
0.872
1.000
1.000
0.950
0.875
0.966
0.950
0.902
0.984
0.947
0.962
1.000
0.810
0.985
0.935
0.660
0.860
0.871
0.679
0.964
0.960
0.772
0.953
0.983
0.980
0.993
1.000
0.684
0.590
0.698
1.000
0.996
0.815
0.857
0.940
1.000
0.955
0.724
0.990
0.982
0.574
1.000
0.875
0.993
1.000
1.000
0.929
0.884
1.000
1.000
0.388
0.839
1.000
0.655
0.158
1.000
1.000
0.755
1.000
1.000
0.913
0.679
0.958
1.000
0.982
1.000
1.000
1.000
0.988
1.000
1.000
0.923
0.994
1.000
1.000
1.000
1.000
1.000
1.000
1.000
0.933
0.939
1.000
1.000
0.654
0.944
0.800
1.000
1.000
0.950
1.000
0.947
1.000
0.874
1.000
1.000
0.950
1.000
0.824
1.000
0.988
1.000
0.933
1.000
0.933
1.000
0.875
0.889
1.000
1.000
0.956
1.000
0.750
1.000
0.971
0.931
0.973
0.941
0.862
0.907
0.979
0.994
0.932
0.957
0.918
0.927
0.446
1.000
0.946
0.992
0.938
0.912
0.967
0.848
1.000
0.874
0.262
0.396
0.191
0.400
1.000
1.000
0.722
0.929
0.346
0.914
0.967
0.958
1.000
1.000
0.959
0.577
0.754
0.840
0.465
0.959
0.962
0.914
0.285
0.685
0.978
0.450
0.714
0.944
1.000
1.000
0.963
0.278
0.363
0.398
1.000
0.867
0.952
0.223
0.722
1.000
0.989
1.000
1.000
1.000
1.000
0.947
0.067
1.000
1.000
1.000
0.750
0.957
1.000
0.686
1.000
