0.190
0.380
0.420
0.640
0.880
2.830
3.770
4.470
4.720
5.700
5.760
6.150
6.200
6.930
7.630
8.120
8.820
9.060
9.300
9.770
10.010
10.240
10.480
10.930
10.970
11.430
11.470
11.920
12.160
12.410
14.550
14.800
15.040
16.480
17.240
18.190
19.120
19.810
20.040
20.110
20.910
21.040
21.520
22.940
22.980
23.450
24.150
24.400
24.620
25.100
25.340
25.580
25.620
25.820
26.260
26.310
26.750
26.790
27.260
27.490
27.750
30.860
31.230
31.840
34.690
36.370
39.490
39.830
40.140
42.360
43.070
43.320
43.560
43.790
44.020
44.500
44.730
44.970
45.450
45.670
45.920
46.360
46.410
46.450
46.620
46.850
46.920
47.360
47.590
47.850
48.330
48.560
48.810
52.880
53.160
53.360
53.610
54.100
54.340
54.570
54.610
55.030
55.070
55.260
55.300
55.500
55.550
56.000
56.230
56.470
59.590
59.850
60.080
60.120
60.570
60.790
60.830
61.050
61.280
61.750
61.890
62.460
62.500
62.730
62.950
62.990
63.450
63.670
63.930
64.160
64.630
65.350
65.390
65.610
65.650
65.850
66.330
66.560
66.800
67.040
67.510
68.470
68.720
68.960
69.930
70.900
72.800
73.770
74.740
75.700
76.140
76.390
76.620
