0.166697
0.213998
0.296266
0.357399
0.430143
0.486334
0.559168
0.609032
0.689191
0.748919
0.819917
0.884928
0.953273
1.018919
1.081572
1.133862
1.332388
1.399735
1.664202
1.785472
1.914452
2.029508
2.166288
2.311186
2.429440
2.570030
2.669055
2.801096
2.839077
2.918669
3.025359
3.158805
3.273545
3.403590
3.516742
3.639304
3.758919
3.898601
4.019690
4.151549
4.279894
4.412774
4.544520
4.661867
4.773204
4.815155
4.907785
5.038034
5.168647
5.282207
5.409372
5.527468
5.650642
5.783794
5.911345
6.023250
6.160211
6.301889
6.421073
6.544429
6.672320
6.790415
6.927740
7.028964
7.162116
7.292184
7.396855
7.509327
7.640665
7.751322
7.896084
8.014724
8.140075
8.276130
8.400211
8.518488
8.632048
8.755041
8.799848
8.885744
9.011708
9.139440
9.258261
9.393204
9.517309
9.641776
9.758919
9.892706
10.008919
10.133658
10.268352
10.404542
10.520279
10.640506
10.769712
10.902910
11.015903
11.144610
11.255109
11.400279
11.525994
11.651708
11.781413
11.905381
12.028102
12.154316
12.271300
12.399304
12.517581
12.642751
12.746515
12.795858
12.890914
13.014633
13.143794
13.260619
13.389259
13.510733
13.644429
13.774882
13.904089
14.013839
14.158919
14.286969
14.415926
14.528919
14.647649
14.779848
14.904814
15.022297
15.155744
15.267740
15.398443
15.526901
15.644384
15.766107
15.901050
16.011300
16.144248
16.265223
16.393431
16.504928
16.627399
16.752615
16.882570
17.017762
17.150960
17.268193
17.401390
17.518375
17.635109
17.753091
17.895019
18.010756
18.134474
18.256447
18.385903
18.508624
18.626855
18.758556
18.880529
19.013477
19.142932
19.261413
19.377399
19.498919
19.593907
19.733839
19.776742
19.860302
19.988919
20.114474
20.240189
20.377377
20.499350
20.615835
20.743545
20.786447
20.868919
21.009191
21.130665
21.250892
21.376855
21.506311
21.616062
21.742275
21.880960
21.998919
22.131141
22.258352
22.386311
22.502048
22.632751
22.759214
22.887921
23.006651
23.135858
23.256334
23.389780
23.515245
23.629985
23.748919
23.879418
23.998919
24.134089
24.258057
24.393749
24.512728
24.624474
24.757422
24.806560
24.892365
25.028919
25.153023
25.274248
25.404452
25.522683
25.636674
25.750415
25.881617
25.992365
26.126062
26.248919
26.378488
26.506946
26.612456
26.746901
26.870121
27.003068
27.128284
27.242025
27.372229
27.494951
27.610189
27.735653
27.860370
27.982842
28.101322
28.239259
28.364973
28.487694
28.596447
28.724406
28.776538
28.859350
28.976334
29.119758
29.277150
29.382161
29.498919
29.615631
29.738919
29.876288
29.997014
30.123477
30.258170
30.384134
30.508352
30.635563
30.757286
30.877762
30.998919
31.132683
31.262638
31.384112
31.500846
31.622570
31.736311
31.863273
31.984746
32.112706
32.239418
32.368375
32.486107
32.605835
32.738919
32.863499
32.999440
33.121164
33.242638
33.375087
33.500801
33.606560
33.741254
33.864157
33.984452
34.118397
34.258080
34.380302
34.502275
34.626492
34.744225
34.879917
34.997399
35.128919
35.252819
35.383273
35.512978
35.626719
35.735971
35.782365
35.883136
36.025313
36.146039
36.261277
36.387989
36.503477
36.611731
36.739690
36.804792
36.896084
37.030030
37.152502
37.264996
37.385223
37.513681
37.633409
