0.190
0.970
1.050
1.650
1.820
2.420
5.410
5.510
6.120
6.640
6.890
7.520
7.960
8.130
8.220
8.330
8.770
11.130
12.140
12.230
12.640
12.860
12.990
13.220
13.570
14.080
14.260
15.540
15.670
15.720
16.240
16.820
16.920
17.270
17.440
17.590
20.320
21.560
21.940
22.610
23.240
23.600
23.670
24.560
24.700
25.060
25.660
25.980
26.630
26.680
28.000
31.920
32.280
32.550
32.920
33.700
33.950
34.170
34.460
34.600
34.810
35.280
35.530
35.700
36.090
36.630
37.180
37.470
41.100
41.560
41.600
42.180
42.630
42.810
43.320
43.830
44.290
44.570
45.520
46.290
