0.035
0.139
0.255
0.372
0.476
0.592
0.708
0.813
0.929
1.045
1.149
1.265
1.370
1.486
1.602
1.707
1.823
1.927
2.043
2.159
2.264
2.380
2.496
2.601
2.717
2.833
2.937
3.053
3.170
3.274
3.390
3.506
3.611
3.727
3.843
3.959
4.063
4.180
4.284
4.400
4.505
4.621
4.737
4.841
4.957
5.074
5.178
5.294
5.410
5.515
5.631
5.747
5.851
5.968
6.084
6.188
6.304
6.409
6.525
6.641
6.745
6.861
6.978
7.082
7.198
7.303
7.419
7.523
7.639
7.755
7.872
7.976
8.092
8.197
8.313
8.417
8.545
8.649
8.766
8.870
8.986
9.091
9.207
9.311
9.439
9.543
9.660
9.764
9.880
9.996
10.112
10.217
10.333
10.437
10.553
10.658
10.774
10.890
11.006
11.111
11.227
11.331
11.447
11.552
11.668
11.784
11.900
12.005
12.121
12.225
12.341
12.458
12.574
12.678
12.794
12.899
13.015
13.119
13.247
13.351
13.468
13.572
13.688
13.793
13.909
14.025
14.141
14.245
14.362
14.466
14.582
14.687
14.814
14.919
15.035
15.139
15.256
15.360
15.476
15.581
15.708
15.813
15.929
16.033
16.149
16.254
16.382
16.486
16.602
16.707
16.823
16.927
17.043
17.160
17.276
17.380
17.496
17.601
17.717
17.821
17.949
18.054
18.170
18.274
18.390
18.495
18.611
18.715
18.831
18.947
19.064
19.168
19.284
19.389
19.505
19.621
19.737
19.841
19.958
