0.035
0.128
0.418
0.488
0.592
0.673
0.801
0.906
1.115
1.242
1.881
1.962
2.043
2.125
2.159
2.461
2.566
2.705
2.856
3.065
3.216
3.332
3.448
3.576
3.866
4.029
4.098
4.203
4.412
4.888
4.992
5.132
5.341
5.468
5.515
5.642
5.735
5.840
5.968
6.095
6.653
6.943
7.047
7.233
7.268
7.593
7.697
7.906
7.953
8.185
8.336
8.417
8.673
8.870
9.207
9.392
9.532
9.613
9.741
9.857
10.368
10.507
10.612
10.716
10.855
11.587
11.831
11.865
12.016
12.249
12.318
12.690
12.794
12.945
13.050
13.398
13.619
13.781
13.862
14.106
14.211
14.315
14.524
14.803
14.896
15.093
15.244
15.476
15.615
15.755
15.813
15.894
16.010
16.115
16.335
16.486
16.637
16.765
16.893
16.974
17.032
17.229
17.369
17.496
17.740
17.995
18.251
18.750
18.843
18.913
19.017
19.156
19.319
19.482
19.679
19.807
19.923
20.027
20.132
20.410
20.654
20.805
21.084
21.223
21.490
21.606
21.664
21.711
21.780
21.989
22.140
22.384
22.628
22.895
23.081
23.150
23.290
23.371
23.568
23.603
23.731
24.114
24.950
25.136
25.379
25.623
25.786
26.099
26.273
26.598
26.691
27.051
27.109
27.283
27.481
27.574
27.725
27.829
27.957
28.073
28.201
28.328
28.456
28.514
28.561
28.619
29.756
29.884
