0.081
0.372
0.662
0.952
1.091
1.207
1.358
1.486
1.625
1.741
1.892
2.032
2.310
2.450
2.566
2.717
2.833
2.972
3.111
3.239
3.379
3.529
3.657
3.796
3.924
4.203
4.354
4.470
4.632
4.737
4.888
5.016
5.155
5.294
5.422
5.550
5.689
5.828
5.979
6.107
6.246
6.385
6.513
6.653
6.943
7.059
7.198
7.338
7.477
7.605
7.744
7.883
7.999
8.603
9.125
9.392
9.810
9.915
10.066
10.205
10.472
10.623
10.751
11.006
11.285
11.413
11.552
11.691
11.831
12.086
12.237
12.376
12.655
13.189
13.468
13.607
13.746
13.874
14.025
14.153
14.280
14.431
14.559
14.826
15.105
15.174
15.372
15.511
15.650
15.708
15.790
15.906
16.045
16.173
16.324
16.475
16.602
16.730
17.310
17.485
17.601
17.845
18.123
18.553
18.669
18.947
19.215
19.749
20.016
20.155
20.259
20.550
20.689
20.828
20.979
21.362
21.641
21.920
22.338
22.465
22.581
22.616
22.732
22.848
23.011
23.290
23.557
23.708
23.824
23.986
24.102
24.230
24.358
24.509
24.636
24.776
24.915
25.043
25.194
25.310
25.449
25.658
25.844
26.041
26.169
26.285
26.343
26.575
26.854
27.005
27.388
27.922
28.061
28.352
28.468
29.013
29.153
29.443
29.559
29.849
29.977
