0.792
0.143
0.892
0.844
0.833
0.824
0.870
0.857
0.833
0.943
0.859
0.839
0.828
0.769
0.792
0.910
0.918
0.921
0.897
0.847
0.887
0.847
0.865
0.869
0.862
0.857
0.938
0.894
0.872
0.920
0.919
0.926
0.867
0.887
0.922
0.916
0.947
0.897
0.816
0.857
0.938
0.837
0.857
0.800
0.924
0.886
0.909
0.800
0.896
0.833
0.848
0.901
0.823
0.881
0.918
0.915
0.890
0.915
0.862
0.869
0.891
0.840
0.933
0.819
0.796
0.915
0.889
0.915
0.896
0.915
0.905
0.945
0.318
0.538
0.853
0.624
0.910
0.860
0.744
0.889
0.755
0.591
0.811
0.896
0.897
0.913
0.240
0.882
0.796
0.931
0.933
0.803
1.000
0.884
0.788
0.889
0.899
0.942
0.929
0.912
0.923
0.890
0.952
0.966
0.897
0.881
1.000
0.914
0.809
0.902
0.902
0.867
0.909
0.760
0.897
0.625
0.851
0.866
0.837
0.885
0.939
0.806
0.696
0.900
0.899
0.794
0.902
0.905
0.896
0.857
0.857
0.901
0.875
0.889
0.898
0.880
0.822
0.885
0.622
0.976
0.878
0.903
0.761
0.591
0.790
0.555
0.586
0.680
0.759
0.811
0.653
0.762
0.810
0.924
0.874
0.891
0.821
0.925
0.891
0.754
0.912
0.870
0.889
0.717
0.895
0.945
0.785
0.851
0.883
0.765
0.690
0.900
0.697
0.896
0.873
0.918
0.951
0.857
0.884
0.856
0.935
0.870
0.831
0.800
0.952
