0.300
0.650
0.840
1.040
1.560
1.730
2.100
2.200
2.290
2.460
2.830
3.190
3.560
3.710
3.900
4.270
4.460
4.630
5.000
5.180
5.350
6.060
6.600
6.820
7.350
7.520
7.610
7.690
7.980
8.070
8.260
8.430
8.610
8.800
9.160
9.350
9.680
10.050
10.240
10.410
10.580
11.130
11.500
11.870
12.050
12.220
12.380
12.950
13.130
13.300
13.390
13.470
13.570
13.670
13.860
14.030
14.580
14.760
15.110
15.280
15.470
16.010
16.190
16.390
16.650
16.920
17.280
17.460
18.170
18.720
18.910
19.080
19.250
19.460
19.550
19.640
19.810
20.540
21.070
21.250
21.620
21.980
22.170
22.390
22.510
22.700
23.060
23.240
23.780
23.950
24.170
24.520
24.700
24.870
25.040
25.240
25.330
25.420
25.600
26.300
26.490
26.840
27.030
27.760
28.200
28.300
28.490
29.020
29.200
29.380
29.740
30.110
30.290
30.480
30.650
30.820
31.020
31.210
31.380
