0.210
0.400
0.990
1.390
1.530
1.660
2.080
2.500
2.640
3.070
3.210
3.500
3.770
3.900
4.310
4.740
4.880
5.320
5.440
5.740
5.930
6.010
6.140
6.540
6.970
7.110
7.540
7.670
7.970
8.080
8.160
8.240
8.370
8.770
9.070
9.330
9.900
10.050
10.200
10.590
11.010
11.290
11.420
11.560
11.980
12.120
12.270
12.410
12.500
12.580
12.670
12.800
13.230
13.640
13.790
14.210
14.350
14.640
14.740
14.810
14.900
15.040
15.460
15.880
16.020
16.590
16.730
16.870
17.140
17.280
17.690
17.830
17.970
18.100
18.240
18.810
19.100
19.220
19.280
19.500
19.920
20.200
20.330
20.470
20.890
21.030
21.320
21.430
21.500
21.590
21.720
21.870
22.000
22.140
22.330
22.420
22.560
22.690
22.990
23.260
23.400
23.540
23.820
23.960
24.240
24.380
24.500
24.940
25.080
25.220
25.350
25.500
25.630
25.780
25.910
26.050
26.240
26.330
26.470
26.610
26.740
27.150
27.730
28.020
28.130
28.190
28.280
28.410
28.700
28.840
28.970
29.240
29.400
29.810
29.960
