0.300
1.460
1.690
1.810
1.930
2.040
2.160
2.390
2.500
2.620
2.730
2.850
3.080
3.310
3.430
3.540
3.660
3.770
3.890
3.980
4.120
4.210
4.350
4.580
4.670
4.810
4.920
5.830
6.310
6.430
6.540
6.770
7.000
7.120
7.230
7.350
7.580
7.810
7.930
8.040
8.160
8.270
8.390
8.480
8.620
8.710
8.850
9.080
9.290
9.430
9.530
10.690
11.040
11.160
11.390
11.620
11.850
12.080
12.310
12.540
12.660
12.770
12.890
13.000
13.120
13.350
13.440
13.560
13.790
13.930
14.020
14.150
15.540
15.770
15.890
16.000
16.350
16.580
16.700
16.810
16.930
17.040
17.160
17.270
17.390
17.500
17.620
17.850
17.940
18.060
18.200
18.310
18.430
18.520
18.660
19.450
19.680
20.390
20.620
20.850
21.080
21.310
21.430
21.540
21.660
21.890
22.100
22.330
22.560
22.700
22.810
22.930
23.020
23.160
23.270
23.380
24.540
24.770
24.890
25.120
25.580
25.700
25.810
25.930
26.040
26.160
26.270
26.390
26.620
26.850
27.060
27.200
27.290
27.430
27.520
27.660
27.750
27.890
28.000
28.690
28.910
29.390
29.620
29.850
30.080
30.200
30.310
30.540
30.660
30.770
30.890
31.120
31.330
31.470
31.560
31.700
31.790
31.930
32.020
32.160
32.250
32.370
32.480
32.610
34.000
34.120
34.350
34.810
34.930
35.160
35.390
35.620
35.850
35.970
36.080
36.200
36.290
36.430
36.520
36.660
36.770
36.890
36.980
37.120
37.230
38.140
38.370
38.620
38.850
38.970
39.080
39.310
39.430
39.540
39.660
39.770
39.890
40.120
40.350
40.580
40.700
40.810
40.930
41.020
41.160
41.250
41.390
41.480
41.600
41.840
43.350
43.580
43.700
43.930
44.040
44.160
44.390
44.620
44.740
44.850
44.970
45.080
45.200
45.310
45.430
45.540
45.660
45.750
45.890
46.100
46.350
46.460
47.370
47.600
47.850
47.970
48.080
48.200
48.310
48.660
48.770
48.890
49.120
49.350
49.470
49.580
49.700
49.910
50.020
50.160
50.250
50.370
50.600
50.740
50.830
50.970
51.080
52.580
52.700
52.930
53.160
53.390
53.510
53.620
53.740
53.850
53.970
54.200
54.430
54.640
54.870
54.980
55.120
55.330
55.470
55.690
56.140
56.600
56.830
57.080
57.200
57.430
57.890
57.980
58.120
58.240
58.470
58.700
58.930
59.140
59.370
59.480
59.600
59.740
59.850
59.970
