0.350
0.690
0.870
1.030
1.370
1.540
1.710
1.880
2.050
2.220
2.390
2.680
3.080
3.240
3.320
3.410
3.540
3.750
4.080
4.260
4.430
4.600
4.700
4.780
4.950
5.120
5.290
5.450
5.590
5.630
6.140
6.310
6.480
6.820
6.990
7.160
7.330
7.500
7.670
7.840
8.180
8.350
8.450
8.530
8.690
8.810
8.860
9.050
9.200
9.380
9.560
9.710
9.880
10.050
10.220
10.400
10.570
10.630
10.900
11.070
11.260
11.410
11.590
11.760
11.930
12.100
12.270
12.440
12.610
12.780
12.950
13.460
13.620
13.860
13.990
14.140
14.230
14.310
14.650
14.710
14.880
15.000
15.160
15.330
15.510
15.670
15.840
16.090
16.160
16.350
16.700
16.870
17.040
17.140
17.210
17.380
17.720
17.890
17.950
18.060
18.230
18.400
18.570
18.740
18.910
18.990
19.080
19.200
19.420
19.590
19.760
20.080
20.270
20.430
20.610
20.780
20.960
21.120
21.270
21.320
21.470
21.810
22.150
22.320
22.490
22.830
23.340
23.510
23.680
23.850
24.010
24.190
24.360
