2.240
2.560
2.730
2.930
3.280
3.460
3.630
3.970
4.140
4.310
4.520
4.680
4.870
5.000
5.190
5.350
5.530
5.680
5.870
6.030
6.210
6.370
6.570
6.760
7.100
7.250
7.420
7.810
7.980
8.130
8.280
8.470
8.830
8.990
9.340
9.800
10.040
10.270
10.470
10.750
11.050
11.400
11.660
11.900
12.530
12.730
12.970
13.210
13.470
13.770
14.320
15.460
15.680
15.840
16.000
16.190
16.300
16.450
16.720
16.870
16.940
17.060
17.150
17.190
17.370
17.620
17.860
18.250
18.290
18.800
19.180
19.420
19.510
19.800
19.950
20.020
20.100
20.250
20.400
20.530
20.680
20.860
21.030
21.180
21.390
21.630
21.840
22.090
22.290
22.590
22.730
22.880
23.050
23.240
23.440
23.640
23.810
23.850
23.890
24.010
24.210
24.610
24.800
24.990
25.140
25.360
25.520
25.730
25.860
25.960
26.020
26.150
26.190
26.350
26.520
26.710
26.890
27.040
27.100
27.240
27.280
27.430
27.650
28.140
28.280
28.440
28.520
28.670
28.840
29.020
29.200
29.360
29.530
29.730
29.860
30.000
30.190
30.400
30.570
30.740
30.910
31.110
31.290
31.470
31.650
31.890
32.080
32.280
32.570
33.000
33.270
33.760
33.960
34.130
34.320
34.480
34.640
34.800
34.960
35.280
35.440
35.600
35.810
35.970
36.140
36.280
36.450
36.600
36.750
37.100
37.240
37.440
37.590
37.850
38.070
38.230
38.380
38.670
38.820
39.000
39.110
39.260
39.430
39.480
39.540
39.770
39.920
40.080
40.230
40.370
40.510
40.680
40.860
40.960
41.060
41.120
41.280
41.370
41.630
41.820
41.950
42.100
42.270
42.360
42.720
42.940
43.150
43.220
43.430
43.490
43.620
43.750
43.900
44.030
44.190
44.500
44.700
44.840
44.960
45.140
45.320
45.380
45.510
45.860
46.150
46.370
46.570
46.680
46.900
47.150
47.400
47.460
47.620
47.750
47.910
48.070
48.170
48.370
48.720
48.880
49.020
49.140
49.180
49.350
49.410
49.570
49.700
49.880
50.070
50.220
50.440
50.660
50.820
51.030
51.210
51.450
51.780
52.000
52.190
52.350
52.530
52.860
53.040
53.200
53.390
53.720
53.970
54.630
55.260
55.780
56.470
56.770
57.050
57.240
57.380
57.550
57.710
57.870
58.040
58.190
58.390
58.660
58.710
58.950
59.200
59.500
59.740
