0.040
0.670
0.850
0.980
1.160
1.300
1.480
1.630
1.780
2.090
2.240
2.570
2.890
3.220
3.390
3.530
3.700
3.850
4.020
4.070
4.170
4.330
4.640
4.800
5.130
5.310
5.440
5.670
5.940
6.070
6.250
6.400
6.570
6.840
7.180
7.340
7.670
7.840
7.980
8.120
8.170
8.280
8.620
8.790
8.930
9.260
9.740
9.840
9.890
10.180
10.230
10.540
10.720
10.870
11.050
11.180
11.350
11.490
11.680
11.740
11.830
12.070
12.300
12.450
12.780
12.940
13.270
13.400
13.730
13.800
13.990
14.080
14.230
14.370
14.490
14.850
15.000
15.170
15.320
15.650
15.820
16.130
16.270
16.460
16.570
16.610
16.770
17.150
17.230
17.490
17.550
17.840
17.930
18.040
18.190
18.490
18.530
18.700
19.020
19.160
19.410
19.490
19.660
19.970
20.120
20.450
20.630
20.710
20.770
21.040
21.100
21.410
21.560
21.710
22.060
22.690
23.020
23.200
23.340
23.680
23.860
24.010
24.180
24.250
24.510
24.640
24.820
24.970
25.130
25.260
26.310
26.430
26.810
26.850
27.020
27.080
27.210
27.400
27.530
27.840
28.010
28.160
28.250
28.340
28.490
28.820
28.990
29.130
29.230
