0.070
0.300
0.420
0.510
0.960
1.180
1.240
1.390
1.600
1.670
2.050
2.230
2.640
2.870
3.090
3.160
3.500
3.730
4.060
4.170
4.350
4.570
4.660
4.800
5.220
5.490
5.650
5.900
6.070
6.510
6.690
6.860
6.940
7.230
7.370
7.620
7.780
8.010
8.220
8.430
8.630
9.060
9.490
9.700
9.930
10.140
10.360
10.560
10.780
10.900
11.210
11.270
11.420
11.550
11.660
12.080
12.520
12.840
12.900
13.020
13.210
13.380
13.580
13.800
14.010
14.230
14.350
14.660
14.770
14.870
15.090
15.170
15.220
15.500
15.940
16.150
16.360
16.460
16.600
16.800
17.010
17.220
17.410
17.540
17.670
18.070
18.240
18.300
18.520
18.940
19.370
19.790
20.010
20.230
20.540
20.640
20.860
20.970
21.490
21.580
21.720
22.140
22.350
22.580
22.680
22.790
23.110
23.220
23.860
23.960
24.080
24.240
24.290
24.340
24.530
24.940
25.380
25.800
26.030
26.240
26.660
27.090
27.220
27.280
27.520
27.950
28.050
28.270
28.370
28.520
28.690
28.800
29.010
29.160
29.240
29.470
29.560
29.660
