0.080
0.570
0.780
1.020
1.250
1.490
1.720
1.970
2.200
2.440
2.900
3.130
3.370
3.850
4.080
4.310
4.530
4.770
5.010
5.250
5.480
5.710
5.950
6.180
6.410
6.640
6.870
7.100
7.340
7.450
7.570
7.680
8.040
8.260
8.500
8.730
8.980
9.190
9.420
9.670
9.900
10.130
10.840
11.060
11.290
11.770
11.980
12.220
12.680
12.910
13.140
13.380
13.610
14.080
14.310
14.540
14.760
15.000
15.240
15.470
15.680
15.920
16.390
16.620
16.850
17.090
17.320
17.530
18.000
18.230
18.460
18.700
18.930
19.170
19.390
19.630
19.860
20.090
20.310
20.790
21.020
21.240
21.470
21.710
21.940
22.170
22.410
22.640
22.870
23.100
23.340
23.570
23.800
24.020
24.260
24.490
24.740
24.950
25.190
25.420
25.650
25.870
26.110
26.340
26.580
26.800
27.040
27.260
27.440
27.500
27.730
27.970
28.060
28.640
28.880
29.340
29.560
