0.200
2.960
5.650
8.350
11.070
11.160
13.720
13.820
16.450
19.230
19.380
21.860
22.240
22.620
22.830
23.220
23.410
23.990
24.180
24.380
24.570
24.750
24.960
25.340
25.530
25.730
25.930
26.140
26.540
26.730
26.930
27.110
27.310
27.920
28.120
28.710
28.900
29.110
29.310
29.700
29.910
30.090
30.490
30.700
30.870
31.070
31.270
31.470
31.650
31.850
32.050
32.250
32.830
33.040
33.220
33.620
33.840
34.020
34.220
34.430
34.650
34.820
35.020
35.220
35.610
36.010
36.400
36.580
36.790
37.180
37.390
37.590
37.790
37.970
38.370
38.580
38.950
39.140
39.370
39.540
39.950
