0.170
0.410
0.920
1.430
1.600
1.700
1.940
2.200
2.450
2.700
3.370
3.720
3.970
4.230
4.480
4.750
4.990
5.500
5.750
6.010
6.260
6.520
6.770
7.020
7.440
7.530
7.780
8.040
8.300
8.550
8.820
9.060
9.570
9.730
9.820
10.070
10.330
10.580
11.090
11.510
11.600
11.850
12.110
12.370
12.610
12.870
13.630
13.800
13.890
14.140
14.400
14.550
14.650
14.900
15.150
15.310
15.570
15.660
15.820
15.920
16.080
16.170
16.430
16.690
16.930
17.190
17.440
17.700
17.950
18.210
18.460
18.720
18.970
19.230
19.380
19.480
19.640
19.740
19.860
19.990
20.240
20.490
20.750
21.000
21.260
21.510
21.770
21.940
22.020
22.280
22.530
22.790
23.040
23.300
23.450
23.710
23.800
23.960
24.050
24.310
24.560
24.820
25.070
25.330
25.580
25.840
26.090
26.600
26.860
27.100
27.360
27.520
27.610
27.780
27.870
28.030
28.120
28.380
28.630
28.890
29.140
29.400
29.650
30.030
30.070
30.160
30.410
30.660
30.820
30.920
31.170
31.430
31.590
31.680
31.840
31.940
32.090
32.190
32.350
32.700
32.960
33.210
33.460
33.970
34.140
34.220
34.480
34.730
34.990
35.240
35.500
35.650
35.750
36.010
36.260
36.510
36.770
37.030
37.270
37.410
37.530
37.670
37.780
38.040
38.290
38.550
38.800
39.310
39.570
39.720
39.820
39.980
40.080
40.320
40.580
40.840
41.090
41.340
41.600
41.850
41.990
42.110
42.270
42.360
42.620
42.870
43.120
43.380
43.630
43.790
43.880
44.040
44.140
44.300
44.390
44.650
44.900
45.160
45.410
45.670
45.800
45.920
46.060
46.180
46.340
46.430
46.680
46.820
46.930
47.190
47.440
47.950
48.210
48.460
48.970
49.230
49.290
49.360
49.470
49.730
49.870
49.980
50.240
50.490
50.750
51.000
51.260
51.510
51.770
51.920
52.020
52.180
52.280
52.530
52.780
53.290
53.540
53.800
53.940
54.310
54.560
54.820
55.580
