0.160
0.210
0.290
0.350
0.420
0.480
0.550
0.600
0.680
0.740
0.810
0.880
0.950
1.010
1.390
1.660
1.780
1.910
2.160
2.300
2.420
2.560
2.670
2.790
2.830
3.020
3.160
3.510
3.630
3.750
3.890
4.010
4.140
4.270
4.400
4.540
4.650
4.760
5.030
5.160
5.270
5.400
5.520
5.900
6.020
6.150
6.290
6.410
6.540
6.660
6.780
6.920
7.020
7.280
7.390
7.500
7.630
7.740
7.890
8.010
8.130
8.270
8.390
8.510
8.630
8.750
8.790
9.000
9.250
9.380
9.510
9.630
9.750
9.880
10.000
10.130
10.260
10.400
10.510
10.630
10.760
11.010
11.140
11.250
11.390
11.520
11.640
11.770
11.900
12.020
12.150
12.260
12.390
12.510
12.630
12.740
12.790
13.010
13.140
13.250
13.380
13.500
13.640
13.770
13.900
14.010
14.150
14.280
14.410
14.520
14.640
14.770
14.900
15.010
15.150
15.260
15.390
15.520
15.640
15.760
15.890
16.140
16.260
16.500
16.620
16.740
16.880
17.010
17.140
17.260
17.390
17.510
17.630
17.740
17.890
18.000
18.130
18.250
18.380
18.500
18.620
18.750
18.870
19.010
19.250
19.370
19.490
19.730
19.770
19.850
19.980
20.110
20.230
20.370
20.490
20.610
20.780
21.000
21.120
21.240
21.370
21.500
21.610
21.740
21.870
21.990
22.250
22.380
22.490
22.620
22.750
22.880
23.000
23.130
23.250
23.380
23.510
23.620
23.740
23.870
23.990
24.130
24.250
24.620
24.750
24.800
25.020
25.150
25.400
25.510
25.630
25.740
25.870
25.990
26.120
26.240
26.370
26.500
26.600
26.740
26.860
26.990
27.120
27.230
27.360
27.490
27.600
27.730
27.850
28.090
28.230
28.360
28.480
28.590
28.720
28.770
28.850
28.970
29.110
29.270
29.370
29.490
29.610
29.730
29.870
29.990
30.120
30.250
30.380
30.500
30.630
30.750
30.870
30.990
31.250
31.490
31.610
31.730
31.860
31.980
32.230
32.360
32.480
32.600
32.730
32.860
32.990
33.110
33.230
33.370
33.490
33.600
33.730
33.860
34.110
34.250
34.370
34.620
34.870
34.990
35.120
35.240
35.380
35.500
35.620
35.730
35.770
36.020
36.140
36.250
36.380
36.600
36.730
36.800
36.890
37.020
37.260
