0.896
0.727
0.625
0.630
0.500
0.773
0.829
0.964
0.743
0.860
0.902
0.914
1.000
0.970
1.000
1.000
0.565
1.000
0.667
0.967
0.929
0.650
0.963
0.905
0.864
0.781
0.981
0.500
0.826
0.771
0.688
0.917
0.837
0.963
0.927
0.812
1.000
0.868
1.000
0.778
0.639
0.787
0.457
0.907
0.906
0.833
0.792
0.929
0.667
0.980
0.969
0.929
0.950
0.885
0.789
0.852
1.000
0.833
1.000
0.680
0.886
0.851
0.968
0.923
0.935
0.975
1.000
1.000
0.947
0.971
0.636
0.605
0.804
0.692
0.978
0.870
0.892
0.638
0.696
0.625
0.786
0.926
0.952
0.846
0.778
0.911
0.879
0.933
0.727
0.775
0.917
0.780
0.771
0.902
0.983
0.966
0.864
0.827
0.857
1.000
0.891
1.000
0.943
0.844
0.953
0.875
0.960
0.889
0.867
1.000
0.981
1.000
0.932
0.912
0.980
0.982
0.937
0.952
0.946
0.983
0.984
0.909
0.893
0.930
0.961
0.978
0.913
0.914
0.984
0.980
0.976
0.978
0.968
0.954
0.960
1.000
0.944
0.940
0.952
1.000
0.964
0.985
0.891
0.956
0.970
0.846
0.940
0.892
0.866
0.956
0.972
0.812
0.881
0.963
0.918
0.913
0.966
0.750
1.000
0.821
0.973
0.996
0.932
0.994
0.968
0.990
1.000
0.585
0.990
0.990
0.967
0.967
0.829
0.973
0.815
0.408
1.000
0.965
0.959
0.989
0.929
0.977
1.000
0.869
0.182
0.977
0.980
0.750
1.000
1.000
0.793
0.783
0.794
0.983
0.969
0.995
1.000
0.992
0.987
0.952
0.937
0.929
0.994
0.968
0.970
0.800
0.900
1.000
0.909
0.875
0.933
1.000
0.933
0.971
0.895
1.000
0.875
0.750
0.923
1.000
1.000
0.864
1.000
0.988
0.983
0.960
1.000
0.963
0.652
0.902
0.940
1.000
0.918
0.978
0.792
0.987
0.962
0.842
1.000
1.000
0.964
0.986
0.816
0.963
0.971
0.941
0.975
0.934
0.824
0.960
0.900
0.992
0.946
0.958
0.906
0.894
0.579
1.000
0.976
0.936
0.987
0.987
0.973
0.591
0.997
0.815
0.657
0.730
0.739
0.968
0.939
1.000
0.967
0.956
0.917
0.968
0.981
0.750
0.964
0.894
0.978
0.771
0.824
0.872
0.745
0.917
0.961
0.791
0.676
0.853
0.979
0.660
0.925
0.886
0.969
0.953
0.907
0.571
0.926
0.651
1.000
0.939
1.000
0.734
0.799
1.000
1.000
0.889
1.000
1.000
1.000
0.936
0.455
0.980
0.939
0.997
1.000
0.968
1.000
0.793
0.975
