0.035
0.174
0.511
0.569
0.627
0.743
0.859
1.126
1.231
1.370
1.533
1.591
1.649
1.741
1.892
2.125
2.531
2.752
2.833
2.868
3.019
3.123
3.239
3.680
3.924
4.365
4.818
4.923
5.027
5.166
5.201
5.399
5.654
5.817
5.933
6.037
6.177
6.374
6.420
6.827
6.931
7.012
7.129
7.175
7.279
7.396
7.500
7.721
7.837
8.022
8.603
8.742
8.986
9.033
9.102
9.137
9.207
9.253
9.474
9.625
9.938
10.031
10.228
10.588
10.820
10.960
10.995
11.180
11.285
11.401
11.552
11.947
12.051
12.399
12.527
12.620
12.794
12.910
12.957
13.026
13.259
13.421
13.502
13.793
13.874
14.002
14.095
14.234
14.478
14.861
