0.139
0.209
0.348
0.464
0.569
0.871
1.010
1.103
1.242
1.335
1.556
1.683
1.939
2.055
2.171
2.276
2.392
2.485
2.612
2.717
2.844
2.949
3.065
3.170
3.286
3.402
3.529
3.646
3.762
3.878
4.005
4.098
4.226
4.458
4.551
4.679
4.807
4.923
5.027
5.155
5.259
5.387
5.492
5.608
5.712
5.840
5.956
6.084
6.211
6.258
6.374
6.467
6.606
6.734
6.885
7.001
7.187
7.535
7.593
7.709
7.837
8.104
8.371
8.603
8.835
9.067
9.323
9.567
9.683
9.892
10.031
10.240
10.484
10.739
10.867
10.983
11.088
11.204
11.308
11.424
11.540
11.656
11.761
11.889
11.993
12.109
12.144
12.214
12.341
12.446
12.562
12.678
12.794
