0.302
0.383
0.522
0.569
0.604
0.743
0.859
0.917
0.998
1.091
1.219
1.312
1.358
1.416
1.463
1.521
1.591
1.672
1.753
1.788
1.869
1.904
1.985
2.078
2.148
2.183
2.276
2.345
2.380
2.415
2.450
2.508
2.612
2.670
2.740
2.821
2.868
2.937
2.984
3.053
3.158
3.262
3.320
3.367
3.437
3.471
3.576
3.611
3.680
3.773
3.889
3.924
4.017
4.087
4.122
4.180
4.238
4.284
4.342
4.423
4.505
4.609
4.656
4.807
4.876
4.923
5.016
5.062
5.120
5.201
5.259
5.329
5.399
5.480
5.573
5.677
5.793
5.875
5.944
6.014
6.200
6.235
6.281
6.351
6.397
6.502
6.548
6.583
6.664
6.711
6.827
6.861
6.989
7.059
7.163
7.245
7.303
7.419
7.454
7.570
7.686
7.767
7.814
7.988
8.127
8.162
8.255
8.324
8.406
8.440
8.510
8.603
8.731
8.766
8.858
8.963
9.102
9.218
9.300
9.334
9.416
9.485
9.543
9.601
9.660
9.706
9.799
9.868
9.903
9.938
9.985
10.077
10.170
10.228
10.310
10.426
10.484
10.577
10.681
10.739
10.855
10.890
11.053
11.157
11.192
11.262
11.297
11.331
11.413
11.447
11.505
11.540
11.633
11.691
11.738
11.842
11.900
11.981
12.028
12.086
12.121
12.190
12.249
12.365
12.469
12.539
12.620
12.678
12.783
12.910
12.945
13.061
13.119
13.189
13.259
13.293
13.363
13.444
13.549
13.607
13.746
13.816
13.851
13.932
13.990
14.048
14.095
14.153
14.187
14.338
14.443
14.478
14.512
14.605
14.698
14.745
14.791
14.861
14.977
15.070
15.105
15.139
15.221
15.279
15.360
15.395
15.464
15.511
15.592
15.639
15.673
15.708
15.755
15.813
15.929
16.080
16.149
16.312
16.347
16.382
16.440
16.521
16.556
16.672
16.753
16.834
16.869
16.904
16.997
17.067
17.148
17.241
17.276
17.345
17.438
17.485
17.554
17.589
17.775
17.810
17.972
18.077
18.204
18.251
18.413
18.483
18.646
18.762
18.820
18.913
18.982
19.040
19.180
19.249
19.342
19.377
19.493
19.528
19.574
19.644
19.702
19.795
19.853
19.934
19.969
20.085
20.225
20.306
20.364
20.468
20.573
20.666
20.747
20.840
20.875
20.968
21.049
21.119
21.177
21.235
21.281
21.374
21.444
21.525
21.618
21.734
21.862
21.978
22.094
22.129
22.163
22.326
22.372
22.523
22.651
22.698
22.756
22.860
23.023
23.104
23.174
23.290
23.394
23.452
23.557
23.708
23.812
23.870
23.951
24.126
24.218
24.323
24.358
24.416
24.485
24.613
24.741
24.776
24.915
24.961
24.996
25.043
25.101
25.136
25.252
25.310
25.391
25.426
25.496
25.542
25.612
25.646
25.716
25.763
25.821
25.855
25.948
26.006
26.064
26.134
26.192
26.227
26.308
26.401
26.448
26.494
26.598
26.703
26.784
26.831
26.865
26.912
27.040
27.074
27.179
27.260
27.341
27.388
27.458
27.516
27.574
27.667
27.713
27.759
27.806
27.887
27.934
28.015
28.061
28.096
28.235
28.305
28.363
28.421
28.456
28.526
28.642
28.700
28.770
28.816
28.955
29.013
29.060
29.118
29.199
29.234
29.269
29.431
29.489
29.524
29.582
29.617
29.698
29.791
29.849
29.907
29.965
30.012
30.105
30.151
30.198
30.256
30.302
30.360
30.534
30.592
30.685
30.720
30.848
30.906
30.964
31.103
31.138
31.219
31.266
31.370
31.417
31.475
31.544
31.637
31.730
31.765
31.835
31.951
31.985
32.067
32.136
32.264
32.311
32.415
32.473
32.520
32.636
32.705
32.740
32.868
32.938
33.054
33.112
33.193
33.239
33.390
33.460
33.622
33.657
33.762
33.866
34.006
34.145
34.238
34.273
34.377
34.412
34.540
34.586
34.656
34.702
34.783
34.888
34.934
35.004
35.074
35.120
35.190
35.260
35.341
35.422
35.492
35.585
35.654
35.724
35.840
35.921
35.991
36.177
36.270
36.304
36.444
36.479
36.571
36.606
36.676
36.780
36.897
36.955
37.024
37.059
37.105
37.152
37.222
37.291
37.326
37.465
37.523
37.593
37.640
37.779
37.849
37.907
37.941
37.999
38.046
38.220
38.266
38.336
38.406
38.534
38.568
38.615
38.650
38.754
38.812
38.951
39.056
39.091
39.172
39.300
39.358
39.416
39.497
39.544
39.613
39.648
39.695
39.764
39.799
39.869
39.915
39.950
39.996
40.054
40.194
40.252
40.345
40.449
40.565
40.612
40.658
40.693
40.786
40.832
40.937
41.006
41.064
41.099
41.157
41.192
41.239
41.285
41.355
41.448
41.517
41.564
41.668
41.703
41.761
41.819
41.854
41.935
42.005
42.051
42.156
42.260
42.307
42.353
42.504
42.539
42.748
42.783
42.864
42.922
42.980
43.027
43.061
43.131
43.247
43.282
43.328
43.410
43.445
43.514
43.561
43.677
43.723
43.839
43.886
43.932
44.013
44.153
44.257
44.292
44.385
44.431
44.594
44.722
44.756
44.896
44.942
44.989
45.093
45.128
45.256
45.291
45.337
45.372
45.500
45.534
45.569
45.604
45.639
45.674
45.767
45.836
45.883
45.964
46.045
46.184
46.231
46.266
46.312
46.359
46.417
46.452
46.498
46.602
46.707
46.742
46.788
46.846
46.904
46.951
47.044
47.160
47.229
47.287
47.357
47.415
47.508
47.543
47.717
47.833
47.868
47.914
47.984
48.054
48.205
48.263
48.344
48.402
48.460
48.506
48.553
48.599
48.727
48.774
48.924
49.029
49.087
49.122
49.168
49.284
49.342
49.470
49.505
49.575
49.621
49.667
49.760
49.853
49.900
49.969
50.051
50.109
50.202
50.248
50.376
50.503
50.573
50.666
50.701
50.747
50.782
50.828
50.875
50.956
51.049
51.142
51.258
51.421
51.490
51.606
51.664
51.757
51.804
51.839
51.873
51.920
52.024
52.082
52.210
52.280
52.349
52.465
52.605
52.733
52.825
52.883
53.034
53.081
53.150
53.185
53.243
53.301
53.371
53.418
53.487
53.557
53.673
53.789
53.847
53.940
53.986
54.021
54.195
54.253
54.311
54.346
54.474
54.544
54.613
54.660
54.718
54.776
54.834
54.962
55.008
55.055
55.159
55.263
55.298
55.414
55.472
55.507
55.612
55.716
55.821
55.879
55.937
56.018
56.065
56.146
56.181
56.274
56.320
56.390
56.448
56.517
56.633
56.680
56.715
56.784
56.854
56.889
56.947
57.017
57.063
57.109
57.202
57.249
57.318
57.353
57.400
57.435
57.574
57.678
57.748
57.794
57.829
57.922
58.038
58.120
58.189
58.305
58.340
58.387
58.468
58.503
58.630
58.677
58.746
58.828
58.863
58.932
59.048
59.106
59.199
59.362
59.466
59.501
59.571
59.687
59.757
59.849
59.884
59.977
60.035
60.105
60.151
60.198
60.244
60.291
60.337
60.407
60.442
60.488
60.546
60.604
60.651
60.685
60.732
60.778
60.836
60.883
60.929
60.976
61.092
61.150
61.208
61.324
61.452
61.579
61.626
61.684
61.788
61.823
61.881
61.928
62.079
62.137
62.206
62.241
62.346
62.427
62.531
62.601
62.636
62.682
62.729
62.764
62.891
62.973
63.019
63.089
63.135
63.193
63.286
63.344
63.425
63.518
63.553
63.681
63.820
63.890
63.983
64.041
64.075
64.134
64.226
64.308
64.342
64.377
64.424
64.540
64.575
64.644
64.691
64.760
64.877
64.935
65.074
65.120
65.178
65.248
65.318
65.411
65.527
65.620
65.747
65.794
65.945
65.991
66.072
66.119
66.212
66.247
66.328
66.456
66.502
66.572
66.630
66.711
66.781
66.862
66.908
66.966
67.001
67.048
67.129
67.164
67.210
67.257
67.338
67.373
67.419
67.454
67.489
67.547
67.582
67.628
67.709
67.837
67.884
67.965
68.011
68.104
68.185
68.267
68.325
68.360
68.441
68.510
68.545
68.580
68.685
68.731
68.789
68.894
68.963
69.021
69.103
69.149
69.195
69.277
69.312
69.358
69.404
69.509
69.613
69.660
69.764
69.857
69.927
69.973
70.008
70.043
70.147
70.194
70.322
70.415
70.484
70.542
70.589
70.670
70.832
70.879
70.983
71.065
71.169
71.204
71.250
71.297
71.355
71.390
71.425
71.459
71.541
71.634
71.773
71.901
71.982
72.063
72.110
72.156
72.237
72.330
72.377
72.446
72.481
72.609
72.690
72.783
72.829
72.911
72.969
73.038
73.085
73.143
73.236
73.340
73.421
73.526
73.619
73.723
73.863
73.944
74.037
74.118
74.165
74.199
74.234
74.292
74.339
74.397
74.432
74.466
74.548
74.594
74.675
74.826
74.908
74.977
75.047
75.105
75.186
75.221
75.267
75.349
75.407
75.581
75.651
75.767
75.929
75.976
76.103
76.161
76.254
76.324
76.370
76.428
76.498
76.579
76.626
76.696
76.765
76.835
76.870
76.939
76.974
77.055
77.137
77.183
77.230
77.299
77.334
77.415
77.531
77.624
77.729
77.833
77.880
77.973
78.031
78.077
78.147
78.286
78.333
78.379
78.541
78.576
78.669
78.727
78.785
78.855
78.890
78.925
78.959
79.041
79.076
79.157
79.192
79.273
79.319
79.401
79.459
79.494
79.575
79.644
79.702
79.772
79.911
79.958
80.004
80.074
80.109
80.341
80.434
80.527
80.573
80.620
80.655
80.724
80.805
80.840
80.980
81.061
81.131
81.212
81.293
81.340
81.374
81.479
81.537
81.630
81.885
