0.270
0.430
0.910
1.000
1.320
1.510
4.990
5.180
5.530
5.930
11.340
11.560
12.100
12.350
12.650
13.740
13.950
14.150
14.360
14.570
16.140
16.440
18.090
18.290
18.500
19.110
19.310
19.540
19.770
19.980
20.200
20.470
20.690
20.920
21.180
23.540
23.720
23.860
24.010
24.160
24.290
24.390
24.570
24.720
24.810
24.960
25.170
25.250
25.430
25.570
26.220
26.610
26.740
26.790
27.680
27.850
28.030
28.140
28.230
28.380
28.620
28.750
28.870
29.030
29.300
30.600
30.840
31.030
31.130
33.550
33.730
34.110
34.310
34.430
34.600
34.760
34.930
35.020
37.820
37.870
38.130
38.750
38.970
39.050
39.310
40.030
40.260
40.580
40.650
40.860
41.560
41.740
42.080
42.330
42.650
44.650
45.120
46.810
46.980
47.110
50.060
50.160
50.240
50.410
50.480
50.920
51.060
51.110
51.210
51.700
51.890
52.060
52.240
52.390
52.450
52.500
53.220
53.460
53.730
53.790
54.130
54.310
55.120
55.310
55.650
55.800
56.000
56.160
56.360
56.550
56.840
57.060
57.680
57.810
57.860
58.040
58.150
58.200
58.370
58.550
58.770
59.330
59.550
59.650
59.720
59.850
60.330
