0.210
0.380
0.520
0.680
0.850
1.020
1.170
1.330
1.490
1.640
1.800
1.970
2.110
2.280
2.450
2.610
2.760
2.900
3.060
3.240
3.390
3.530
3.700
3.850
4.170
4.330
4.480
4.670
4.820
4.980
5.120
5.290
5.470
5.620
5.760
5.930
6.070
6.260
6.410
6.530
6.690
6.860
7.030
7.160
7.210
7.320
7.360
7.490
7.660
7.810
7.970
8.130
8.280
8.430
8.790
8.940
8.990
9.090
9.270
9.420
9.740
10.060
10.240
10.360
10.420
10.700
10.850
11.020
11.200
11.320
11.660
11.800
11.960
12.290
12.620
12.710
12.930
13.070
13.110
13.240
13.560
13.640
13.710
13.880
14.020
14.060
14.170
14.210
14.540
14.630
14.690
14.830
14.970
15.020
15.180
15.500
15.630
15.780
15.880
15.980
16.140
16.470
16.780
16.920
16.980
17.090
17.430
17.590
17.740
17.910
18.010
18.050
18.380
18.470
18.540
18.700
18.840
18.880
19.010
19.320
19.480
19.630
19.810
19.970
20.110
20.270
20.420
20.480
20.590
20.750
20.830
20.900
21.080
21.220
21.370
21.510
21.700
21.810
22.160
22.240
22.300
22.470
22.650
22.770
23.110
23.270
23.660
23.720
23.880
24.050
24.190
24.370
24.690
24.840
24.890
25.010
25.140
25.320
25.500
25.600
25.760
25.930
26.130
26.240
26.400
26.550
26.590
26.710
26.860
27.020
27.200
27.310
27.490
27.620
27.960
28.090
28.140
28.290
28.430
28.580
28.740
28.920
29.060
29.200
29.510
29.820
29.980
30.150
30.310
30.510
30.590
