0.200
0.320
0.540
0.770
0.980
1.200
1.430
1.670
1.750
1.870
2.090
2.300
2.740
2.960
3.180
3.400
3.610
3.840
4.050
4.290
4.490
4.710
5.430
5.670
5.870
5.920
6.340
6.780
7.260
7.460
7.690
7.930
8.160
8.370
8.600
8.840
9.060
9.290
9.510
9.650
9.760
9.870
9.970
10.090
10.190
10.290
10.410
10.480
11.100
11.360
11.580
11.770
11.990
12.680
12.920
13.140
13.400
13.840
14.060
14.530
14.940
14.990
15.430
15.650
15.870
16.350
16.560
16.810
17.060
17.270
17.730
18.420
18.600
18.870
19.570
20.000
20.230
20.440
20.720
20.840
20.910
21.160
21.370
21.620
21.820
22.060
22.990
23.070
23.200
23.440
23.660
23.880
24.560
24.790
25.030
25.270
25.730
26.410
26.640
26.840
26.950
27.080
27.320
27.530
27.760
28.220
29.170
29.400
29.620
29.860
30.080
30.300
