0.210
0.480
0.740
1.000
1.140
1.270
1.540
1.800
2.070
2.330
2.590
2.860
3.130
3.260
3.390
3.660
3.920
4.190
4.450
4.720
4.980
5.240
5.390
5.510
5.770
6.040
6.300
6.570
6.700
6.830
7.100
7.360
7.490
7.630
7.890
8.030
8.160
8.420
8.690
8.950
9.220
9.480
9.620
9.750
10.010
10.280
10.540
10.810
11.330
11.600
11.730
11.870
12.130
12.390
12.660
12.920
13.190
13.450
13.720
13.860
13.980
14.250
14.390
14.510
14.780
14.920
15.050
15.180
15.310
15.450
15.570
15.840
16.100
16.630
16.900
17.160
17.430
17.690
17.860
17.960
18.190
18.490
18.750
18.920
19.030
19.150
19.280
19.550
19.810
20.080
20.210
20.340
20.610
20.870
21.140
21.400
21.670
21.930
22.190
22.330
22.460
22.720
22.990
23.260
23.390
23.520
23.650
23.780
24.050
24.310
24.450
24.490
24.580
24.850
25.110
25.380
25.550
25.640
25.910
26.170
26.430
26.700
26.970
27.230
27.370
27.500
27.630
27.770
28.020
28.290
28.400
28.550
28.690
28.820
29.080
29.350
