0.200
0.400
0.600
1.200
1.410
2.020
2.210
2.420
2.610
3.630
3.820
4.020
4.230
4.420
4.630
4.800
5.130
5.640
5.830
6.330
6.850
6.930
7.020
7.240
7.850
8.050
8.380
8.660
8.860
9.060
9.580
10.070
10.670
11.070
11.270
11.720
11.880
11.980
12.280
12.680
12.870
13.290
13.500
13.900
14.100
14.300
14.800
15.310
15.500
16.130
16.300
16.520
16.730
17.110
17.170
17.310
17.520
17.610
18.030
18.330
18.530
18.730
18.900
19.740
20.140
20.330
20.420
20.740
20.830
20.910
21.250
21.750
21.950
22.220
22.450
22.750
22.970
23.570
23.760
23.960
24.160
