0.400
0.720
1.030
1.210
1.320
1.640
1.920
2.110
2.250
2.520
2.830
3.020
3.100
3.430
3.630
3.690
4.010
4.290
4.510
4.590
4.820
4.890
5.080
5.150
5.210
5.470
5.790
5.950
6.050
6.320
6.360
6.510
6.630
6.810
6.930
7.070
7.210
7.400
7.500
7.700
7.780
8.000
8.080
8.360
8.580
8.660
8.870
8.930
9.160
9.230
9.430
9.510
9.700
9.740
9.780
9.820
10.090
10.330
10.410
10.580
10.680
10.920
10.990
11.170
11.250
11.560
11.830
12.030
12.130
12.410
12.720
12.910
13.000
13.200
13.310
13.570
13.790
13.870
14.070
14.150
14.340
14.420
14.720
15.030
15.210
15.310
15.470
15.530
15.590
15.770
15.870
16.090
16.180
16.440
16.580
16.900
16.990
17.230
17.300
17.550
17.770
17.850
18.130
18.350
18.430
18.710
