0.200
0.280
0.560
0.820
1.080
1.350
1.620
1.750
1.880
2.140
2.400
2.670
2.930
3.200
3.460
3.730
3.870
4.000
4.260
4.530
4.660
4.790
5.050
5.310
5.580
5.850
5.990
6.110
6.370
6.630
6.780
6.910
7.170
7.430
7.700
7.960
8.100
8.230
8.490
8.760
8.900
9.020
9.280
9.540
9.800
10.080
10.210
10.340
10.600
10.870
11.000
11.130
11.400
11.660
11.930
12.190
12.330
12.460
12.720
12.990
13.120
13.250
13.510
13.780
14.040
14.310
14.450
14.570
14.830
15.090
15.240
15.360
15.620
15.890
16.420
16.560
16.690
16.950
17.200
17.350
17.480
17.740
18.000
18.260
18.430
18.530
18.670
18.800
19.060
19.320
19.470
19.590
19.850
20.120
