0.210
0.330
0.440
0.550
0.660
0.760
0.880
0.990
1.090
1.210
1.320
1.430
1.530
1.640
1.760
1.870
1.970
2.080
2.300
2.410
2.520
2.630
2.740
2.850
2.960
3.070
3.180
3.290
3.400
3.510
3.620
3.730
3.840
3.950
4.060
4.170
4.270
4.380
4.500
4.600
4.720
4.830
4.940
5.050
5.150
5.270
5.380
5.480
5.600
5.710
5.810
5.920
6.030
6.140
6.250
6.360
6.470
6.580
6.690
6.800
6.910
7.020
7.120
7.240
7.340
7.460
7.560
7.680
7.780
7.900
8.000
8.110
8.220
8.340
8.440
8.560
8.660
8.780
8.880
8.990
9.100
9.220
9.310
9.430
9.540
9.650
9.750
9.870
9.980
10.090
10.190
10.310
10.410
10.530
10.630
10.750
10.850
10.970
11.070
11.190
11.290
11.410
11.510
11.620
11.730
11.850
11.950
12.070
12.170
12.290
12.390
12.500
12.610
12.730
12.830
12.940
13.050
13.160
13.260
13.380
13.490
13.600
13.700
13.820
13.920
14.040
14.140
14.260
14.360
14.480
14.580
14.700
14.800
14.920
15.020
15.140
15.240
15.360
15.460
15.580
15.680
15.800
15.900
16.010
16.120
16.240
16.330
16.450
16.560
16.670
16.770
16.890
17.000
17.110
17.210
17.330
17.430
17.550
17.650
17.770
17.870
17.990
18.090
18.210
18.310
18.430
18.530
18.650
18.750
18.870
18.970
19.090
19.190
19.300
19.410
19.520
