0.610
0.690
0.940
1.240
1.530
1.820
2.120
2.430
2.720
3.010
3.310
3.600
3.900
4.190
4.490
5.090
5.380
5.690
5.960
6.270
6.560
6.780
6.850
6.920
6.960
7.170
7.450
7.750
8.050
8.110
8.220
8.330
8.650
8.930
9.230
9.390
9.520
9.630
9.820
10.120
10.430
10.720
11.010
11.310
11.620
11.900
12.210
12.340
12.500
12.810
13.100
13.400
13.700
14.010
14.290
14.590
14.880
15.190
15.500
15.780
16.070
16.360
16.650
16.960
17.260
17.570
17.870
18.150
18.440
18.760
18.880
19.040
19.330
19.460
19.620
19.940
20.090
20.240
20.530
