0.200
0.290
0.530
0.790
1.050
1.180
1.310
1.560
1.830
2.080
2.210
2.360
2.600
2.860
3.120
3.240
3.380
3.630
3.900
4.150
4.280
4.430
4.670
4.930
5.190
5.310
5.450
5.700
5.970
6.220
6.350
6.500
6.740
7.000
7.260
7.380
7.520
7.780
8.040
8.300
8.430
8.570
8.720
8.830
9.030
9.090
9.330
9.500
9.610
9.860
10.110
10.370
10.630
11.030
11.150
11.400
11.680
11.920
12.180
12.440
12.570
12.710
12.960
13.210
13.460
13.730
13.770
13.990
14.250
14.510
14.780
15.030
15.280
15.540
15.800
16.060
16.320
16.580
16.710
16.850
16.970
17.080
17.350
17.580
17.770
17.880
18.040
18.140
18.280
18.390
18.650
18.780
18.910
19.170
19.400
19.530
19.690
19.940
20.040
20.200
20.460
20.720
20.850
20.990
21.130
21.220
21.490
21.760
21.890
22.020
22.280
22.530
22.770
23.060
23.300
23.560
23.820
24.080
