0.390
0.470
2.000
2.100
2.190
2.280
2.330
2.370
2.420
2.510
3.790
3.920
4.040
4.570
4.820
5.060
5.310
5.600
5.850
6.380
6.640
6.890
7.170
7.660
7.910
8.170
8.610
8.730
8.860
8.990
9.120
9.240
9.370
9.500
9.630
9.750
9.890
10.020
10.140
10.270
10.400
10.530
10.650
10.770
10.900
11.030
11.160
11.290
11.410
11.540
11.670
11.800
11.920
12.050
12.180
12.310
12.450
12.690
12.820
12.940
13.070
13.200
13.330
13.450
13.580
13.710
13.840
13.980
14.110
14.220
14.350
14.490
14.620
14.730
14.860
14.980
15.110
15.240
15.370
15.500
15.620
15.750
15.880
16.010
16.130
16.260
16.390
16.530
16.660
16.770
16.900
17.030
17.150
17.280
17.410
17.540
17.660
17.790
17.920
18.050
18.190
18.300
18.430
18.570
18.700
18.810
18.940
19.070
19.200
19.320
19.450
19.580
19.710
19.830
19.960
20.090
20.220
20.340
20.470
20.620
20.740
20.850
20.980
21.110
21.240
21.360
21.490
21.620
21.750
21.870
22.000
22.130
22.270
22.390
22.520
22.660
22.780
22.900
23.030
23.150
23.280
23.410
23.540
23.660
23.790
23.920
24.040
24.170
24.300
24.430
24.560
24.700
24.830
24.940
25.070
25.190
25.320
25.450
25.580
25.700
25.830
25.960
26.090
26.210
26.360
26.470
26.600
26.740
26.870
26.980
27.110
27.230
27.360
27.490
27.620
27.750
27.870
28.000
28.130
28.250
28.380
28.510
28.640
