0.200
0.580
0.920
1.180
1.240
1.420
1.660
1.860
2.000
2.400
2.910
3.060
3.450
3.620
3.960
4.020
4.360
4.530
4.690
5.090
5.250
5.330
5.430
5.790
6.160
6.460
6.610
6.840
7.050
7.400
7.610
7.880
7.920
8.650
8.970
9.160
9.340
9.500
9.850
10.050
10.210
10.390
10.560
10.720
10.890
11.240
11.410
11.850
12.280
12.810
13.350
13.700
13.920
14.050
14.240
14.410
14.760
14.940
15.640
16.000
16.180
16.330
16.460
16.510
16.770
17.030
17.380
17.550
17.730
18.000
18.410
18.820
18.920
19.080
19.810
19.920
20.000
20.140
20.340
20.520
20.690
20.880
21.050
21.240
21.440
21.790
22.500
22.640
22.820
23.190
23.350
23.870
24.220
24.540
24.600
24.740
24.790
24.920
25.210
25.280
25.490
25.950
26.210
26.330
26.920
27.040
27.220
27.630
27.750
28.070
28.260
28.420
28.620
28.780
28.960
29.120
