0.200
0.270
0.480
0.700
1.130
1.350
1.560
1.770
1.830
1.960
2.200
2.380
2.790
3.010
3.230
3.290
3.420
3.630
3.820
4.070
4.400
4.460
4.690
4.770
4.900
4.940
5.110
5.310
5.580
5.630
5.730
5.980
6.300
6.360
6.580
6.920
7.000
7.220
7.420
7.630
7.820
8.040
8.250
8.460
8.660
8.890
9.080
9.490
9.700
9.930
10.130
10.350
10.580
10.780
10.850
11.180
11.400
11.520
11.620
11.830
12.040
12.260
12.460
12.520
12.870
12.960
13.090
13.300
13.510
13.930
14.130
14.560
14.770
14.990
15.080
15.390
15.620
15.820
15.960
16.230
16.460
16.660
16.860
17.070
17.260
17.390
17.510
17.910
18.130
18.340
18.760
19.070
19.180
19.590
19.810
20.020
20.420
20.650
20.870
21.140
21.260
21.480
21.690
21.890
22.100
22.320
22.420
22.530
22.850
22.950
23.160
23.270
23.310
23.580
23.670
23.800
23.950
24.000
24.050
24.230
24.660
24.870
25.070
25.290
25.480
25.710
25.810
25.880
26.140
26.330
26.540
26.740
27.160
27.390
27.590
27.650
27.990
28.150
28.230
28.320
28.420
28.840
29.270
