0.220
0.550
0.870
1.180
1.520
1.840
2.150
2.480
2.790
3.350
3.430
3.520
3.770
4.090
4.400
4.720
5.040
5.360
5.670
5.860
5.970
6.290
6.600
6.930
7.270
7.560
7.770
7.870
8.180
8.510
8.790
9.130
9.450
9.770
10.070
10.380
10.710
11.020
11.220
11.340
11.510
11.650
11.970
12.300
12.580
12.920
13.240
13.560
13.870
14.190
14.500
14.730
14.840
15.150
15.430
15.470
15.780
16.100
16.420
16.730
17.050
17.370
17.680
18.000
18.330
18.640
18.960
19.280
19.590
19.920
20.560
20.650
20.880
21.090
21.200
21.500
21.790
21.990
22.130
22.460
22.780
22.950
23.050
23.390
23.700
24.030
24.350
24.410
24.670
24.830
24.970
25.270
25.580
25.820
25.890
26.210
26.520
26.830
27.150
27.450
27.780
28.000
28.090
28.320
28.380
28.430
28.560
28.710
28.980
29.040
29.370
