0.360
0.600
0.850
1.100
1.600
1.850
2.090
2.350
2.590
2.840
3.090
3.480
3.590
3.840
4.080
4.340
4.580
4.830
5.080
5.590
5.730
5.830
6.080
6.340
6.580
6.830
7.080
7.470
7.570
7.820
8.070
8.330
8.570
8.820
9.070
9.570
9.720
9.820
10.070
10.320
10.570
10.810
11.060
11.560
11.810
12.060
12.310
12.560
12.810
13.050
13.560
13.810
14.050
14.310
14.460
14.550
14.800
15.050
15.200
15.450
15.550
15.700
15.800
15.950
16.040
16.550
16.790
17.040
17.290
17.540
17.670
17.790
18.040
18.290
18.410
18.540
18.790
19.040
19.190
19.280
19.450
19.540
19.660
19.780
20.030
20.280
20.540
20.780
21.030
21.280
21.530
21.650
21.780
22.030
22.270
22.400
22.530
22.770
23.030
23.180
23.270
23.430
23.520
23.680
23.770
24.020
24.270
24.520
24.770
25.020
25.260
25.520
25.640
25.760
26.010
26.260
26.390
26.520
26.760
27.010
27.170
27.260
27.420
27.510
27.630
27.760
27.910
28.010
28.250
28.510
28.750
29.000
29.250
29.500
29.630
29.750
30.000
30.250
30.410
30.500
30.750
31.000
31.150
31.240
31.400
31.490
31.650
31.740
31.900
31.990
32.240
32.500
32.740
32.990
33.110
33.240
33.370
33.490
33.610
33.730
33.860
33.990
34.110
34.230
34.490
34.730
34.980
35.140
35.230
35.390
35.480
35.610
35.730
35.980
36.100
36.230
36.480
36.720
36.860
36.980
37.100
37.220
37.470
37.720
37.850
37.970
38.090
38.220
38.470
38.720
38.970
39.090
39.130
39.220
39.380
39.470
39.710
39.970
40.090
40.220
40.470
40.710
40.960
41.080
41.210
41.460
41.600
41.710
41.830
41.960
42.080
42.200
42.460
42.700
42.960
43.080
43.200
43.360
43.610
43.700
43.830
43.950
44.080
44.200
44.460
44.700
44.950
45.070
45.330
45.450
45.570
45.690
45.820
45.950
46.070
46.190
46.440
46.690
46.950
47.190
47.440
47.590
47.690
47.950
48.440
48.680
48.930
49.060
49.180
49.310
49.430
49.680
49.810
49.930
50.050
50.180
50.330
50.430
50.680
50.930
51.050
51.170
51.330
51.430
51.550
51.670
51.800
51.920
52.050
52.170
52.320
52.420
52.670
52.920
53.040
53.170
53.420
53.670
53.920
54.040
54.160
54.420
54.660
54.820
54.920
55.040
55.160
55.320
55.410
55.570
55.660
55.790
55.910
