0.186
0.406
0.615
0.813
1.242
1.474
1.625
1.858
2.020
2.078
2.276
2.485
2.705
2.902
3.146
3.367
3.564
3.773
3.982
4.191
4.632
4.865
5.027
5.236
5.677
5.886
6.095
6.304
6.536
6.722
6.931
7.152
7.372
7.570
7.779
8.011
8.185
8.278
8.406
8.882
9.102
9.300
9.532
9.741
9.938
10.031
10.112
10.344
10.774
10.995
11.424
11.564
11.831
12.272
12.458
12.678
12.887
13.073
13.201
13.293
13.421
13.711
13.920
13.978
14.129
14.350
14.745
14.954
15.035
15.151
15.581
15.801
15.987
16.196
16.324
16.417
16.637
16.858
17.020
17.252
17.473
17.670
18.088
18.297
18.379
18.495
18.913
19.098
19.296
19.540
19.714
19.934
20.132
20.213
20.317
20.526
20.759
20.968
21.177
21.397
21.595
21.699
21.804
23.243
23.313
23.475
23.557
23.603
24.044
24.265
24.520
24.671
25.089
