0.010
0.285
1.370
1.590
1.660
1.750
1.970
3.825
3.910
4.105
5.205
5.475
5.555
5.885
5.960
8.010
8.200
8.350
8.560
11.295
11.355
12.080
12.145
12.345
12.635
13.565
13.605
13.755
13.995
14.160
14.375
14.580
15.325
16.150
16.405
16.460
16.675
18.050
18.315
18.485
18.535
19.340
19.845
20.075
20.425
20.495
20.565
20.650
20.900
20.950
21.185
23.560
23.760
23.865
23.975
24.130
24.170
24.295
24.375
24.600
24.695
24.845
24.985
25.160
25.280
25.390
25.450
25.605
25.710
25.850
26.005
26.155
26.245
26.570
26.730
26.850
27.375
27.705
28.050
28.210
28.410
28.570
28.635
28.790
29.030
29.335
30.510
30.605
30.820
31.025
32.500
32.985
33.575
33.770
34.010
34.125
34.205
34.450
34.595
34.635
34.755
34.955
37.245
37.595
37.675
37.840
38.510
38.750
39.035
39.305
40.050
40.220
40.285
40.610
40.700
40.855
41.425
41.625
41.765
42.050
42.135
42.355
42.680
44.635
44.955
45.135
46.825
46.995
47.035
47.135
47.340
49.540
50.060
50.430
50.930
51.075
51.115
51.255
51.475
51.725
51.805
51.900
52.090
52.220
52.410
52.935
53.250
53.465
53.625
53.800
53.910
54.105
54.280
55.135
55.360
55.525
55.685
55.815
56.010
56.140
56.320
56.365
56.460
56.585
56.825
57.090
57.470
57.630
57.705
57.865
58.035
58.205
58.410
58.560
58.755
59.085
59.160
59.225
59.360
59.540
59.640
59.735
59.925
59.980
60.155
60.340
60.720
60.775
