0.010
0.145
0.200
2.550
2.740
3.090
3.650
3.855
4.035
4.205
4.370
4.650
4.910
6.060
6.230
6.385
6.580
6.965
8.050
8.160
8.330
8.700
10.010
10.205
10.390
10.575
10.770
11.040
11.985
12.495
12.685
12.865
13.045
13.260
13.685
14.370
15.050
15.120
15.855
16.840
17.260
17.295
18.135
19.605
20.485
20.545
20.970
21.750
22.690
23.875
27.850
28.005
29.600
30.240
30.405
30.945
31.195
31.560
32.040
32.940
33.355
33.740
33.920
34.895
35.365
35.905
37.005
37.115
38.480
38.670
39.145
39.275
39.445
39.640
40.010
40.240
40.575
40.735
40.880
41.015
41.880
42.675
43.675
44.240
44.815
45.895
45.975
47.055
47.240
47.300
47.375
47.455
47.715
47.855
47.970
48.190
48.700
48.770
48.880
49.495
49.590
49.765
49.830
50.015
50.170
50.355
50.595
51.145
52.075
52.310
53.780
53.845
54.400
54.500
55.260
55.480
55.570
55.690
56.015
56.350
56.640
56.720
57.870
58.215
58.270
58.470
58.660
58.825
58.985
59.135
59.440
59.775
60.370
