0.035
0.348
0.511
0.673
0.998
1.173
1.335
1.474
1.823
1.962
2.136
2.310
2.473
2.624
2.775
2.937
3.123
3.274
3.379
3.413
3.587
3.727
4.063
4.226
4.389
4.563
4.737
4.876
5.027
5.213
5.399
5.526
5.689
6.002
6.362
6.467
6.641
6.803
6.989
7.117
7.279
7.454
7.779
7.941
8.104
8.417
8.452
8.789
8.928
9.091
9.276
9.416
9.741
9.927
10.077
10.263
10.379
10.728
10.890
11.064
11.250
11.366
11.703
11.854
12.028
12.214
12.330
12.690
12.794
12.841
13.003
13.142
13.317
13.642
13.735
13.804
13.839
13.978
14.269
14.315
14.640
14.745
14.803
14.942
15.081
15.290
15.627
15.755
15.917
16.022
16.277
16.614
16.776
16.939
17.078
17.252
17.589
17.763
17.914
18.088
18.193
18.239
18.564
18.657
18.727
18.901
19.040
19.087
19.203
19.516
19.691
19.853
20.016
20.178
20.341
20.492
20.654
20.817
20.979
21.130
21.328
21.467
21.618
21.757
21.931
22.059
22.419
22.512
22.570
22.744
22.895
22.930
23.046
23.394
23.557
23.951
24.021
24.358
24.683
25.008
25.159
25.333
25.449
25.937
26.099
26.262
26.587
26.749
27.074
27.225
27.376
27.678
27.992
28.340
28.526
28.677
28.816
28.967
29.141
29.315
29.466
29.605
29.919
30.244
30.407
30.581
30.743
31.022
31.080
