0.430
0.499
0.766
1.080
1.370
1.672
1.974
2.287
2.577
2.879
3.193
3.483
3.785
4.098
4.400
4.702
5.004
5.178
5.306
5.608
5.898
6.211
6.502
6.734
6.792
6.885
6.920
7.129
7.419
7.721
7.988
8.034
8.092
8.197
8.313
8.626
8.928
9.218
9.369
9.520
9.636
9.834
10.136
10.461
10.739
11.041
11.355
11.656
11.947
12.260
12.411
12.574
12.887
13.177
13.491
13.793
14.106
14.396
14.698
14.988
15.314
15.639
15.894
16.208
16.509
16.800
17.113
17.264
17.415
17.728
18.054
18.321
18.634
18.936
19.075
19.238
19.528
19.667
19.830
20.155
20.306
20.457
20.759
