0.058
0.209
0.360
0.546
0.592
0.685
0.859
0.998
1.173
1.207
1.324
1.486
1.637
1.788
1.834
2.101
2.252
2.577
2.740
2.891
3.042
3.228
3.344
3.402
3.541
3.715
3.866
4.029
4.191
4.342
4.644
4.818
5.062
5.120
5.329
5.445
5.619
5.677
5.782
5.944
6.026
6.084
6.211
6.258
6.385
6.594
6.734
6.861
6.896
6.954
7.187
7.233
7.349
7.674
7.837
7.988
8.185
8.278
8.336
8.499
8.615
8.800
8.940
9.125
9.265
9.427
9.752
9.903
10.205
10.252
10.414
10.553
10.704
10.879
11.041
11.192
11.366
11.529
11.691
11.842
11.993
12.063
12.283
12.318
12.458
12.655
12.783
12.945
13.108
13.282
13.328
13.421
13.607
13.746
13.874
13.920
14.060
14.095
14.234
14.385
14.512
14.547
14.861
15.012
15.186
15.290
15.337
15.766
15.836
15.999
16.138
16.289
16.463
16.625
16.707
16.788
16.927
17.090
17.148
17.241
17.496
17.566
17.856
18.054
18.204
18.506
18.553
18.762
18.866
19.029
19.168
19.342
19.493
19.679
19.807
19.981
20.132
20.352
20.457
20.782
21.049
21.084
21.119
21.281
21.420
21.583
21.722
21.920
22.071
22.221
22.268
22.558
22.709
22.988
23.034
23.162
23.220
23.324
23.359
23.568
23.696
23.870
24.021
24.184
24.346
24.497
24.648
24.822
24.973
25.147
25.275
25.461
25.612
25.646
25.867
25.948
26.088
26.157
26.215
26.262
26.436
26.529
26.587
27.028
27.098
27.225
27.365
27.411
27.550
27.667
27.852
28.026
28.177
28.352
28.479
28.828
29.002
29.141
29.246
29.315
29.362
29.443
29.640
29.791
