0.046
0.174
0.708
0.743
1.184
1.649
1.683
2.171
2.519
2.659
2.984
3.123
3.634
4.122
4.296
4.423
4.574
5.062
5.108
5.503
5.863
6.002
6.490
6.803
6.943
7.268
7.407
7.883
8.197
8.336
8.673
8.824
9.056
9.172
9.311
9.601
9.660
9.776
10.077
10.228
10.693
11.029
11.146
11.192
11.656
12.005
12.167
12.469
12.655
12.829
12.957
13.119
13.456
13.630
13.920
14.118
14.396
14.443
14.571
14.919
15.081
15.116
15.406
15.557
15.871
16.033
16.324
16.521
16.556
16.660
16.800
16.974
17.427
17.937
18.239
18.448
18.715
18.750
18.866
18.901
19.215
19.365
19.412
19.714
19.876
20.190
20.317
20.805
20.875
21.142
21.246
21.386
21.618
21.653
21.769
22.082
22.245
22.581
22.698
22.965
22.999
23.127
23.174
23.661
23.696
23.963
24.126
24.404
24.451
24.578
24.915
25.112
25.368
25.519
25.821
25.948
26.331
26.436
26.517
26.773
27.028
27.307
27.400
27.794
27.899
28.235
28.386
28.502
28.688
28.828
29.350
29.629
29.675
29.826
