2.113
19.760
22.349
22.744
27.341
37.988
38.986
39.160
39.451
39.671
47.078
47.636
47.914
48.437
49.041
55.542
55.925
56.227
57.458
57.794
60.534
60.651
60.860
62.137
63.019
63.263
63.936
64.563
64.807
65.411
65.724
66.618
67.396
67.617
68.081
68.116
68.278
68.510
68.789
69.312
69.950
71.401
71.831
72.667
75.279
75.755
76.161
76.661
77.218
77.624
77.984
78.100
78.216
78.333
78.472
79.180
79.714
80.109
80.492
80.991
81.537
81.792
82.013
82.280
82.442
82.617
82.849
83.023
83.127
83.453
83.592
85.496
85.612
86.088
86.494
87.713
87.818
87.922
88.027
88.131
88.236
88.329
88.445
88.863
93.507
95.655
96.293
