0.909
1.000
0.667
0.738
0.750
0.662
0.651
0.655
0.884
0.917
0.707
0.701
0.909
0.484
0.580
0.667
0.809
0.702
0.829
0.676
0.781
0.870
0.566
0.842
0.783
0.671
0.732
0.645
0.739
0.722
0.720
0.696
0.838
0.663
0.952
0.734
0.867
0.733
0.862
0.677
0.812
0.803
0.815
0.750
0.736
0.680
0.696
0.544
0.628
0.849
0.542
0.849
0.506
0.792
0.851
0.720
0.701
0.873
0.783
0.730
0.869
0.873
0.742
0.817
0.968
0.881
0.792
0.908
0.640
0.932
0.767
0.711
1.000
0.772
0.671
0.817
0.691
0.818
0.612
0.767
0.277
0.118
0.591
0.811
0.491
0.867
0.651
0.637
0.966
0.833
0.473
0.732
1.000
0.811
0.741
0.812
0.642
0.910
0.795
0.736
0.871
0.688
0.333
0.714
0.690
0.733
1.000
0.764
0.607
0.725
0.636
0.573
0.800
0.564
0.733
1.000
0.415
0.643
0.680
0.709
0.838
0.694
0.517
0.660
0.665
0.847
0.545
0.806
0.805
0.721
0.676
0.813
0.608
0.625
0.719
0.730
0.732
0.738
0.630
0.809
0.776
0.485
0.700
0.448
0.519
0.343
0.502
0.474
1.000
0.950
1.000
0.917
0.852
0.708
0.930
0.742
0.964
0.889
0.814
0.714
0.753
0.786
0.638
0.796
0.900
0.891
0.917
0.763
0.909
0.636
1.000
0.700
0.721
0.859
0.534
0.767
0.709
0.431
0.701
0.499
0.817
0.550
0.500
0.697
0.841
