0.190
0.320
0.430
0.530
0.640
0.750
0.840
0.980
1.080
1.200
1.300
1.420
1.510
1.650
1.890
2.020
2.140
2.240
2.360
2.440
2.580
2.680
2.810
3.040
3.140
3.260
3.370
3.490
3.570
3.620
3.730
3.820
4.050
4.190
4.390
4.490
4.540
4.770
4.890
5.000
5.130
5.230
5.350
5.460
5.580
5.670
5.790
5.920
6.040
6.170
6.280
6.420
6.550
6.600
6.660
6.710
6.850
7.510
7.830
8.070
8.340
8.570
8.810
9.050
9.300
9.530
9.860
10.000
10.050
10.220
10.460
10.710
10.830
10.950
11.050
11.170
11.280
11.390
11.500
11.620
11.730
11.850
11.960
12.080
12.190
12.310
12.410
12.540
12.650
12.770
