0.695
0.444
1.000
1.000
0.914
0.922
0.933
0.929
0.735
0.977
0.974
0.980
0.871
0.944
0.929
1.000
0.971
1.000
0.956
0.947
0.967
0.935
0.978
0.882
1.000
0.962
0.974
1.000
0.962
0.959
0.957
0.957
0.931
0.977
0.984
0.978
1.000
0.971
0.923
0.974
0.973
0.974
1.000
0.920
0.971
0.921
1.000
0.977
0.963
1.000
1.000
1.000
1.000
0.969
0.980
0.933
0.977
0.920
0.900
1.000
1.000
0.900
0.875
0.950
0.929
0.934
0.971
0.953
0.987
0.962
0.982
1.000
0.739
0.857
0.946
0.838
1.000
0.988
0.943
0.977
0.943
0.458
0.917
0.957
0.967
0.988
0.511
0.986
0.979
0.963
0.979
0.805
1.000
1.000
0.941
0.957
0.990
0.994
1.000
0.973
1.000
1.000
0.951
0.364
1.000
0.960
0.938
1.000
1.000
0.972
0.968
0.849
0.958
1.000
0.950
0.643
0.989
0.895
0.956
0.971
0.986
1.000
0.882
0.959
0.975
0.860
0.941
0.987
0.973
0.915
0.855
0.964
0.934
0.995
0.970
0.958
0.930
0.985
0.742
0.989
0.962
0.944
0.976
0.937
0.962
0.894
1.000
0.691
0.875
0.737
0.818
1.000
0.932
0.977
0.964
1.000
0.714
0.964
0.977
0.840
0.980
0.973
0.972
0.679
0.968
0.944
0.720
0.973
0.979
1.000
0.625
1.000
0.889
0.861
0.929
1.000
0.982
0.962
0.981
0.876
0.975
0.957
1.000
0.882
0.971
