0.000
0.120
0.480
0.660
0.840
1.020
1.200
1.380
1.570
1.740
1.920
2.100
2.280
2.470
2.650
2.830
3.010
3.370
3.550
3.730
3.910
4.090
4.270
4.460
4.630
4.820
4.990
5.180
5.360
5.540
5.720
5.900
6.260
6.440
6.620
6.800
6.980
7.160
7.340
7.530
7.700
7.890
8.080
8.250
8.610
8.790
9.150
9.700
9.880
10.060
10.240
10.430
10.780
10.960
11.140
11.320
11.500
11.690
12.040
12.230
12.590
12.770
12.950
13.130
13.310
13.490
13.670
13.860
14.040
14.390
14.580
14.770
14.940
15.120
15.480
15.840
16.020
16.200
16.380
16.560
16.740
16.920
17.280
17.470
17.830
18.010
18.190
18.370
18.550
18.730
18.910
19.090
19.270
19.450
19.630
19.820
20.010
20.180
20.350
20.720
20.900
21.090
21.260
21.620
21.800
22.340
22.530
22.710
23.070
23.250
23.610
23.790
23.980
24.150
24.340
24.510
24.700
24.880
25.060
25.240
25.420
25.600
25.960
26.150
26.500
26.680
26.870
27.040
27.400
27.590
27.770
27.950
28.130
28.310
28.490
28.670
28.850
29.040
29.400
29.570
29.750
29.930
