0.040
0.380
0.640
1.010
1.130
1.390
1.510
1.770
2.140
2.510
2.680
2.880
3.060
3.300
3.460
3.690
3.840
4.080
4.620
5.000
5.240
5.620
5.810
6.030
6.170
6.410
6.540
6.800
7.180
7.310
7.690
7.960
8.340
8.500
8.720
8.900
9.120
9.500
9.880
10.260
11.010
11.160
11.410
11.790
12.310
12.580
12.700
12.960
13.330
13.480
13.730
13.850
14.100
14.470
14.840
15.000
15.210
15.380
15.620
15.770
16.140
16.400
16.930
17.300
17.550
17.920
18.100
18.290
18.450
18.700
18.830
19.070
19.560
19.940
20.180
20.520
20.670
20.890
21.040
21.280
21.640
22.180
22.420
22.800
23.180
23.310
23.570
24.080
24.420
25.100
25.220
25.640
26.010
26.410
26.790
27.420
28.220
28.590
29.120
29.380
29.540
29.770
