0.000
0.160
0.550
0.940
1.130
1.330
1.520
1.720
1.910
2.110
2.210
2.310
2.500
2.690
2.730
2.890
3.080
3.150
3.260
3.480
3.630
3.680
3.860
4.060
4.250
4.450
4.600
4.770
4.840
5.030
5.100
5.340
5.430
5.500
5.620
5.810
5.870
5.990
6.120
6.210
6.400
6.590
6.790
6.980
7.180
7.370
7.560
7.760
7.950
8.150
8.340
8.530
8.730
8.930
9.040
9.120
9.210
9.320
9.510
9.710
9.900
10.100
10.290
10.430
10.680
10.880
11.070
11.270
11.470
11.660
11.850
12.050
12.250
12.440
12.650
12.830
12.940
13.030
13.220
13.320
13.410
13.600
13.800
13.990
14.190
14.380
14.570
14.770
14.840
14.880
14.970
15.130
15.170
15.360
15.520
15.560
15.730
15.950
16.140
16.330
16.530
16.730
16.920
17.120
17.310
17.500
17.690
17.890
18.080
18.280
18.480
18.650
18.870
19.060
19.260
19.420
19.480
19.650
19.840
