0.420
0.500
0.750
1.060
1.360
1.660
1.960
2.270
2.570
2.870
3.170
3.470
3.780
4.080
4.380
4.680
4.990
5.290
5.600
5.780
5.880
6.200
6.490
6.780
7.110
7.400
7.700
7.970
8.010
8.080
8.180
8.300
8.620
8.910
9.210
9.350
9.390
9.510
9.630
9.820
10.120
10.450
10.730
11.020
11.340
11.650
11.940
12.250
12.390
12.550
12.870
13.170
13.470
13.780
14.090
14.380
14.680
14.980
15.300
15.620
15.880
15.920
16.190
16.490
16.790
17.100
17.400
17.720
18.030
18.310
18.620
18.930
19.060
19.220
19.520
19.650
19.820
19.870
20.140
20.290
20.440
20.740
