0.250
0.380
0.550
0.690
0.840
1.150
1.280
1.610
1.930
2.260
2.600
2.790
2.910
3.070
3.390
3.520
3.850
4.160
4.340
4.460
4.620
4.670
4.940
5.070
5.380
5.540
5.680
5.830
6.140
6.280
6.570
6.610
6.930
7.170
7.260
7.520
7.590
7.910
7.950
8.130
8.220
8.260
8.430
8.480
8.530
8.570
8.880
9.100
9.200
9.450
9.490
9.540
9.590
9.840
10.080
10.170
10.470
10.510
10.830
11.050
11.150
11.400
11.480
11.810
12.040
12.140
12.460
12.820
13.130
13.360
13.440
13.500
13.660
13.770
13.970
14.080
14.120
14.320
14.400
14.740
14.970
15.070
