0.100
0.230
0.330
0.460
0.560
0.690
0.790
0.910
1.010
1.140
1.250
1.370
1.470
1.600
1.700
1.830
1.930
2.060
2.160
2.290
2.390
2.520
2.620
2.750
2.840
2.970
3.080
3.200
3.300
3.430
3.540
3.660
3.760
3.890
3.990
4.120
4.220
4.350
4.450
4.580
4.680
4.810
4.910
5.040
5.130
5.270
5.370
5.490
5.590
5.720
5.820
5.950
6.050
6.180
6.280
6.410
6.510
6.640
6.740
6.870
6.970
7.100
7.200
7.330
7.420
7.550
7.660
7.780
7.880
8.010
8.120
8.240
8.340
8.470
8.570
8.700
8.800
8.930
9.030
9.160
9.260
9.390
9.490
9.620
9.710
9.850
9.950
10.070
10.170
10.300
10.400
10.530
10.630
10.760
10.860
10.990
11.090
11.220
11.320
11.450
11.550
11.680
11.780
