0.000
0.190
0.420
0.650
0.900
1.160
1.420
1.640
1.900
2.140
2.380
2.630
2.870
3.110
3.360
3.580
3.840
4.080
4.320
4.550
4.780
5.030
5.270
5.490
5.740
5.980
6.220
6.450
6.690
6.940
7.170
7.410
7.640
7.870
8.110
8.220
8.330
8.370
8.540
8.600
8.940
9.020
9.330
9.500
9.750
9.970
10.220
10.470
10.670
10.710
10.900
11.130
11.380
11.600
11.830
12.070
12.290
12.330
12.520
12.560
12.760
13.040
13.230
13.360
13.400
13.680
13.730
13.940
14.160
14.380
14.610
14.810
14.850
15.060
15.310
15.550
15.760
15.910
16.010
16.190
16.290
16.400
16.480
16.650
16.730
16.770
16.940
17.080
17.130
17.400
17.640
17.730
17.860
18.100
18.320
18.560
18.620
18.790
19.020
19.250
19.480
19.710
19.830
20.130
20.190
20.420
20.630
20.860
21.100
21.270
21.330
21.550
21.760
21.850
22.010
22.170
22.250
22.460
22.700
22.940
23.060
23.190
23.390
23.840
24.050
24.110
24.190
24.320
24.630
24.820
25.040
25.090
25.300
25.520
25.770
25.930
26.020
26.490
26.710
26.820
26.940
27.070
27.180
27.400
27.630
27.900
28.120
28.160
28.360
28.600
28.850
28.910
29.350
29.540
