0.000
0.070
0.250
0.460
0.860
0.900
1.020
1.250
1.450
2.070
2.240
2.440
2.620
2.850
3.090
3.210
3.260
3.440
3.630
4.050
4.200
4.460
4.630
4.830
5.000
5.210
5.410
5.600
5.790
6.000
6.180
6.380
6.780
7.170
7.210
7.370
7.520
7.570
7.760
7.810
7.980
8.150
8.350
8.730
8.900
8.940
9.350
9.530
9.700
9.900
10.120
10.290
10.670
10.880
11.040
11.270
11.430
11.470
11.680
11.850
12.000
12.420
12.500
12.590
12.640
13.010
13.390
13.560
13.610
13.830
13.970
14.170
14.360
14.580
14.830
14.950
15.140
15.350
15.730
15.770
15.930
16.360
16.530
16.760
16.920
17.010
17.150
17.310
17.740
18.100
18.310
18.540
18.720
18.910
19.090
19.140
19.380
19.710
19.890
20.110
20.480
20.690
20.930
21.100
21.280
21.330
21.490
21.680
22.090
22.300
22.480
22.850
22.930
23.070
23.290
23.480
23.680
23.860
24.060
24.260
24.430
24.470
24.840
25.050
25.220
25.460
25.630
26.020
26.060
26.180
26.430
26.660
26.780
26.830
27.170
27.530
27.580
27.740
28.160
28.340
28.420
28.520
28.710
29.130
29.290
29.470
29.510
29.710
