0.280
0.430
1.590
1.750
1.960
5.180
5.940
8.000
8.170
8.410
8.560
11.350
12.100
12.350
12.640
13.750
13.950
14.150
14.360
14.570
16.150
16.430
18.280
18.500
18.580
19.320
20.920
21.170
23.550
23.720
23.850
24.000
24.150
24.290
24.390
24.560
24.810
24.970
25.160
25.260
25.440
25.560
25.710
25.850
25.990
26.310
26.550
27.690
28.040
28.220
28.380
28.620
28.790
29.020
29.310
30.600
30.830
31.020
33.560
33.890
34.010
34.200
34.430
34.600
34.750
34.930
37.570
37.830
38.970
39.050
39.300
40.040
40.270
40.460
40.650
40.850
41.750
42.080
42.330
44.650
45.200
46.820
46.990
50.070
50.150
50.240
50.420
50.920
51.070
52.230
52.400
53.230
53.450
53.730
54.130
55.120
55.320
55.660
55.810
56.000
56.140
56.340
56.450
56.830
57.070
57.450
57.620
57.680
57.830
58.030
58.180
58.380
58.550
58.760
59.340
59.530
59.630
59.710
59.840
59.980
