0.170
0.390
0.600
0.800
1.220
1.450
1.620
1.850
2.060
2.260
2.470
2.890
3.130
3.340
3.550
3.760
3.970
4.180
4.620
4.840
5.010
5.230
5.670
5.880
6.290
6.520
6.700
6.920
7.130
7.360
7.560
7.770
7.990
8.160
8.260
8.390
8.870
9.090
9.280
9.510
9.720
9.920
10.010
10.090
10.330
10.750
10.910
10.980
11.410
11.540
11.810
12.260
12.440
12.660
13.060
13.180
13.270
13.400
13.700
13.910
13.970
14.110
14.330
14.720
14.950
15.010
15.140
15.560
15.780
15.980
16.400
16.620
16.840
17.020
17.240
17.450
17.660
18.070
18.360
18.480
18.890
19.090
19.290
19.700
19.930
20.120
20.200
20.310
20.510
20.740
20.950
21.160
21.380
21.680
21.800
23.220
23.460
23.540
23.580
24.030
24.250
24.510
24.650
25.090
