0.180
0.350
0.510
0.680
0.860
1.030
1.200
1.370
1.540
1.710
1.860
2.050
2.220
2.390
2.560
2.730
2.910
3.080
3.240
3.410
3.590
3.750
3.950
4.080
4.260
4.430
4.610
4.700
4.770
4.940
5.120
5.300
5.450
5.630
5.800
5.970
6.140
6.310
6.480
6.650
6.820
6.990
7.160
7.340
7.500
7.670
7.840
7.940
8.010
8.180
8.350
8.530
8.690
8.860
9.030
9.200
9.380
9.720
9.880
10.060
10.220
10.400
10.570
10.760
10.900
11.080
11.250
11.420
11.590
11.760
11.930
12.100
12.270
12.390
12.440
12.610
12.770
12.950
13.120
13.290
13.460
13.620
13.980
14.140
14.310
14.490
14.650
14.830
14.880
15.000
15.160
15.330
15.510
15.670
15.840
15.900
16.020
16.150
16.350
16.640
16.700
16.870
17.040
17.210
17.380
17.430
17.550
17.720
17.890
18.060
18.240
18.400
18.570
18.740
18.910
19.080
19.420
19.590
19.760
19.940
20.100
20.270
20.320
20.430
20.620
20.750
20.960
21.120
21.300
21.470
21.640
21.810
22.160
22.320
22.490
22.660
22.830
23.180
23.340
23.510
23.680
23.850
24.020
24.200
24.360
