0.340
0.470
1.380
1.750
2.110
2.410
2.750
3.120
3.460
4.170
4.500
4.890
5.040
5.210
5.580
5.910
6.240
6.590
6.950
7.280
7.610
7.940
8.270
8.620
8.990
9.140
9.300
9.700
10.030
10.370
10.700
11.380
11.720
12.080
12.460
12.810
12.980
13.180
13.520
13.850
14.170
14.490
15.110
15.460
15.800
16.160
16.570
17.030
17.210
17.410
17.770
18.100
18.450
19.090
19.360
19.450
19.790
20.130
20.480
20.840
21.140
21.310
21.630
21.980
22.290
22.610
22.940
23.260
23.610
24.270
24.960
25.530
25.620
26.270
26.600
27.250
27.560
27.910
28.210
28.570
28.870
29.160
29.510
29.600
30.090
30.450
30.760
31.090
31.400
31.720
