0.390
0.740
1.010
1.070
1.250
1.500
1.700
1.840
2.240
2.770
2.920
3.500
3.700
3.840
3.900
4.250
4.590
5.340
5.710
6.090
6.640
6.780
7.350
7.570
7.880
8.980
9.150
9.330
9.500
10.040
10.210
10.400
10.570
10.730
10.910
11.270
11.450
11.900
12.330
12.660
13.420
13.780
14.140
14.330
14.500
14.860
15.050
16.130
16.310
16.460
16.590
16.650
16.910
17.180
17.530
17.890
18.170
18.580
19.100
19.470
20.130
20.210
20.350
20.560
20.740
21.280
21.480
22.760
22.900
23.460
24.160
24.340
24.510
24.840
24.900
25.230
25.530
25.590
26.280
26.540
26.670
27.030
27.270
27.390
27.570
28.110
28.440
28.630
28.800
29.000
29.350
29.520
29.640
