2.880
7.110
7.360
7.730
7.860
7.990
8.100
8.230
8.350
8.480
8.600
8.720
8.840
8.970
9.080
9.350
9.470
9.580
9.710
9.840
9.960
10.070
10.330
10.450
10.570
10.690
10.820
10.940
11.060
11.180
11.310
11.440
11.550
11.690
11.810
11.930
12.050
12.180
12.300
12.430
12.550
12.670
12.800
12.920
13.040
13.130
13.380
13.500
13.620
13.740
13.870
14.000
14.110
14.240
14.360
14.480
14.610
14.730
14.860
14.980
15.100
15.230
15.330
15.480
15.600
15.710
15.840
15.960
16.080
16.210
16.330
16.460
16.580
16.700
16.830
16.940
17.070
17.190
17.300
17.450
17.580
17.690
17.810
17.940
18.060
18.190
18.300
18.420
18.560
18.690
18.800
18.920
19.050
19.170
19.270
19.420
19.540
19.660
19.780
19.910
20.030
20.150
20.270
20.400
20.520
20.650
20.770
20.890
21.020
21.140
21.250
21.390
21.510
21.630
21.750
21.890
22.000
22.130
22.250
22.380
22.500
22.620
22.700
22.740
22.870
22.990
23.110
23.230
23.360
23.480
23.600
23.730
23.850
23.970
24.100
24.210
24.350
24.460
24.590
24.720
24.830
24.960
25.080
25.190
25.330
25.450
25.580
25.700
25.830
26.070
26.190
26.310
26.440
26.580
26.690
26.810
26.940
27.160
27.300
27.420
27.550
27.670
27.800
27.920
28.040
28.160
28.290
28.410
28.550
28.660
28.780
28.910
29.150
29.280
29.400
29.520
29.640
29.770
29.890
30.020
30.140
30.260
30.380
30.510
30.630
30.750
30.880
31.000
31.110
31.250
31.370
31.500
31.620
31.750
31.870
31.990
32.110
32.260
32.350
32.500
32.600
32.730
32.850
32.970
33.080
33.220
33.360
33.460
33.590
33.710
33.840
33.960
34.080
34.200
34.330
34.460
34.580
34.700
34.830
34.950
35.190
35.340
35.440
35.560
35.690
35.810
35.930
36.050
36.180
36.300
36.510
36.550
36.670
36.800
36.910
37.040
37.160
37.300
37.410
37.530
37.650
37.780
37.900
38.020
38.150
38.270
38.400
38.520
38.640
38.770
38.890
39.010
39.140
39.260
39.380
39.500
39.630
39.750
39.880
40.000
40.140
40.240
40.380
40.490
40.630
40.740
40.860
40.980
41.110
41.230
41.350
41.480
41.600
41.720
41.850
41.970
42.090
42.220
42.340
42.430
42.470
42.590
42.710
42.830
42.940
43.080
43.200
43.330
43.450
43.580
43.690
43.820
43.940
44.070
44.180
44.330
44.440
44.560
44.680
44.800
44.930
45.050
45.190
45.290
45.420
45.540
45.660
45.790
45.910
46.030
46.160
46.280
46.410
46.530
46.660
46.780
46.900
47.030
47.160
47.270
47.390
47.520
47.640
47.770
47.880
48.130
48.270
48.380
48.610
48.670
48.900
49.180
49.640
49.810
49.900
50.040
50.270
50.370
50.500
50.590
50.870
51.150
51.620
51.860
52.010
52.240
52.340
52.470
52.610
52.830
53.080
53.120
53.330
53.740
53.820
53.980
54.090
54.210
54.310
54.450
54.560
54.810
55.050
55.300
55.560
55.790
55.960
56.060
56.180
56.280
56.420
56.550
56.770
57.040
57.260
57.300
57.400
57.550
57.680
57.760
57.910
58.040
58.140
58.250
58.390
58.520
58.740
58.990
59.030
59.370
59.520
59.730
59.890
60.010
60.220
60.860
61.210
61.340
61.460
61.620
61.700
61.860
61.980
62.090
62.190
62.330
62.460
62.690
62.970
63.180
63.320
63.440
63.670
63.840
63.950
64.430
64.660
64.940
65.150
65.290
65.410
65.570
65.650
65.800
65.920
66.030
66.130
66.270
66.380
66.630
66.770
66.900
67.120
67.260
67.380
67.620
67.770
67.890
68.000
68.110
68.150
68.360
68.600
68.870
69.090
69.230
69.360
69.510
69.590
69.750
69.860
69.970
70.080
70.220
70.330
70.570
70.710
70.820
70.860
71.330
71.560
71.840
71.940
72.050
72.190
72.550
72.700
73.040
73.180
73.290
73.460
73.530
73.690
73.810
73.920
74.020
74.160
74.270
74.520
74.660
74.790
75.010
75.150
75.270
75.670
75.890
75.990
76.250
76.490
76.740
76.980
77.120
77.230
77.470
77.640
77.730
77.870
77.970
78.100
78.220
78.460
78.710
78.950
79.090
79.200
79.450
79.700
79.830
79.940
80.070
80.190
80.430
80.570
80.680
80.920
81.060
81.170
81.420
81.570
81.670
81.800
81.910
82.040
82.160
82.400
82.650
83.030
83.150
83.390
83.550
83.640
83.770
83.880
84.130
84.370
84.630
84.870
85.120
85.360
85.610
85.750
85.990
86.100
86.370
86.600
86.840
87.090
87.330
87.490
87.590
87.960
88.080
88.320
88.570
88.810
89.060
89.470
89.560
89.700
89.800
90.050
90.290
90.540
91.040
