0.538
0.155
0.632
0.773
0.698
0.832
0.757
0.583
0.688
0.873
0.696
0.787
0.756
0.680
0.633
0.765
0.857
0.783
0.714
0.784
0.859
0.686
0.695
0.691
0.716
0.748
0.821
0.727
0.587
0.760
0.727
0.851
0.855
0.777
0.889
0.571
0.727
0.708
0.660
0.800
0.741
0.761
0.741
0.667
0.671
0.638
0.705
0.708
0.769
0.819
0.606
0.800
0.708
0.752
0.784
0.817
0.736
0.810
0.667
0.681
0.842
0.532
0.713
0.733
0.749
0.911
0.800
0.840
0.710
0.848
0.826
0.732
0.496
0.596
0.813
0.630
0.741
0.806
0.583
0.800
0.493
0.163
0.650
0.740
0.602
0.883
0.363
0.700
0.854
0.756
0.727
0.597
1.000
0.836
0.792
0.821
0.745
0.898
0.881
0.848
0.862
0.720
0.773
0.202
0.817
0.676
0.968
0.809
0.727
0.776
0.773
0.637
0.873
0.528
0.808
0.800
0.586
0.716
0.766
0.550
0.874
0.742
0.652
0.750
0.743
0.550
0.737
0.819
0.740
0.800
0.651
0.669
0.642
0.559
0.772
0.745
0.613
0.664
0.418
0.766
0.799
0.546
0.737
0.531
0.626
0.456
0.529
0.544
0.414
0.466
0.517
0.548
0.857
0.821
0.727
0.583
0.600
0.845
0.743
0.746
0.800
0.812
0.732
0.591
0.766
0.867
0.602
0.808
0.935
0.560
0.464
0.780
0.526
0.750
0.649
0.812
0.773
0.596
0.791
0.669
0.840
0.739
0.716
0.463
0.850
