0.170
0.330
0.600
0.680
0.910
1.170
1.260
1.360
1.480
1.690
1.790
1.840
2.040
2.090
2.270
2.420
3.130
3.220
3.640
3.690
3.890
4.050
4.260
4.600
4.720
4.770
4.920
4.970
5.170
5.310
5.400
5.920
6.640
7.480
7.750
7.800
8.010
8.060
8.200
8.270
8.320
8.850
9.390
10.310
10.360
10.470
10.780
10.840
11.160
11.260
11.500
12.450
13.100
13.260
13.420
14.000
14.050
14.410
14.770
14.950
15.310
15.530
15.580
16.040
16.090
16.200
16.310
17.110
21.910
25.600
26.180
28.790
28.910
29.220
29.450
29.570
29.750
29.800
29.850
29.930
29.980
30.190
30.240
30.380
30.500
30.650
30.760
31.010
31.190
31.430
31.480
31.800
31.960
32.940
33.230
33.530
33.880
33.970
34.240
34.400
34.900
35.060
35.590
35.910
36.060
36.210
36.260
36.540
36.710
36.880
37.090
37.390
38.480
38.530
38.860
39.020
39.170
39.240
39.380
39.650
39.810
39.970
40.320
40.490
40.670
41.740
41.920
42.100
42.270
42.430
42.610
42.800
42.950
43.100
43.290
43.340
43.510
43.730
43.930
44.000
44.070
44.370
44.580
44.750
44.890
45.070
45.150
45.240
45.340
45.440
45.550
45.620
45.810
46.130
46.320
46.510
47.420
47.600
47.950
48.310
