0.020
0.070
0.180
0.310
0.470
0.640
0.780
0.930
1.050
1.100
1.150
1.230
1.310
1.360
1.430
1.520
1.680
1.820
1.970
2.280
2.420
2.470
2.580
2.730
2.880
3.040
3.180
3.340
3.480
3.530
3.650
3.750
3.800
3.850
3.940
4.080
4.230
4.380
4.430
4.680
4.810
4.860
4.990
5.130
5.280
5.340
5.450
5.590
5.750
5.810
5.860
5.910
6.050
6.120
6.170
6.240
6.340
6.490
6.630
6.790
6.850
7.090
7.230
7.280
7.400
7.540
7.690
7.740
7.850
7.990
8.150
8.290
8.340
8.440
8.490
8.590
8.750
8.880
9.040
9.190
9.240
9.490
9.620
9.670
9.720
9.800
9.940
