0.150
0.540
0.920
1.280
1.650
2.030
2.780
3.530
3.910
4.280
4.670
4.850
5.030
5.400
5.780
6.160
6.530
6.900
7.280
7.670
8.030
8.420
8.780
9.150
9.200
9.350
9.530
9.910
10.280
10.660
11.040
11.430
11.790
12.160
12.530
12.910
13.280
13.470
13.670
14.040
14.410
14.780
15.160
15.540
15.930
16.090
16.280
16.660
17.020
17.410
17.560
17.780
18.540
18.920
19.280
19.650
20.040
20.400
20.790
21.170
21.530
21.900
22.290
22.490
22.660
23.410
23.790
24.160
24.910
25.300
25.660
26.040
26.410
26.790
27.180
27.540
27.920
28.290
28.680
29.040
29.430
29.790
30.150
30.530
30.910
31.290
31.660
32.040
32.410
32.780
33.160
33.540
33.900
