0.230
0.280
0.560
0.800
0.960
1.060
1.310
1.470
1.610
1.850
2.100
2.380
2.430
2.630
2.680
2.910
3.190
3.430
3.510
3.960
4.210
4.300
4.490
4.780
5.020
5.110
5.260
5.310
5.540
5.840
6.070
6.170
6.330
6.560
6.610
6.880
7.110
7.360
7.630
7.880
7.930
8.130
8.270
8.400
8.670
9.170
9.220
9.450
9.500
9.710
9.760
9.990
10.230
10.330
10.460
10.510
10.790
11.030
11.320
11.570
11.840
12.140
12.370
12.620
12.900
13.170
13.380
13.430
13.570
13.700
13.930
13.980
14.210
14.460
14.510
14.710
14.760
14.830
14.930
14.990
15.300
15.520
15.570
15.810
16.070
16.290
16.610
16.660
16.730
17.170
17.710
17.760
17.940
17.990
18.250
18.520
18.570
18.770
18.870
19.020
19.070
19.290
19.340
19.570
19.620
19.840
20.110
20.380
20.650
20.890
20.940
21.160
21.430
21.730
21.900
21.950
22.090
22.230
22.370
22.480
22.760
23.010
23.200
23.270
23.530
23.970
24.050
24.300
24.550
24.600
25.080
25.330
