0.240
0.530
0.580
0.810
0.860
1.110
1.160
1.420
1.580
1.690
2.000
2.510
2.880
2.930
3.360
3.440
3.740
3.790
4.050
4.320
4.370
4.650
5.100
5.240
5.290
5.380
5.510
5.790
6.070
6.380
7.020
7.270
7.320
7.600
7.860
7.910
8.160
8.210
8.600
8.740
9.040
9.090
9.610
9.920
9.970
10.770
10.820
10.870
11.050
11.100
11.160
11.370
11.680
11.730
12.250
12.300
12.520
12.570
12.800
13.080
13.400
13.680
13.980
14.270
14.560
14.610
14.750
14.800
14.860
15.120
15.170
15.720
16.010
16.060
16.310
16.360
16.540
16.610
16.890
16.940
17.500
17.650
17.790
18.100
18.330
18.510
18.630
18.680
18.940
19.200
19.250
19.520
19.570
19.800
20.120
20.420
20.730
21.000
21.310
21.610
21.860
21.910
22.190
22.730
22.780
23.030
23.090
23.310
23.380
23.620
23.670
23.940
24.480
24.570
24.680
24.810
25.200
25.380
25.430
25.670
25.720
25.970
26.250
26.540
26.590
27.430
27.710
28.290
28.350
28.620
28.870
28.920
29.200
29.250
29.770
