0.680
0.790
1.060
1.610
1.780
2.060
2.210
2.310
2.540
2.800
3.030
3.170
3.400
3.540
3.760
3.810
3.980
4.080
4.130
4.200
4.320
4.540
4.640
4.740
5.070
5.160
5.390
5.490
5.760
5.890
6.310
6.430
6.570
6.680
6.840
7.020
7.240
7.430
7.860
8.230
8.480
8.740
8.990
9.250
9.480
9.620
9.750
10.130
10.240
10.370
10.550
10.630
10.810
11.000
11.240
11.290
11.450
11.540
11.670
11.810
12.030
12.170
12.530
12.750
12.860
12.980
13.080
13.190
13.320
13.520
13.670
13.850
14.020
14.210
14.320
14.390
14.480
14.530
14.590
14.640
14.760
14.920
15.090
15.240
15.420
15.570
15.620
15.740
15.920
16.060
16.220
16.370
16.520
16.670
17.100
17.410
17.530
17.700
17.850
18.000
18.160
18.320
18.370
18.620
18.830
19.080
19.180
19.410
19.670
19.870
19.950
20.020
20.120
21.070
21.180
21.270
21.640
21.870
21.940
22.090
22.190
22.530
22.680
22.790
22.870
22.960
23.050
23.590
23.750
23.930
24.430
24.550
24.940
25.140
25.190
25.270
25.380
25.590
25.690
25.870
26.290
26.440
26.590
26.770
26.890
26.970
27.190
27.270
27.360
27.440
27.550
27.720
28.250
28.370
28.530
28.680
29.190
29.480
29.760
29.940
30.070
30.270
30.400
30.940
31.200
31.300
31.440
31.690
31.960
32.380
32.490
32.540
32.790
32.890
32.990
33.140
33.370
33.550
33.600
33.700
34.070
34.190
34.390
34.460
34.610
35.050
35.160
35.290
35.430
35.620
35.810
36.090
36.330
36.470
36.760
36.890
37.040
37.180
37.250
41.750
42.450
42.790
43.110
43.480
49.150
49.370
49.590
49.710
49.890
49.990
50.120
50.190
50.240
50.320
