0.170
1.590
2.510
2.870
3.070
3.280
3.390
4.020
4.560
4.700
5.080
5.130
5.760
5.930
6.300
6.350
6.740
7.090
7.350
7.450
7.500
7.590
7.710
7.850
7.950
8.000
8.080
8.210
8.340
8.450
8.590
8.700
8.820
8.950
9.060
9.170
9.560
9.690
9.820
9.930
10.060
10.170
10.220
10.310
10.560
10.680
10.800
10.910
11.040
11.170
11.290
11.430
11.540
11.680
11.800
11.910
12.040
12.150
12.290
12.420
12.530
12.660
12.780
12.890
13.120
13.340
13.480
13.590
13.720
13.830
13.880
13.970
14.090
14.220
14.330
14.460
14.590
14.720
14.830
14.960
15.080
15.200
15.310
15.440
15.560
15.610
15.690
15.810
15.940
16.060
16.200
16.310
16.440
16.560
16.690
16.800
16.930
17.050
17.170
17.280
17.420
17.530
17.670
17.780
17.910
18.030
18.160
18.270
18.410
18.530
18.660
18.770
18.910
19.030
19.150
19.250
19.300
19.390
19.510
19.640
19.750
19.880
20.000
20.140
20.250
20.380
20.500
20.640
20.750
20.880
21.000
21.120
21.230
21.360
21.480
21.610
21.730
21.860
21.980
22.110
22.220
22.350
22.480
22.600
22.690
22.740
22.790
22.850
22.980
23.090
23.200
23.330
23.450
23.580
23.700
23.830
23.950
24.080
24.190
24.320
24.450
24.570
24.690
24.820
24.940
25.080
25.170
25.310
25.420
25.560
25.670
25.800
25.920
26.060
26.160
26.300
26.420
26.550
26.660
26.800
26.920
27.030
27.140
27.280
27.400
27.530
27.640
27.770
27.890
28.030
28.140
28.270
28.390
28.520
28.640
28.770
28.890
29.010
29.120
29.260
29.370
29.510
29.620
29.750
29.870
30.000
30.110
30.240
30.370
30.490
30.610
30.740
30.860
30.980
31.080
31.230
31.350
31.490
31.590
31.730
31.850
31.970
32.080
32.220
32.270
32.340
32.470
32.580
32.710
32.790
32.840
32.950
33.060
33.200
33.320
33.370
33.450
33.550
33.600
33.700
33.810
33.890
33.950
34.060
34.190
34.310
34.430
34.560
34.680
34.770
34.820
34.910
35.040
35.180
35.290
35.340
35.420
35.530
35.680
35.790
35.860
35.920
36.030
36.160
36.280
36.410
36.460
36.510
36.560
36.660
36.780
36.900
37.010
37.140
37.260
37.390
37.500
37.640
37.710
37.760
37.870
38.000
38.130
38.250
38.380
38.500
38.630
38.750
38.870
38.980
39.110
39.240
39.290
39.370
39.480
39.610
39.730
39.850
39.970
40.110
40.220
40.370
40.470
40.600
40.730
40.850
40.950
41.090
41.210
41.330
41.450
41.570
41.700
41.830
41.940
42.070
42.200
42.330
42.410
42.460
42.570
42.690
42.810
42.920
43.060
43.180
43.310
43.420
43.540
43.670
43.800
43.910
44.040
44.170
44.300
44.410
44.550
44.660
44.780
44.900
45.010
45.060
45.160
45.280
45.390
45.520
45.640
45.780
45.890
46.020
46.140
46.270
46.390
46.520
46.640
46.760
46.870
46.990
47.040
47.120
47.260
47.330
47.380
47.500
47.600
47.750
47.860
47.930
48.000
48.120
48.250
48.360
48.590
48.650
48.890
49.140
49.190
49.320
49.620
49.670
49.790
49.880
50.010
50.250
50.360
50.480
50.600
50.860
51.110
51.160
51.390
51.600
51.650
51.850
51.980
52.220
52.330
52.460
52.590
52.820
52.870
53.070
53.120
53.310
53.560
53.610
53.720
53.810
53.860
53.960
54.080
54.190
54.300
54.430
54.550
54.790
54.840
55.040
55.090
55.290
55.340
55.540
55.780
55.920
55.970
56.060
56.160
56.270
56.400
56.520
56.640
56.750
56.880
57.000
57.050
57.250
57.380
57.500
57.670
57.750
57.880
57.930
57.990
58.120
58.240
58.370
58.490
58.610
58.730
58.860
58.980
59.030
59.220
59.270
59.350
59.470
59.720
59.860
59.980
60.100
60.210
60.360
60.460
60.700
60.830
60.950
61.000
61.190
61.320
61.440
61.610
61.690
61.830
61.960
62.070
62.180
62.310
62.430
62.560
62.670
62.810
62.920
62.970
63.170
63.290
63.420
63.660
63.800
63.850
63.930
64.040
64.150
64.290
64.400
64.640
64.780
64.890
64.940
65.140
65.260
65.390
65.550
65.630
65.770
65.900
66.010
66.120
66.250
66.370
66.500
66.610
66.750
66.860
66.910
67.110
67.240
67.360
67.610
67.740
67.790
67.870
67.980
68.090
68.220
68.340
68.590
68.740
68.840
69.080
69.210
69.330
69.490
69.570
69.720
69.840
69.950
70.070
70.190
70.310
70.440
70.560
70.690
70.810
70.860
71.050
71.180
71.300
71.550
71.690
71.810
71.920
72.040
72.170
72.290
72.420
72.530
72.650
72.700
72.790
72.840
73.020
73.070
73.150
73.280
73.440
73.520
73.660
73.790
73.900
74.010
74.140
74.260
74.390
74.500
74.630
74.750
74.800
75.000
75.120
75.250
75.490
75.630
75.680
75.750
75.870
75.980
76.120
76.230
76.470
76.600
76.720
76.770
76.970
77.100
77.210
77.370
77.460
77.600
77.650
77.710
77.840
77.960
78.080
78.200
78.330
78.440
78.580
78.690
78.940
79.070
79.190
79.430
79.570
79.620
79.680
79.810
79.930
80.060
80.180
80.420
80.550
80.660
80.910
81.040
81.160
81.210
81.410
81.540
81.590
81.660
81.780
81.900
82.020
82.150
82.280
82.390
82.520
82.640
82.880
83.010
83.130
83.380
83.520
83.630
83.760
83.870
84.020
84.120
84.350
84.490
84.610
84.850
84.980
85.100
85.150
85.350
85.480
85.530
85.600
85.730
85.840
85.970
86.090
86.220
86.330
86.460
86.580
86.830
86.950
87.070
87.120
87.320
87.460
87.570
87.680
87.730
87.820
87.950
88.060
88.310
88.440
88.550
88.800
88.930
89.050
89.290
89.430
89.540
89.670
89.780
89.920
90.030
90.280
90.530
90.770
91.020
91.270
