0.010
0.620
0.720
0.965
1.090
1.190
1.420
1.610
1.880
2.105
2.505
2.715
2.840
2.985
3.095
3.205
4.340
4.795
4.895
5.005
5.255
5.365
5.805
5.900
6.340
6.805
6.905
6.980
7.245
7.360
8.570
9.000
9.060
9.220
9.435
9.595
9.995
10.195
10.550
10.785
10.925
11.150
11.250
11.400
11.510
11.615
11.920
12.010
12.100
12.375
12.495
12.585
12.880
12.915
12.995
13.090
13.225
13.325
13.470
13.855
13.970
14.060
14.190
14.460
14.860
15.115
15.370
15.540
17.095
17.165
17.230
17.425
17.575
17.745
17.895
18.045
18.270
18.340
18.510
18.665
18.820
18.975
19.110
19.300
19.365
19.420
19.600
19.735
19.875
20.050
20.190
20.390
21.560
21.640
21.705
21.900
22.025
22.070
22.180
22.345
22.505
22.700
22.950
23.075
23.235
23.375
23.510
23.710
23.760
23.830
24.000
24.160
24.295
24.465
24.605
24.805
25.950
26.005
26.085
26.265
26.405
26.570
26.695
26.845
27.030
27.335
27.485
27.615
27.750
27.890
28.080
28.140
28.370
28.515
28.655
28.800
28.940
29.125
29.265
29.425
29.580
29.695
29.825
29.960
30.200
30.295
30.450
30.605
30.720
30.860
30.990
31.170
31.245
31.310
31.465
31.600
31.745
31.890
32.025
32.200
32.325
32.505
32.660
32.830
33.000
33.175
33.445
33.680
33.775
