0.010
0.110
0.190
0.335
0.550
0.850
0.985
1.085
1.215
1.310
1.530
1.665
1.920
2.035
2.160
2.250
2.375
2.470
2.585
2.695
2.815
2.920
3.035
3.150
3.270
3.380
3.510
3.620
3.755
3.985
4.080
4.205
4.430
4.525
4.780
4.900
5.005
5.130
5.240
5.370
5.470
5.585
5.695
5.820
5.930
6.065
6.185
6.230
6.355
6.450
6.580
6.860
6.895
7.125
7.520
7.840
7.885
8.085
8.120
8.350
8.590
8.655
8.820
9.055
9.320
9.550
9.660
9.870
10.225
10.475
10.725
10.840
10.965
11.060
11.185
11.295
11.410
11.515
11.630
11.740
11.860
11.975
12.085
12.195
12.420
12.545
12.655
12.790
