0.691
0.077
0.827
0.787
0.833
0.862
0.921
0.909
0.930
0.967
0.867
0.779
0.955
0.855
0.920
0.911
0.957
0.917
0.871
0.926
0.973
0.870
0.792
0.930
0.950
0.812
0.946
0.829
0.875
0.958
0.963
1.000
0.971
0.880
1.000
0.911
0.987
0.867
0.923
0.785
0.953
0.833
0.951
0.795
0.879
0.933
0.893
0.696
0.949
0.918
0.806
0.877
0.728
0.889
0.932
0.860
0.857
0.986
0.900
0.876
0.940
0.789
0.955
0.915
0.890
0.979
0.889
0.973
0.894
1.000
0.926
0.969
0.217
0.456
0.871
0.971
0.847
0.759
0.718
0.884
0.743
0.882
0.682
0.932
0.930
0.969
0.159
0.804
0.966
0.870
0.891
0.839
1.000
0.800
0.963
0.875
0.905
0.935
0.898
0.910
0.903
0.899
0.938
1.000
0.915
0.822
1.000
0.891
0.679
0.902
0.841
0.831
0.833
0.628
0.867
1.000
0.817
0.891
0.835
0.836
0.884
0.694
0.552
0.835
0.892
0.747
0.953
0.915
0.971
0.864
0.905
0.919
0.906
0.925
0.926
0.871
0.878
0.918
0.685
0.953
0.922
0.887
0.618
0.429
0.681
0.430
0.415
0.630
0.821
0.775
0.762
0.688
0.926
0.938
0.884
0.855
0.857
0.861
0.886
0.964
0.870
0.911
0.884
0.714
0.960
0.935
0.917
0.983
0.964
0.705
0.829
0.900
0.767
0.875
0.828
0.918
0.975
0.785
0.843
0.866
0.971
0.863
0.712
0.788
0.909
