0.010
0.125
0.480
0.665
0.840
1.020
1.200
1.385
1.570
1.745
1.925
2.105
2.285
2.470
2.650
2.830
3.015
3.370
3.555
3.730
3.910
4.090
4.275
4.460
4.640
4.815
4.995
5.180
5.360
5.540
5.720
5.905
6.115
6.265
6.445
6.620
6.805
6.980
7.165
7.345
7.530
7.710
7.890
8.055
8.255
8.430
8.470
8.615
8.795
8.970
9.155
9.340
9.700
9.880
10.060
10.240
10.420
10.780
10.965
11.145
11.330
11.505
11.690
12.050
12.230
12.590
12.770
12.950
13.135
13.315
13.495
13.670
13.860
14.035
14.310
14.395
14.585
14.775
14.940
15.125
15.480
15.660
15.845
16.025
16.205
16.390
16.565
16.745
16.930
17.110
17.290
17.475
17.835
18.015
18.195
18.370
18.550
18.735
18.915
19.095
19.275
19.460
19.635
19.820
20.180
20.360
20.525
20.720
20.905
21.265
21.445
21.625
21.805
21.985
22.165
22.350
22.530
22.710
23.070
23.255
23.615
23.795
23.975
24.155
24.335
24.515
24.700
24.880
25.055
25.240
25.425
25.600
25.780
25.965
26.150
26.375
26.505
26.690
26.865
27.045
27.225
27.405
27.595
27.770
27.955
28.130
28.315
28.495
28.670
28.855
29.040
29.400
29.580
29.755
29.935
