0.195
0.305
1.835
1.990
2.035
2.130
2.175
2.270
2.315
2.360
3.665
3.795
3.925
5.050
5.515
6.060
6.575
7.120
7.620
8.145
8.580
8.710
8.840
8.970
9.100
9.230
9.360
9.490
9.620
9.750
9.895
10.025
10.140
10.275
10.415
10.550
10.660
10.790
10.920
11.050
11.185
11.315
11.440
11.570
11.705
11.835
11.965
12.095
12.225
12.355
12.500
12.630
12.745
12.875
13.005
13.135
13.265
13.395
13.525
13.655
13.785
13.915
14.060
14.190
14.310
14.440
14.585
14.715
14.830
14.960
15.090
15.220
15.350
15.480
15.610
15.740
15.870
16.000
16.130
16.260
16.390
16.520
16.665
16.795
16.910
17.045
17.170
17.300
17.430
17.565
17.695
17.825
17.950
18.085
18.210
18.360
18.470
18.610
18.755
18.880
18.995
19.125
19.255
19.385
19.515
19.650
19.775
19.905
20.035
20.170
20.295
20.430
20.555
20.695
20.835
20.965
21.075
21.210
21.340
21.470
21.595
21.735
21.860
21.990
22.120
22.250
22.380
22.530
22.640
22.775
22.920
23.050
23.160
23.295
23.420
23.550
23.680
23.815
23.945
24.075
24.200
24.335
24.460
24.595
24.720
24.860
25.005
25.130
25.240
25.375
25.505
25.635
25.765
25.900
26.025
26.155
26.285
26.415
26.545
26.695
26.805
26.940
27.085
27.215
27.325
27.460
27.590
27.720
27.845
27.980
28.110
28.240
28.365
28.500
28.625
28.760
28.890
29.025
29.170
29.295
