0.010
0.205
0.420
1.025
1.240
1.320
1.420
1.480
1.860
1.895
1.960
2.270
2.460
2.680
2.750
2.925
2.980
3.080
3.135
3.270
3.505
3.705
3.980
4.160
4.320
4.425
4.520
4.700
4.775
4.890
4.940
5.040
5.145
5.245
5.455
5.555
5.755
5.915
6.015
6.170
6.245
6.370
6.555
6.785
6.965
7.135
7.200
7.620
7.810
8.015
8.085
8.160
8.230
8.305
8.360
8.405
8.475
8.710
8.770
8.840
9.040
9.220
9.255
9.400
9.460
9.575
10.070
10.250
10.480
10.685
11.095
11.305
11.400
11.450
11.520
11.595
11.670
11.765
11.920
12.025
12.095
12.330
12.740
12.825
12.925
13.130
13.360
13.580
13.985
14.180
14.385
14.570
14.645
14.740
14.810
14.910
15.030
15.110
15.425
15.620
15.800
15.850
16.005
16.080
16.155
16.245
16.440
16.655
16.875
17.010
17.075
17.165
17.320
17.470
17.585
17.675
17.770
17.865
17.955
18.050
18.200
18.315
18.570
18.705
18.905
19.090
19.270
19.370
19.420
19.525
19.585
19.940
20.160
20.270
20.320
20.550
20.640
20.785
20.855
20.965
21.145
21.215
21.380
21.485
21.630
21.850
21.910
21.995
22.195
22.355
22.415
22.615
22.690
23.235
23.410
23.855
23.920
24.040
24.250
24.460
24.605
24.695
