0.010
0.045
0.200
0.530
0.855
1.030
1.150
1.470
1.760
1.955
2.085
2.370
2.580
2.675
2.875
2.965
3.300
3.505
3.565
3.885
4.175
4.485
4.710
4.785
4.980
5.055
5.375
5.705
5.875
5.975
6.185
6.250
6.285
6.440
6.565
6.745
6.865
6.910
7.020
7.065
7.150
7.350
7.455
7.655
7.730
7.965
8.045
8.325
8.555
8.625
8.845
8.915
9.140
9.225
9.510
9.780
10.100
10.335
10.425
10.595
10.690
10.945
11.010
11.195
11.280
11.600
11.870
12.070
12.170
12.400
12.460
12.770
12.970
13.060
13.295
13.385
13.650
13.875
13.955
14.160
14.245
14.425
14.515
14.815
15.030
15.130
15.410
15.590
15.645
15.705
15.880
15.990
16.220
16.305
16.460
16.500
16.570
16.720
16.870
17.020
17.075
17.140
17.380
17.455
17.710
17.935
18.020
18.295
18.530
18.605
18.830
18.895
19.070
