0.075
0.315
0.565
0.780
1.015
1.245
1.490
1.725
1.965
2.205
2.435
2.665
2.895
3.130
3.370
3.605
3.845
4.070
4.305
4.530
4.765
5.005
5.245
5.475
5.710
5.955
6.175
6.405
6.640
6.870
7.105
7.345
7.455
7.565
7.680
7.800
8.045
8.265
8.500
8.735
8.970
9.195
9.420
9.670
9.900
10.130
10.600
10.835
11.060
11.285
11.530
11.770
11.985
12.220
12.475
12.685
12.905
13.135
13.610
13.835
14.080
14.310
14.540
14.760
15.000
15.355
15.465
15.690
15.920
16.145
16.185
16.390
16.620
16.845
17.090
17.315
17.535
17.770
18.005
18.230
18.465
18.695
19.090
19.170
19.390
19.625
19.860
20.090
20.315
20.550
20.790
21.015
21.240
21.470
21.700
21.935
22.170
22.400
22.625
22.765
22.870
23.105
23.335
23.565
23.800
24.025
24.260
24.305
24.480
24.645
24.735
24.955
25.190
25.415
25.650
25.870
26.105
26.325
26.580
26.805
27.035
27.075
27.260
27.495
27.730
27.920
27.955
28.065
28.230
28.430
28.645
28.875
29.105
29.335
29.560
29.795
