0.010
0.075
0.290
0.515
0.550
0.960
1.175
1.250
1.390
1.595
1.665
1.800
2.225
2.265
2.645
2.870
3.090
3.155
3.280
3.500
3.725
3.955
4.290
4.355
4.580
4.650
4.800
4.840
5.015
5.215
5.490
5.650
5.910
6.070
6.235
6.510
6.855
6.940
7.165
7.315
7.370
7.580
7.680
7.780
8.005
8.220
8.635
9.065
9.490
9.700
9.935
10.140
10.360
10.595
10.800
10.865
10.910
11.210
11.430
11.565
11.650
12.085
12.305
12.520
12.575
12.870
12.930
13.155
13.375
13.580
13.805
14.000
14.215
14.655
15.095
15.190
15.505
15.735
15.945
16.080
16.360
16.605
16.800
17.005
17.225
17.415
17.670
18.075
18.300
18.520
18.690
18.945
19.375
19.725
19.795
20.005
20.040
20.220
20.545
20.640
20.860
21.085
21.370
21.495
21.940
22.135
22.350
22.580
22.685
22.790
23.115
23.220
23.435
23.545
23.585
23.865
23.950
24.085
24.295
24.345
24.530
24.615
24.950
25.370
25.590
25.800
26.030
26.135
26.240
26.475
26.570
26.665
26.865
27.090
27.430
27.520
27.750
27.955
28.005
28.370
28.520
28.700
28.805
29.230
29.560
29.650
