0.010
0.315
0.640
0.815
0.850
0.985
1.080
1.145
1.320
1.490
1.645
1.815
1.985
2.155
2.310
2.495
2.660
2.825
2.980
3.150
3.310
3.485
3.650
3.825
3.975
4.145
4.460
4.770
4.810
4.885
5.105
5.300
5.475
5.775
6.100
6.310
6.385
6.470
6.630
6.810
7.110
7.415
7.570
7.685
7.785
7.965
8.135
8.465
8.775
8.960
9.115
9.310
9.475
9.640
9.810
9.975
10.140
10.310
10.470
10.640
10.805
10.975
11.150
11.315
11.475
11.635
11.810
11.970
12.135
12.305
12.470
12.635
12.805
12.970
13.140
13.310
13.390
13.475
13.640
13.800
13.970
14.140
14.310
14.470
14.630
14.800
15.110
15.440
15.600
15.795
15.830
15.960
16.135
16.460
16.820
17.000
17.200
17.300
17.465
17.805
18.160
18.330
18.515
18.625
18.795
19.145
19.485
19.650
19.730
19.790
19.960
20.130
20.305
20.475
20.635
20.805
20.975
21.130
21.295
21.465
21.630
21.800
21.970
22.140
22.300
22.465
22.625
22.800
22.965
23.130
23.310
23.465
23.635
23.795
23.970
24.135
24.305
24.465
24.635
24.800
24.965
25.130
25.295
25.475
25.635
25.805
25.960
26.135
26.295
26.460
26.635
26.675
26.795
26.960
27.130
27.300
27.465
27.625
27.800
27.960
28.115
28.295
28.465
28.620
28.795
28.965
29.135
29.295
29.465
29.620
29.790
