0.010
0.250
0.360
0.470
0.715
0.825
0.940
1.060
1.165
1.395
1.635
1.745
1.855
2.090
2.205
2.315
2.555
2.675
2.760
3.015
3.235
3.480
3.595
3.705
3.935
4.160
4.400
4.520
4.630
4.750
4.855
5.085
5.320
5.435
5.550
6.005
6.260
6.475
6.735
6.940
7.185
7.375
7.410
8.290
9.225
9.410
9.695
9.880
10.095
10.455
10.610
10.860
11.090
11.445
12.085
12.520
13.085
13.170
13.245
13.280
13.380
13.445
13.510
13.655
14.110
14.230
14.370
14.445
14.655
14.700
14.810
15.155
15.235
15.475
15.725
16.075
16.495
16.825
17.010
17.105
17.290
17.415
17.535
17.780
17.845
17.965
18.200
18.240
18.480
18.935
19.170
19.215
19.445
19.625
19.735
19.840
20.060
20.205
20.335
20.635
20.775
21.010
21.230
21.505
21.705
21.825
21.945
22.020
22.165
22.400
22.620
22.865
22.980
23.095
23.320
23.545
23.790
23.905
24.005
24.165
24.245
24.365
24.465
24.715
24.825
24.920
25.055
25.165
25.390
25.640
25.750
25.860
26.090
26.315
26.560
26.675
26.785
27.010
27.240
27.485
27.700
27.935
28.155
28.405
28.520
28.630
28.750
28.860
29.080
29.335
29.440
29.550
29.785
