2.050
4.060
4.590
4.820
4.980
7.945
8.025
8.120
8.220
8.395
8.650
8.885
8.990
9.085
9.260
9.350
9.435
9.515
9.615
9.745
9.815
9.960
10.030
10.095
10.230
10.295
10.355
10.415
10.540
10.600
10.775
10.830
10.960
11.050
11.225
11.745
11.840
11.895
12.015
12.105
12.195
12.280
12.525
12.795
13.420
13.600
13.830
13.940
15.000
15.095
15.300
15.380
15.460
15.545
16.405
16.550
16.690
16.940
17.050
17.340
17.425
17.650
18.180
18.635
18.900
19.420
19.590
19.770
19.955
20.190
20.365
20.485
20.620
20.700
21.385
21.740
21.985
22.205
22.350
22.420
22.490
22.680
22.995
23.170
23.615
23.730
24.120
24.295
25.285
26.345
26.700
26.915
27.080
27.270
27.355
27.515
27.600
27.660
27.835
28.080
29.805
29.875
30.220
30.400
30.700
30.845
31.315
31.585
31.680
31.840
31.930
32.125
32.185
32.665
32.755
33.845
34.105
34.575
34.680
35.575
35.955
36.245
36.515
36.740
36.950
37.495
37.810
38.385
38.545
38.605
38.855
38.925
39.010
39.700
39.770
39.845
39.925
40.115
40.375
40.870
40.945
41.035
41.145
41.230
41.315
41.395
41.480
41.560
41.645
41.725
41.810
41.890
41.975
42.060
42.140
42.225
42.310
42.390
42.475
42.560
42.645
42.820
42.995
43.275
43.480
43.665
43.825
44.390
44.475
44.560
44.890
44.975
45.060
45.140
45.520
45.605
45.865
46.160
46.495
46.975
47.300
47.360
47.455
47.975
48.705
48.810
49.340
49.985
50.070
50.230
50.330
50.400
50.545
50.605
50.670
50.985
51.045
51.170
51.235
51.300
51.420
51.485
51.545
51.610
51.735
51.975
52.225
52.440
52.660
52.950
53.095
53.245
53.360
53.405
53.450
53.545
53.630
53.725
53.810
53.995
54.090
54.265
54.480
54.570
54.645
55.365
55.460
55.575
55.810
55.945
56.320
56.570
57.135
57.295
57.380
57.555
57.635
57.715
57.845
58.055
58.140
58.215
58.300
58.405
58.470
58.555
58.635
58.720
58.800
58.945
59.215
59.285
59.380
59.465
59.550
59.755
59.935
60.030
60.110
60.190
60.275
60.360
60.440
60.615
60.710
61.050
61.120
61.195
61.270
61.405
61.470
61.610
61.770
61.910
61.990
62.040
62.105
62.170
62.260
62.345
62.405
62.515
62.615
62.710
62.760
62.925
62.995
63.085
63.180
63.265
63.360
63.455
63.525
63.585
63.710
63.775
63.840
63.935
64.055
64.170
64.250
64.310
64.485
64.570
64.690
64.755
64.885
65.075
65.195
65.265
65.370
65.450
65.540
65.630
65.805
65.970
66.675
66.925
67.010
67.060
67.265
67.325
67.785
68.180
68.505
68.590
69.175
69.410
69.450
69.590
70.000
70.050
70.085
70.505
70.740
70.805
70.930
71.110
71.200
71.600
71.790
72.065
72.590
73.275
73.350
73.575
74.250
74.490
74.585
74.675
74.840
74.920
75.525
76.055
