0.010
0.160
0.415
0.670
0.920
1.425
1.580
1.685
1.935
2.200
2.440
2.700
2.950
3.350
3.460
3.715
3.965
4.225
4.475
4.730
4.985
5.495
5.650
5.755
6.000
6.265
6.510
6.765
7.020
7.415
7.525
7.780
8.035
8.295
8.550
8.805
9.055
9.560
9.715
9.820
10.070
10.335
10.575
10.835
11.085
11.485
11.595
11.850
12.100
12.360
12.610
12.870
13.120
13.630
13.780
13.890
14.135
14.395
14.555
14.645
14.900
15.150
15.310
15.565
15.665
15.820
15.915
16.075
16.170
16.425
16.690
16.935
17.190
17.450
17.700
17.830
17.955
18.210
18.465
18.590
18.720
18.970
19.225
19.385
19.475
19.635
19.735
19.860
19.985
20.240
20.500
20.755
21.000
21.260
21.515
21.770
21.900
22.020
22.275
22.530
22.660
22.790
23.035
23.295
23.455
23.545
23.705
23.800
23.960
24.055
24.310
24.565
24.825
25.070
25.325
25.585
25.835
25.965
26.090
26.345
26.600
26.725
26.855
27.105
27.360
27.520
27.615
27.775
27.870
28.030
28.120
28.275
28.385
28.635
28.890
29.140
29.395
29.650
29.905
30.035
30.155
30.410
30.665
30.825
30.920
31.170
31.430
31.590
31.680
31.845
31.935
32.100
32.195
32.350
32.445
32.705
32.960
33.205
33.460
33.715
33.970
34.140
34.220
34.480
34.730
34.990
35.240
35.495
35.655
35.750
35.905
36.005
36.255
36.510
36.770
37.025
37.275
37.535
37.785
38.040
38.170
38.290
38.550
38.800
39.055
39.310
39.565
39.725
39.820
39.980
40.075
40.325
40.495
40.580
40.840
41.095
41.340
41.595
41.850
42.105
42.355
42.615
42.865
43.125
43.375
43.630
43.790
43.885
44.040
44.140
44.300
44.390
44.650
44.900
45.160
45.410
45.665
45.915
46.175
46.340
46.425
46.680
46.935
47.190
47.445
47.710
47.955
48.210
48.365
48.460
48.725
48.970
49.225
49.475
49.735
49.985
50.105
50.240
50.410
50.495
50.750
51.000
51.260
51.510
51.765
51.925
52.020
52.175
52.275
52.525
52.780
53.035
53.190
53.290
53.540
53.800
54.050
54.310
54.560
54.820
55.070
55.325
55.435
55.575
55.730
55.840
55.995
56.090
56.250
56.345
56.500
56.595
