0.818
0.769
0.533
0.700
0.646
0.800
0.619
0.764
0.791
0.733
0.640
0.701
0.750
0.581
0.560
0.722
0.787
0.714
0.671
0.721
0.781
0.796
0.547
0.754
0.800
0.659
0.911
0.763
0.670
0.681
0.707
0.893
0.838
0.639
0.726
0.709
0.813
0.613
0.785
0.646
0.719
0.727
0.605
0.682
0.681
0.667
0.625
0.620
0.667
0.849
0.667
0.644
0.580
0.694
0.743
0.620
0.597
0.887
0.667
0.730
0.869
0.648
0.697
0.831
0.805
0.916
0.824
0.788
0.708
0.938
0.864
0.928
0.575
0.386
0.714
0.865
0.684
0.657
0.553
0.767
0.485
0.765
0.591
0.689
0.825
0.867
0.524
0.676
0.959
0.704
0.818
0.571
0.860
0.600
0.704
0.719
0.716
0.698
0.784
0.743
0.785
0.697
0.896
0.643
0.817
0.756
0.933
0.527
0.536
0.725
0.795
0.652
0.767
0.474
0.667
1.000
0.482
0.775
0.630
0.836
0.763
0.528
0.552
0.707
0.761
0.833
0.764
0.810
0.652
0.740
0.473
0.837
0.667
0.707
0.684
0.730
0.797
0.705
0.575
0.712
0.766
0.762
0.577
0.130
0.484
0.440
0.326
0.417
0.964
0.675
0.476
0.562
0.796
0.723
0.581
0.565
0.643
0.639
0.671
0.821
0.675
0.768
0.667
0.592
0.680
0.761
0.896
0.678
0.873
0.614
0.571
0.750
0.372
0.672
0.621
0.849
0.696
0.677
0.627
0.678
0.779
0.575
0.596
0.455
0.886
