0.873
1.000
0.560
0.713
0.646
0.800
0.619
0.818
0.791
0.733
0.667
0.740
0.773
0.645
0.640
0.722
0.787
0.726
0.671
0.735
0.781
0.833
0.547
0.754
0.800
0.659
0.911
0.763
0.670
0.708
0.720
0.911
0.838
0.651
0.750
0.709
0.813
0.667
0.831
0.646
0.719
0.742
0.642
0.705
0.703
0.680
0.625
0.646
0.679
0.849
0.681
0.671
0.580
0.708
0.757
0.640
0.597
0.901
0.683
0.764
0.869
0.648
0.712
0.873
0.831
0.916
0.838
0.804
0.708
0.951
0.886
0.938
0.698
0.404
0.729
0.962
0.684
0.657
0.592
0.767
0.515
0.882
0.591
0.703
0.825
0.867
0.651
0.676
0.959
0.704
0.818
0.625
0.860
0.600
0.778
0.781
0.716
0.698
0.784
0.743
0.796
0.706
0.979
0.714
0.845
0.756
0.933
0.527
0.536
0.725
0.795
0.685
0.767
0.474
0.667
1.000
0.494
0.837
0.640
0.836
0.763
0.528
0.552
0.707
0.761
0.920
0.801
0.820
0.657
0.753
0.500
0.852
0.690
0.717
0.688
0.736
0.829
0.721
0.836
0.712
0.781
0.788
0.606
0.133
0.499
0.473
0.328
0.438
1.000
0.800
0.524
0.562
0.796
0.723
0.605
0.597
0.643
0.639
0.671
0.821
0.688
0.768
0.667
0.755
0.680
0.761
0.958
0.678
0.873
0.659
0.714
0.750
0.419
0.688
0.724
0.849
0.709
0.723
0.629
0.686
0.782
0.575
0.596
0.515
0.886
