0.010
0.170
0.400
0.640
0.895
1.150
1.420
1.635
1.895
2.130
2.370
2.620
2.865
3.100
3.360
3.570
3.835
4.065
4.325
4.540
4.795
5.015
5.265
5.480
5.735
5.970
6.215
6.445
6.685
6.920
7.170
7.410
7.635
7.865
8.100
8.215
8.325
8.375
8.435
8.535
8.605
8.850
8.940
9.020
9.340
9.495
9.735
9.770
9.965
10.205
10.440
10.665
10.900
11.135
11.300
11.370
11.590
11.820
12.055
12.280
12.315
12.510
12.550
12.755
12.935
13.040
13.200
13.235
13.355
13.390
13.675
13.730
13.905
14.135
14.380
14.605
14.795
14.835
15.070
15.300
15.545
15.745
15.900
16.005
16.185
16.270
16.400
16.475
16.645
16.765
16.935
17.065
17.120
17.170
17.395
17.635
17.860
18.080
18.320
18.560
18.610
18.785
19.010
19.245
19.470
19.705
19.820
20.125
20.180
20.410
20.630
20.840
20.875
21.090
21.265
21.325
21.545
21.755
21.845
22.010
22.165
22.225
22.470
22.685
22.935
23.055
23.180
23.395
23.630
23.850
24.040
24.095
24.180
24.320
24.575
24.610
24.810
25.035
25.295
25.510
25.580
25.760
25.920
26.010
26.245
26.480
26.710
26.815
26.940
27.070
27.165
27.395
27.645
27.890
28.110
28.150
28.350
28.600
28.840
28.900
29.065
29.310
29.540
29.780
