0.065
0.275
0.505
0.540
0.950
1.165
1.240
1.380
1.585
1.660
1.790
2.035
2.250
2.530
2.635
2.860
3.085
3.150
3.275
3.495
3.715
3.945
4.280
4.345
4.580
4.645
4.790
4.830
4.990
5.190
5.485
5.530
5.645
5.900
6.060
6.220
6.285
6.505
6.850
6.930
7.155
7.305
7.360
7.575
7.670
7.770
7.995
8.210
8.425
8.625
8.860
9.060
9.265
9.480
9.690
9.925
10.135
10.350
10.585
10.795
10.855
11.200
11.425
11.530
11.645
11.860
12.075
12.295
12.510
12.565
12.860
12.920
13.150
13.185
13.365
13.570
13.790
14.005
14.210
14.650
14.860
15.085
15.180
15.280
15.495
15.730
15.940
16.070
16.350
16.595
16.790
16.995
17.215
17.405
17.645
18.070
18.290
18.510
18.680
18.935
19.135
19.240
19.365
19.715
19.785
20.000
20.220
20.425
20.535
20.630
20.850
21.085
21.365
21.485
21.710
21.930
22.130
22.340
22.570
22.675
22.780
23.005
23.105
23.215
23.425
23.575
23.855
23.950
24.075
24.165
24.285
24.335
24.515
24.850
24.940
25.160
25.370
25.585
25.705
25.790
26.020
26.125
26.235
26.465
26.560
26.660
26.860
27.080
27.420
27.510
27.740
27.945
27.995
28.360
28.515
28.600
28.685
28.800
29.105
29.220
29.550
29.645
