2.095
14.780
15.745
22.330
22.730
27.325
29.250
34.890
37.965
39.140
39.435
39.655
47.065
47.620
47.930
48.095
48.415
48.450
49.025
49.605
50.505
52.885
52.950
53.015
55.265
55.525
55.905
56.200
56.765
57.260
57.430
57.775
58.080
58.375
58.465
60.515
60.570
60.630
60.845
60.985
61.175
62.115
62.225
63.910
64.540
65.245
65.405
65.700
65.860
65.910
66.285
66.600
67.130
67.370
67.500
67.600
67.935
68.085
68.255
68.500
68.765
69.295
69.940
70.365
70.675
71.390
71.820
72.645
74.655
75.265
75.735
76.140
76.645
76.940
77.195
77.435
77.605
77.970
78.080
78.200
78.310
78.455
79.165
79.475
79.545
79.635
79.695
79.835
80.090
80.470
80.970
81.520
81.770
81.995
82.260
82.420
82.595
82.830
83.005
83.115
83.325
83.435
83.565
83.905
84.445
85.470
85.590
86.070
86.525
86.580
87.690
87.905
88.005
88.110
88.215
88.310
88.420
88.845
91.525
92.475
93.480
93.800
95.640
