2.135
29.235
30.540
30.715
31.245
32.710
32.895
33.100
33.635
34.235
34.530
34.620
35.330
35.630
39.860
40.515
40.900
45.410
45.675
46.130
47.700
48.055
50.030
50.275
51.900
52.900
57.645
63.260
65.735
67.440
67.585
67.795
68.465
71.145
71.375
71.885
71.985
72.080
73.475
74.425
76.640
81.290
81.710
82.325
84.425
84.615
84.825
85.680
86.595
91.190
91.485
91.565
92.230
93.270
94.040
94.130
94.195
94.290
94.585
94.655
94.795
94.905
94.945
95.025
95.065
95.275
95.365
95.460
95.560
95.715
95.770
95.880
95.940
96.000
96.060
96.130
96.195
96.280
96.350
96.430
96.510
96.600
96.705
96.820
96.935
97.015
97.075
97.185
97.230
97.305
97.380
97.595
99.320
99.580
99.660
99.705
100.250
102.030
102.335
104.565
105.000
105.410
107.225
107.690
108.200
109.015
109.440
110.000
110.605
110.685
111.460
111.540
111.635
112.125
112.185
112.815
113.290
113.380
113.485
113.620
113.800
113.905
114.960
115.070
115.175
115.455
115.525
115.695
116.155
116.850
117.000
117.065
117.335
117.430
117.680
120.715
121.340
121.870
121.995
122.170
122.250
123.505
123.595
123.920
124.280
124.660
125.345
125.410
125.645
125.900
125.985
126.365
126.550
126.660
127.155
127.940
128.045
128.275
129.350
129.925
130.510
131.120
131.900
131.945
132.460
132.635
133.410
133.600
134.015
134.730
136.245
136.740
136.795
137.320
137.435
137.575
137.765
138.145
138.405
138.465
138.850
138.965
139.180
139.355
139.505
139.640
139.715
140.225
140.715
141.065
141.705
142.140
142.415
142.900
143.050
143.255
143.965
144.160
144.370
144.815
145.000
145.335
145.425
145.580
146.020
146.215
146.575
146.715
146.845
146.910
146.970
147.085
147.150
147.210
147.275
147.400
147.465
147.975
149.465
