0.185
0.455
0.695
1.670
2.645
3.650
4.360
4.395
4.610
4.645
5.620
6.125
7.585
8.075
8.370
8.820
9.050
9.300
9.775
10.010
10.250
10.290
10.495
10.990
11.475
11.980
12.210
12.460
12.765
14.660
14.915
15.145
16.615
18.360
20.020
20.250
20.305
21.140
21.765
23.215
23.730
24.445
24.700
24.930
25.420
25.660
25.905
25.940
26.170
26.595
26.645
27.135
27.630
27.855
28.110
31.965
32.290
34.370
35.205
35.840
36.910
39.130
39.840
40.110
40.450
40.755
43.020
43.700
44.015
44.255
44.480
44.715
45.205
45.450
45.680
46.175
46.410
46.665
47.160
47.675
48.135
48.370
48.625
49.120
49.360
49.610
53.760
54.000
54.275
54.500
55.000
55.255
55.525
55.935
55.990
56.235
56.430
56.490
56.955
57.175
57.425
60.615
60.870
61.105
61.140
61.830
61.865
62.090
62.340
62.810
63.535
63.820
64.025
64.070
64.775
65.035
65.285
65.770
66.485
66.525
66.755
66.800
67.005
67.720
67.980
68.205
68.690
69.670
69.920
70.165
71.160
72.135
74.090
75.090
76.070
77.065
77.500
77.745
77.980
