3.650
3.780
3.910
8.570
8.700
8.830
8.960
9.090
9.220
9.350
9.480
9.610
9.740
10.130
10.260
10.650
10.780
10.910
11.040
11.170
11.300
11.430
11.560
11.690
11.820
11.950
12.080
12.210
12.340
12.730
12.870
12.990
13.120
13.260
13.380
13.520
13.640
13.780
13.910
14.300
14.430
14.820
14.950
15.080
15.210
15.340
15.470
15.600
15.730
15.860
15.990
16.120
16.250
16.380
16.510
16.900
17.030
17.160
17.290
17.420
17.550
17.680
17.810
17.940
18.080
18.200
18.460
18.600
18.980
19.120
19.250
19.380
19.500
19.640
19.770
19.900
20.020
20.160
20.280
20.410
20.540
20.680
21.060
21.200
21.340
21.460
21.590
21.720
21.980
22.110
22.240
22.370
22.630
22.760
23.150
23.280
23.410
23.540
23.670
23.800
23.930
24.060
24.190
24.320
24.450
24.580
24.710
24.850
25.230
25.370
25.750
25.900
26.020
26.270
26.420
26.530
26.790
26.930
27.310
27.450
27.570
27.710
27.830
27.970
28.100
28.230
28.360
28.490
28.610
28.750
28.880
29.010
