0.070
0.330
0.590
0.860
1.120
1.380
1.650
1.910
2.180
2.440
2.700
2.970
3.230
3.490
3.760
4.020
4.290
4.550
4.820
5.080
5.340
5.610
5.870
6.140
6.410
6.660
6.930
7.190
7.460
7.730
7.990
8.260
8.530
8.690
8.780
9.000
9.050
9.290
9.490
9.580
10.110
10.370
10.640
10.860
11.050
11.160
11.430
11.700
11.960
12.220
12.480
12.750
13.010
13.270
13.520
13.800
13.850
14.070
14.330
14.600
14.870
15.120
15.380
15.650
15.910
16.180
16.440
16.710
16.980
17.110
17.190
17.430
17.500
17.730
17.930
18.030
18.200
18.300
18.550
18.820
19.090
19.350
19.580
19.620
19.770
19.870
20.140
20.240
20.280
20.400
20.670
20.930
21.200
21.340
21.430
21.720
21.990
22.130
22.250
22.510
22.780
23.020
23.150
23.290
23.570
23.830
24.100
24.360
