0.030
0.240
0.340
0.430
0.630
0.830
0.940
1.050
1.240
1.340
1.440
1.550
1.640
1.860
1.960
2.050
2.250
2.460
2.560
2.670
2.860
2.970
3.070
3.270
3.470
3.580
3.670
3.870
4.080
4.180
4.290
4.490
4.690
4.890
5.100
5.310
5.400
5.500
5.710
5.810
5.920
6.110
6.220
6.310
6.520
6.820
6.920
7.120
7.330
7.430
7.530
7.740
7.940
8.140
8.350
8.550
8.750
8.950
9.050
9.350
9.550
9.750
9.970
10.170
10.570
10.710
10.840
10.980
11.080
11.180
11.380
11.590
11.790
11.990
12.190
12.290
12.400
12.600
12.710
12.800
13.010
13.220
13.320
13.410
13.610
13.820
13.920
14.030
14.220
14.330
14.420
14.530
14.620
14.840
14.940
15.040
15.240
15.440
15.540
15.660
15.850
16.060
16.160
16.260
16.570
16.660
16.770
16.870
17.070
17.170
17.280
17.480
17.580
17.680
17.790
17.880
17.980
18.090
18.190
18.290
18.390
18.500
18.590
18.700
18.800
18.910
19.110
19.210
19.310
19.410
19.510
19.610
19.720
19.910
20.020
20.110
20.220
20.320
20.520
20.620
20.830
21.020
21.530
21.740
21.990
22.100
22.260
22.350
22.550
22.770
22.960
23.070
23.160
23.360
23.560
23.780
23.980
24.070
24.180
24.380
24.490
24.580
24.690
24.790
24.990
25.100
25.190
25.300
25.390
25.500
25.600
25.800
25.900
26.000
26.300
26.410
26.610
26.810
26.910
27.020
27.220
27.320
27.420
27.630
27.840
27.940
28.030
28.230
28.440
28.540
28.650
28.840
29.040
29.250
