0.025
0.635
1.225
1.840
2.415
3.025
3.615
4.225
4.825
5.425
6.015
6.630
7.225
7.605
7.825
8.315
8.520
9.820
10.440
11.020
11.625
12.225
12.830
13.405
14.010
14.590
15.200
15.805
16.415
17.000
17.400
17.470
17.515
17.610
18.110
18.320
19.120
19.990
20.625
21.225
21.835
22.425
23.040
23.600
24.220
24.810
25.425
26.025
26.645
27.250
27.655
27.710
27.880
28.390
28.650
31.740
31.885
32.000
32.100
32.240
32.420
32.535
32.655
32.775
32.890
33.000
33.125
33.165
33.330
33.450
33.560
33.795
33.905
34.025
34.135
34.255
34.360
34.460
34.595
34.715
34.830
34.955
35.070
35.180
35.280
35.390
35.525
35.640
35.760
35.880
35.990
36.110
36.210
36.315
36.445
36.565
36.685
36.795
36.915
37.030
37.135
37.275
37.530
37.770
38.030
38.290
38.865
39.485
39.590
39.715
39.835
39.940
40.070
40.175
40.285
40.400
40.525
40.655
40.765
40.885
41.000
41.110
41.225
41.335
41.455
41.575
41.695
41.820
41.925
42.035
42.155
42.260
42.385
42.515
42.630
42.745
42.855
42.970
43.095
43.210
43.345
43.465
43.590
43.685
43.915
44.025
44.150
44.260
44.380
44.500
44.620
44.740
44.845
44.970
45.090
45.215
45.330
45.435
45.560
45.670
45.795
45.915
46.060
46.520
46.695
47.400
47.520
47.625
47.730
47.870
48.075
48.200
48.295
48.415
48.540
48.625
48.770
48.845
48.970
49.085
49.190
49.310
49.430
49.535
49.640
49.760
49.880
49.985
50.095
50.235
50.350
50.460
50.585
50.695
50.810
50.925
51.030
51.165
51.280
51.400
51.520
51.630
51.740
51.850
51.975
52.075
52.205
52.315
52.425
52.545
52.660
52.770
52.910
53.160
53.435
53.710
54.010
54.720
