0.330
0.455
1.000
1.375
1.740
2.100
2.405
2.735
2.970
3.125
3.450
3.825
4.160
4.495
4.875
4.980
5.030
5.200
5.570
5.900
6.235
6.585
6.885
6.945
7.270
7.605
7.925
8.255
8.610
8.695
8.985
9.070
9.130
9.295
9.690
10.015
10.365
11.045
11.375
11.715
12.075
12.455
12.800
12.975
13.165
13.510
13.840
14.160
14.485
14.780
15.075
15.450
15.785
16.150
16.555
16.930
17.020
17.200
17.400
17.770
17.885
18.095
18.440
18.600
18.765
19.080
19.355
19.435
19.790
20.475
20.830
21.130
21.300
21.455
21.525
21.620
22.285
22.605
22.935
23.250
23.605
24.265
24.950
25.335
25.520
25.605
25.965
26.050
26.260
26.600
26.935
27.245
27.550
27.905
28.255
28.560
28.855
29.150
29.305
29.390
29.505
29.590
30.095
30.440
30.750
31.080
31.400
31.710
