1.555
2.255
2.645
3.430
4.270
4.705
5.205
5.835
6.365
6.795
7.210
7.610
7.770
7.995
8.200
8.250
8.360
8.565
8.750
9.140
9.520
9.765
9.935
10.160
10.350
10.775
10.990
11.140
13.440
14.375
14.610
14.825
15.010
15.045
15.295
15.500
15.680
16.090
16.300
16.500
16.670
16.930
17.335
17.965
18.130
18.325
18.515
18.910
19.270
19.475
19.675
19.875
20.430
20.845
21.225
21.435
21.680
22.080
22.470
22.675
22.860
23.045
23.300
23.700
24.110
24.485
24.875
25.465
25.670
26.050
26.255
26.445
26.855
27.240
27.645
28.035
28.295
28.745
28.835
