0.405
0.525
0.680
0.760
0.865
1.180
1.535
1.845
2.530
2.810
3.150
3.425
3.495
3.800
4.050
4.120
4.385
4.445
4.480
4.765
5.080
5.325
5.395
5.755
5.990
6.100
6.315
6.380
6.705
7.005
7.165
7.680
8.000
8.355
8.690
9.010
9.255
9.315
9.480
9.665
9.710
10.000
10.315
10.630
10.700
10.765
10.820
10.975
11.095
11.160
11.290
11.610
11.930
12.000
12.290
12.635
12.955
13.195
13.265
13.605
13.695
13.785
13.975
14.285
14.610
14.835
14.930
15.055
15.220
15.280
15.585
15.900
16.250
16.360
16.605
16.905
17.235
17.585
17.945
18.245
18.540
18.575
18.930
19.315
19.620
19.865
19.925
20.135
20.285
20.665
20.925
20.990
21.300
21.665
21.990
22.280
22.635
22.925
23.125
23.285
23.605
23.925
23.965
24.220
24.300
24.515
24.950
24.995
25.300
25.375
25.625
25.690
25.975
26.295
26.615
26.910
26.985
27.305
27.615
27.975
28.280
28.340
28.980
29.275
29.545
