0.225
0.770
1.305
1.560
1.800
2.055
2.295
2.830
3.340
3.610
3.840
4.085
4.320
4.850
5.365
5.630
5.880
6.130
6.380
6.870
7.130
7.380
7.645
7.890
8.140
8.380
8.900
9.430
9.690
9.930
10.185
10.420
10.675
10.905
11.165
11.415
11.665
11.905
12.155
12.405
12.920
13.440
13.695
13.935
14.195
14.430
14.695
14.920
15.180
15.415
15.680
15.920
16.095
16.180
16.420
16.940
17.470
17.725
17.965
18.225
18.470
18.985
19.490
19.770
19.985
20.240
20.490
21.000
21.515
21.775
22.010
22.505
22.765
23.005
23.255
23.520
23.760
24.005
24.260
24.490
25.010
25.510
25.760
26.020
26.255
26.505
27.000
27.265
27.495
27.755
27.995
28.225
28.260
28.485
28.975
29.015
29.505
29.750
30.005
30.270
30.530
