0.170000000
0.546938775
0.922448979
1.293877551
1.670000000
2.046938775
2.422448979
2.800000000
3.163265306
3.538775510
3.920000000
4.292789115
4.671564625
4.857324263
5.040000000
5.420000000
5.794829931
6.170000000
6.540000000
6.915192743
7.289614512
7.668390022
8.040000000
8.420000000
8.790000000
9.170430839
9.351836734
9.540498866
9.920000000
10.290000000
10.670000000
11.043990929
11.431473922
11.792834467
12.165804988
12.540000000
12.930000000
13.291972789
13.489342403
13.676553287
14.046621315
14.420000000
14.790000000
15.170000000
15.550000000
15.926530612
16.290000000
16.670000000
17.040000000
17.422448979
17.800000000
17.983673469
18.195918367
18.551020408
18.920000000
19.290000000
19.661496598
20.048979591
20.420000000
20.800000000
21.170000000
21.540000000
21.916734693
22.300000000
22.482721088
22.671428571
23.050000000
23.420000000
23.795918367
24.173469387
24.550000000
24.920000000
25.300000000
25.670000000
26.050000000
26.420000000
26.800000000
27.177551020
27.546938775
27.930000000
28.300000000
28.680000000
29.050000000
29.430000000
29.797959183
30.165306122
30.550000000
30.920000000
31.290000000
31.673469387
32.040000000
32.420000000
32.791836734
33.170000000
33.550000000
33.910000000
