2.140000000
12.257142857
12.534693877
12.787755102
13.097959183
13.448979591
14.746938775
14.783673469
15.743129251
18.779138321
19.162267573
19.568616780
19.986575963
20.419047619
20.775510204
20.812244897
22.056054421
23.179591836
23.440816326
23.702040816
23.955102040
24.259047619
24.668299319
26.369160997
27.451791383
28.836734693
29.250000000
30.550000000
30.730000000
31.250000000
32.721269841
32.735782312
35.330000000
36.177551020
39.136734693
39.867346938
40.512244897
41.281632653
42.579591836
43.374875283
45.346938775
45.677551020
46.136734693
46.151020408
47.551020408
48.059501133
49.023129251
49.078276643
49.478820861
49.777777777
50.040000000
50.282811791
50.738503401
51.353832199
51.763083900
51.908208616
52.349387755
52.889795918
53.820408163
55.828571428
57.650000000
60.783673469
62.969387755
63.263265306
63.595918367
63.875510204
64.106122448
64.246938775
64.924489795
65.732653061
65.870000000
67.336734693
67.446938775
67.595918367
67.800000000
68.481632653
69.908163265
71.150000000
71.170000000
71.306122448
71.373469387
73.479591836
73.490000000
74.440000000
74.508163265
76.642857142
76.660000000
77.752018140
78.824489795
79.738775510
80.620408163
81.657142857
82.333605442
82.343764172
83.165170068
84.430000000
84.829750566
84.840000000
85.680000000
85.924489795
86.226530612
86.359183673
86.483673469
86.610000000
86.785714285
87.420408163
89.910204081
90.821950113
91.048344671
91.190566893
91.321179138
91.489523809
91.570000000
91.686893424
91.830000000
91.951020408
92.072925170
93.280000000
94.306122448
94.590000000
95.275510204
95.371428571
95.612244897
95.875510204
96.187755102
96.532653061
96.840816326
97.105850340
97.190000000
98.057142857
98.324489795
98.422448979
98.648526077
98.736734693
98.822448979
102.040000000
102.340000000
103.648072562
103.828571428
104.575510204
105.000000000
105.410000000
105.840000000
106.177551020
106.989795918
107.691836734
108.406122448
109.020000000
109.226530612
109.410000000
109.869387755
110.000000000
110.114285714
110.232653061
110.267346938
110.440816326
110.579591836
110.610204081
110.691836734
110.812244897
111.171428571
111.293877551
111.470000000
111.540000000
111.636734693
112.130000000
112.190000000
112.820000000
112.838775510
113.289795918
113.494784580
113.626848072
114.391836734
115.184036281
116.160000000
116.575782312
116.713650793
116.852970521
117.434920634
117.775510204
118.722448979
118.857142857
119.510204081
119.648979591
120.218367346
120.406122448
120.487755102
120.618367346
120.720408163
120.812244897
121.397959183
121.873469387
122.006122448
122.173469387
122.257142857
122.508163265
122.587755102
122.671428571
122.851020408
123.173469387
123.510000000
123.700000000
123.867346938
123.930000000
124.577551020
124.665306122
125.165306122
125.291836734
125.410000000
125.526530612
125.640000000
125.832653061
125.906122448
125.990000000
126.383673469
126.622448979
126.981632653
127.946938775
128.051020408
128.275510204
128.448979591
129.073469387
129.934693877
130.520408163
131.132653061
131.910204081
132.644897959
133.420000000
134.020000000
134.175510204
134.738775510
136.466575963
136.597188208
136.750000000
136.800000000
137.290884353
137.421496598
138.973469387
139.510000000
139.650000000
140.230000000
140.381632653
140.530612244
141.070000000
141.400000000
141.926530612
142.887755102
143.051020408
143.270000000
143.970000000
144.380000000
145.214693877
146.220000000
146.283673469
146.346938775
146.410204081
146.471428571
146.534693877
146.596938775
146.660204081
146.720000000
146.783673469
146.847959183
146.910204081
146.972448979
147.030612244
147.094897959
147.157142857
147.220000000
147.282653061
147.344897959
147.410000000
147.472448979
147.534693877
147.980612244
149.463265306
150.010204081
