0.031632653
0.275510204
0.360000000
0.525510204
1.010000000
1.100000000
1.324489795
1.364285714
1.517346938
1.560204081
2.020000000
2.050000000
2.333673469
2.423469387
2.534693877
2.560000000
2.747959183
3.020000000
3.060204081
3.370000000
3.525510204
3.550000000
4.021428571
4.353061224
4.523469387
4.689795918
4.840000000
5.010000000
5.200000000
5.310000000
5.363265306
5.484693877
5.550000000
5.789795918
6.013265306
6.043877551
6.091836734
6.347959183
6.364285714
6.519387755
6.605102040
6.900000000
7.014285714
7.108163265
7.430000000
7.448979591
7.519387755
7.790000000
7.998979591
8.020408163
8.148979591
8.374489795
8.391836734
8.527551020
8.936734693
9.010000000
9.360000000
9.530000000
9.832653061
9.975510204
10.010000000
10.035714285
10.100000000
10.286734693
10.418367346
10.530000000
10.980000000
11.020000000
11.037755102
11.270000000
11.374489795
11.550000000
11.560204081
12.024489795
12.052040816
12.405102040
12.412244897
12.533673469
13.024489795
13.036734693
