0.045
0.310
0.390
0.640
1.010
1.130
1.385
1.510
1.775
2.145
2.515
2.675
2.885
3.055
3.305
3.460
3.695
3.840
4.085
4.625
5.005
5.245
5.625
5.810
6.035
6.175
6.405
6.550
6.805
7.185
7.320
7.555
7.700
7.960
8.340
8.500
8.720
8.900
9.125
9.500
9.880
10.260
11.000
11.155
11.415
11.795
12.310
12.580
12.700
12.965
13.335
13.480
13.730
13.845
14.100
14.485
14.850
15.000
15.220
15.385
15.625
15.775
16.145
16.400
16.935
17.310
17.555
17.925
18.105
18.290
18.445
18.695
18.835
19.075
19.570
19.820
19.940
20.190
20.525
20.670
20.890
21.040
21.280
21.645
22.180
22.430
22.805
23.180
23.315
23.585
24.085
24.425
25.105
25.150
25.220
25.640
26.015
26.415
26.800
27.420
28.220
28.595
29.125
29.375
29.540
29.775
