0.010
0.345
1.565
1.805
1.910
2.260
2.650
3.435
3.880
4.275
4.720
5.210
5.840
6.370
6.800
7.040
7.220
7.610
7.775
8.000
8.205
8.260
8.365
8.570
8.760
8.985
9.145
9.375
9.525
9.775
9.940
10.175
10.355
11.005
11.145
12.070
12.565
13.445
13.660
13.785
13.885
14.370
14.830
15.015
15.300
15.510
15.685
15.895
16.095
16.310
16.505
16.670
16.710
16.940
17.145
17.350
17.545
17.930
18.140
18.330
18.525
18.920
19.060
19.275
19.485
19.665
19.880
20.440
20.850
21.240
21.440
21.690
21.890
22.090
22.285
22.475
22.685
22.865
23.050
23.300
23.490
23.690
24.115
24.495
24.685
24.880
25.285
25.410
25.470
25.670
26.060
26.260
26.450
26.860
27.245
27.465
27.650
28.035
28.235
28.300
28.390
28.660
28.745
28.840
