0.010
0.175
0.390
0.605
0.805
1.230
1.455
1.610
1.850
2.005
2.065
2.265
2.475
2.895
3.135
3.345
3.550
3.765
3.965
4.185
4.625
4.955
5.015
5.225
5.670
5.875
6.295
6.520
6.705
6.920
7.135
7.360
7.560
7.770
7.995
8.170
8.265
8.395
8.870
9.090
9.285
9.515
9.725
9.925
10.015
10.095
10.335
10.760
10.915
10.985
11.420
11.545
11.815
12.445
12.665
13.065
13.185
13.275
13.405
13.700
13.910
13.965
14.115
14.335
14.590
14.730
14.945
15.020
15.140
15.565
15.785
15.980
16.310
16.400
16.625
16.845
17.015
17.245
17.450
17.665
18.070
18.280
18.355
18.480
18.895
19.090
19.290
19.700
19.930
20.120
20.200
20.310
20.515
20.745
20.955
21.165
21.380
21.585
21.680
21.825
23.225
23.300
23.465
23.585
24.025
24.255
24.510
24.655
25.085
