0.058
0.151
0.197
0.546
0.871
1.045
1.161
1.474
1.730
1.765
1.962
2.101
2.380
2.601
2.682
2.891
2.984
3.320
3.518
3.576
3.901
4.180
4.412
4.505
4.795
4.992
5.062
5.132
5.387
5.677
5.712
5.886
5.991
6.200
6.258
6.304
6.455
6.571
6.757
6.885
6.931
7.036
7.163
7.349
7.465
7.663
7.721
7.755
7.988
8.057
8.336
8.568
8.928
9.149
9.230
9.520
9.718
9.752
9.799
10.112
10.356
10.437
10.600
10.704
10.960
11.029
11.204
11.297
11.575
11.610
11.877
12.074
12.179
12.411
12.469
12.783
12.992
13.073
13.282
13.386
13.665
13.862
13.967
14.164
14.257
14.443
14.524
14.826
15.139
15.337
15.418
15.604
15.720
15.906
15.964
15.999
16.242
16.324
16.579
16.730
17.067
17.148
17.392
17.473
17.717
17.949
18.030
18.309
18.530
18.611
18.831
18.913
19.087
