0.093
0.348
0.615
0.882
1.149
1.405
1.672
1.939
2.067
2.206
2.461
2.728
2.995
3.262
3.518
3.785
4.052
4.180
4.331
4.574
4.841
5.108
5.375
5.631
5.898
6.165
6.293
6.432
6.687
6.954
7.221
7.488
7.744
8.011
8.290
8.557
8.707
8.824
9.021
9.497
9.613
9.868
10.112
10.391
10.670
10.913
11.076
11.180
11.447
11.726
11.981
12.237
12.504
12.783
13.038
13.293
13.537
13.827
14.095
14.350
14.594
14.896
15.151
15.406
15.673
15.940
16.196
16.463
16.730
17.009
17.125
17.241
17.450
17.775
17.937
18.054
18.321
18.460
18.576
18.843
19.365
19.598
19.632
19.900
20.167
20.422
20.689
20.956
21.235
21.362
21.455
21.745
22.013
22.152
22.280
22.535
22.802
23.046
23.336
23.591
23.847
24.126
24.381
