0.035
0.070
0.186
0.302
0.360
0.453
0.511
0.604
0.662
0.708
0.848
0.917
0.998
1.080
1.254
1.289
1.324
1.474
1.556
1.649
1.741
1.788
1.892
1.974
2.009
2.090
2.171
2.206
2.310
2.368
2.519
2.659
2.786
2.984
3.100
3.262
3.309
3.344
3.495
3.541
3.646
3.820
3.982
4.133
4.296
4.447
4.621
4.656
4.772
4.946
5.074
5.178
5.306
5.375
5.445
5.526
5.561
5.608
5.724
5.805
5.840
5.979
6.165
6.304
6.502
6.606
6.745
6.815
6.978
7.024
7.059
7.221
7.314
7.465
7.581
7.616
7.651
7.709
7.755
7.790
7.953
8.034
8.069
8.162
8.208
8.266
8.301
8.440
8.510
8.615
8.742
8.940
9.033
9.079
9.218
9.311
9.381
9.636
9.764
9.810
9.880
9.973
