0.285
0.410
0.510
0.635
0.735
0.860
0.960
1.085
1.180
1.310
1.410
1.535
1.630
1.760
1.860
1.980
2.080
2.205
2.305
2.430
2.530
2.655
2.755
2.880
2.975
3.105
3.205
3.330
3.425
3.550
3.655
3.775
3.875
4.000
4.100
4.225
4.325
4.450
4.550
4.675
4.770
4.900
5.000
5.125
5.220
5.350
5.450
5.570
5.670
5.795
5.895
6.020
6.120
6.245
6.345
6.470
6.565
6.695
6.795
6.920
7.015
7.145
7.245
7.370
7.465
7.590
7.690
7.815
7.915
8.040
8.140
8.265
8.365
8.490
8.590
8.715
8.810
8.940
9.040
9.165
9.260
9.385
9.485
9.610
9.710
9.835
9.935
10.060
10.160
10.285
10.385
10.510
10.605
10.735
10.835
10.960
11.055
11.180
11.280
11.405
11.505
