0.310
0.370
0.430
0.500
0.560
0.650
0.700
0.780
0.830
0.880
0.930
0.980
1.030
1.080
1.140
1.220
1.270
1.340
1.390
1.480
1.550
1.620
1.700
1.800
1.850
1.900
1.960
2.010
2.060
2.120
2.170
2.220
2.280
2.350
2.400
2.470
2.550
2.650
2.700
2.750
2.830
2.940
2.990
3.040
3.090
3.170
3.260
3.340
3.390
3.440
3.490
3.600
3.820
3.870
3.920
3.980
4.040
4.090
4.140
4.210
4.310
4.390
4.460
4.510
4.570
4.620
4.740
4.790
4.890
4.940
5.020
5.100
5.170
5.240
5.310
5.360
5.410
5.460
5.510
5.560
5.610
5.730
5.790
5.850
5.950
6.020
6.100
6.170
6.230
6.300
6.360
6.410
6.470
6.520
6.570
6.620
6.670
7.650
7.700
7.750
7.800
7.880
7.950
8.020
8.100
8.180
8.230
8.290
8.340
8.390
8.440
8.490
8.540
8.600
8.650
8.720
8.770
8.820
8.880
8.990
9.070
9.160
9.210
9.280
9.350
9.400
9.450
9.550
9.610
9.660
9.710
9.760
9.810
9.870
9.950
10.000
10.050
10.130
10.210
10.280
10.350
10.440
10.490
10.570
10.620
10.670
10.720
10.810
10.860
10.910
11.010
11.160
11.240
11.290
11.350
11.400
11.470
11.520
11.570
11.660
11.710
11.780
11.830
11.930
11.990
12.050
12.130
12.200
12.290
12.370
12.430
12.480
12.530
12.590
12.660
12.730
12.790
12.840
12.940
12.990
13.060
13.110
13.170
13.220
13.330
13.380
13.440
13.520
13.590
13.700
13.750
13.800
13.910
13.960
14.020
14.100
14.160
14.210
14.260
14.310
14.370
14.420
14.470
14.520
14.570
14.620
14.670
14.730
14.800
14.850
14.910
14.970
15.050
15.100
15.370
