0.460
0.640
0.690
0.810
1.390
1.590
5.430
8.110
9.280
9.820
10.610
11.220
11.700
15.770
16.270
16.320
17.060
17.110
17.210
17.940
18.040
18.830
23.080
23.130
23.560
24.150
24.320
24.760
25.030
25.080
26.900
27.050
27.170
27.520
27.860
31.300
31.350
31.460
31.710
31.800
32.500
32.800
32.920
34.340
34.720
34.890
35.040
35.120
39.050
39.180
39.480
39.820
39.870
42.010
42.160
42.210
42.910
43.440
43.620
43.670
44.120
44.350
44.420
44.530
44.950
45.000
45.150
45.210
46.290
46.590
46.640
46.790
46.850
46.970
47.320
47.390
47.510
48.260
50.140
50.210
50.670
50.720
50.830
51.320
51.400
51.890
52.300
52.470
54.530
54.680
55.060
55.300
57.430
57.580
57.640
58.390
58.440
58.640
58.860
58.930
59.080
59.150
59.280
59.460
59.560
59.610
59.740
59.820
59.870
59.920
59.970
60.320
60.430
60.600
60.670
61.790
61.980
62.240
62.310
62.410
62.750
62.950
63.000
63.050
63.520
63.750
63.900
64.080
64.230
64.380
65.660
65.830
66.120
66.200
66.320
66.600
66.820
66.870
66.920
67.340
67.590
67.740
67.940
68.330
68.500
68.720
68.840
69.030
69.210
