0.010
0.115
0.195
0.330
0.540
0.640
0.750
0.850
0.985
1.080
1.215
1.310
1.425
1.505
1.660
1.900
2.035
2.145
2.245
2.370
2.465
2.690
2.815
3.035
3.145
3.270
3.380
3.580
3.615
3.830
3.940
4.055
4.195
4.395
4.495
4.775
4.895
5.005
5.130
5.230
5.465
5.545
5.680
5.790
5.935
6.060
6.175
6.290
6.420
6.550
6.660
6.850
7.520
7.835
8.080
8.345
8.585
8.820
9.055
9.305
9.540
9.865
10.010
10.045
10.225
10.470
10.720
10.840
10.955
11.060
11.180
11.285
11.400
11.505
11.630
11.740
11.855
11.915
11.960
12.080
12.195
12.420
12.545
12.660
12.775
13.120
