0.010
0.120
0.230
0.340
0.450
0.560
0.680
0.790
0.900
1.010
1.120
1.240
1.350
1.460
1.570
1.690
1.800
1.910
2.020
2.130
2.240
2.350
2.470
2.580
2.690
2.800
2.910
3.030
3.140
3.250
3.360
3.480
3.590
3.700
3.810
3.930
4.030
4.150
4.260
4.370
4.480
4.600
4.710
4.820
4.940
5.040
5.160
5.270
5.380
5.490
5.600
5.720
5.830
5.940
6.050
6.160
6.270
6.390
6.500
6.610
6.720
6.830
6.950
7.060
7.170
7.280
7.400
7.500
7.620
7.730
7.850
7.950
8.070
8.180
8.290
8.400
8.520
8.630
8.740
8.850
8.960
9.070
9.190
9.290
9.410
9.520
9.640
9.740
9.860
9.970
10.080
10.190
10.310
10.420
10.530
10.640
10.750
10.860
10.980
11.080
11.200
11.310
11.420
11.530
11.650
11.760
11.870
11.980
12.100
12.210
12.320
12.430
12.540
12.650
12.770
12.880
12.990
13.100
13.220
13.320
13.440
13.550
13.660
13.770
13.890
14.000
14.120
14.220
14.340
14.450
14.560
14.670
14.790
14.890
15.010
15.120
15.230
15.340
15.460
15.560
15.680
15.790
15.910
16.010
16.130
16.240
16.350
16.460
16.580
16.680
16.800
16.910
17.020
17.130
17.250
17.350
17.470
17.580
17.700
17.800
17.920
18.030
18.140
18.250
18.370
18.470
18.590
18.700
18.810
18.920
19.040
19.150
19.260
19.370
19.480
19.590
19.710
19.820
19.930
