0.410
0.490
0.740
1.060
1.350
1.650
1.950
2.270
2.560
2.860
3.160
3.460
3.770
4.070
4.370
4.680
4.980
5.280
5.590
5.770
5.880
6.190
6.480
6.770
6.860
6.900
7.100
7.390
7.700
7.960
8.000
8.060
8.180
8.290
8.610
8.900
9.200
9.350
9.390
9.500
9.620
9.810
10.110
10.440
10.730
11.030
11.330
11.640
11.940
12.250
12.380
12.550
12.870
13.160
13.470
13.770
14.080
14.380
14.680
14.970
15.290
15.610
15.880
16.190
16.480
16.780
17.090
17.390
17.710
18.020
18.300
18.610
18.920
19.050
19.220
19.510
19.640
19.810
19.850
20.140
20.290
20.440
20.730
