0.080
0.360
0.620
0.900
1.160
1.440
1.580
1.710
1.980
2.240
2.380
2.520
2.780
3.050
3.320
3.600
3.730
3.870
4.140
4.400
4.680
4.940
5.210
5.480
5.760
5.890
6.020
6.290
6.560
6.700
6.840
7.100
7.370
7.640
7.920
8.060
8.180
8.450
8.710
8.860
8.990
9.250
9.530
9.790
10.070
10.210
10.340
10.610
10.880
11.010
11.150
11.410
11.690
11.960
12.230
12.370
12.500
12.770
13.030
13.180
13.310
13.570
13.850
14.120
14.390
14.530
14.660
14.930
15.190
15.460
15.730
16.000
16.270
16.540
16.680
16.810
17.080
17.340
17.500
17.620
17.880
18.160
18.430
18.700
18.840
18.970
19.240
19.510
19.650
19.780
20.040
20.320
