0.240
0.370
0.540
0.680
0.830
1.140
1.270
1.600
1.920
2.250
2.590
2.760
2.910
3.060
3.380
3.510
3.840
4.150
4.330
4.450
4.610
4.660
4.930
5.060
5.370
5.530
5.670
5.820
6.130
6.270
6.570
6.610
6.920
7.160
7.260
7.510
7.590
7.900
7.940
8.120
8.210
8.250
8.420
8.470
8.520
8.560
8.600
8.880
9.100
9.200
9.390
9.440
9.480
9.530
9.580
9.830
10.070
10.160
10.490
10.820
11.040
11.150
11.390
11.480
11.800
11.860
12.030
12.130
12.450
12.820
13.120
13.310
13.350
13.440
13.490
13.650
13.760
13.960
14.070
14.110
14.320
14.390
14.740
14.970
15.060
