0.980
1.460
1.690
1.910
2.150
2.370
2.600
3.050
3.280
3.500
3.710
3.950
4.160
4.390
4.600
4.640
5.080
5.330
5.550
5.760
5.800
6.000
6.220
6.260
6.450
6.720
6.920
6.960
7.170
7.390
7.610
7.650
7.840
8.090
8.310
8.770
9.010
9.050
9.160
9.250
9.470
9.510
9.710
9.940
10.140
10.180
10.410
10.460
10.630
10.860
10.900
11.100
11.320
11.560
11.810
12.020
12.410
12.480
12.720
12.920
12.970
13.180
13.220
13.410
13.460
13.630
13.870
14.120
14.190
14.320
14.510
14.560
14.780
15.020
15.240
15.490
15.690
15.730
15.970
16.140
16.190
16.380
16.640
16.680
16.890
17.100
17.350
17.580
17.800
18.050
18.280
18.510
18.750
18.800
18.980
19.210
19.290
19.450
19.680
19.900
20.140
20.380
20.620
20.860
21.090
21.330
21.550
21.780
22.010
22.240
22.480
22.520
22.710
22.940
23.170
23.400
23.630
23.670
23.870
24.260
24.300
24.510
24.710
24.750
24.960
25.410
25.580
25.850
26.320
26.540
26.770
27.190
27.240
27.480
27.710
27.930
28.170
28.410
28.640
28.860
28.900
29.100
29.350
29.560
29.790
