0.090
0.220
0.320
0.450
0.550
0.680
0.780
0.910
1.000
1.130
1.240
1.360
1.460
1.600
1.700
1.820
1.920
2.050
2.150
2.280
2.380
2.510
2.610
2.740
2.840
2.970
3.070
3.200
3.290
3.430
3.530
3.660
3.750
3.880
3.980
4.110
4.210
4.340
4.440
4.570
4.670
4.800
4.900
5.030
5.130
5.260
5.360
5.490
5.580
5.710
5.820
5.940
6.040
6.170
6.280
6.400
6.500
6.630
6.730
6.860
6.960
7.090
7.190
7.320
7.420
7.550
7.650
7.770
7.870
8.010
8.110
8.230
8.330
8.460
8.560
8.690
8.790
8.920
9.020
9.150
9.250
9.380
9.480
9.610
9.710
9.840
9.940
10.070
10.160
10.290
10.400
10.520
10.620
10.750
10.860
10.980
11.080
11.210
11.310
11.440
11.540
11.670
11.770
