0.010
0.380
0.720
0.900
1.060
1.240
1.310
1.480
1.690
1.830
2.230
2.760
2.910
3.310
3.660
3.700
3.830
3.880
4.240
4.770
5.150
5.230
5.320
5.680
5.860
6.080
6.230
6.300
6.380
6.530
6.600
6.640
6.770
6.840
6.970
7.330
7.560
7.870
8.070
8.620
8.950
8.990
9.130
9.310
9.490
9.530
9.840
10.030
10.200
10.380
10.560
10.720
10.900
11.260
11.430
11.880
12.140
12.320
12.650
12.700
12.860
13.240
13.410
13.770
14.120
14.320
14.500
14.540
14.720
14.850
15.040
15.210
15.400
15.570
15.750
16.120
16.300
16.450
16.580
16.630
16.890
16.980
17.160
17.510
17.700
17.860
18.160
18.430
18.570
18.990
19.090
19.450
19.820
20.000
20.120
20.200
20.340
20.540
20.720
20.900
21.470
21.610
21.670
22.020
22.360
22.750
22.890
23.070
23.250
23.290
23.450
23.610
23.800
24.150
24.330
24.500
24.830
24.900
25.080
25.210
25.520
25.580
25.770
25.810
25.930
26.260
26.300
26.530
26.660
26.920
27.260
27.380
27.420
27.570
27.710
27.750
27.990
28.090
28.240
28.430
28.620
28.780
28.990
29.150
29.190
29.340
29.380
29.510
29.630
