0.050
0.310
0.450
0.830
0.880
1.190
1.560
1.910
2.350
2.970
3.400
3.750
3.790
4.120
4.450
4.850
5.210
6.610
6.770
7.040
7.400
7.780
7.840
8.510
8.560
9.200
9.240
9.650
9.980
10.330
10.700
11.070
11.440
11.810
12.180
12.540
12.580
12.890
13.260
13.620
13.990
14.360
14.420
14.730
14.790
15.100
15.460
15.500
15.820
16.180
16.540
16.910
17.290
17.350
17.660
18.010
18.080
18.390
18.450
18.750
19.120
19.160
19.470
19.850
19.920
20.210
20.580
20.620
20.940
21.150
21.670
21.750
21.850
22.040
22.400
22.780
22.820
23.160
23.200
23.500
23.540
23.590
23.870
24.060
24.250
24.320
24.600
24.920
24.970
25.330
25.690
26.060
26.130
26.430
26.790
27.170
27.530
27.890
28.080
28.260
28.620
28.990
29.030
29.370
29.460
29.720
