0.250
0.820
1.120
1.580
1.700
2.020
2.520
2.620
2.910
3.790
4.060
4.660
5.100
5.250
5.380
5.510
5.790
6.390
7.320
7.610
7.870
8.170
8.210
8.760
9.050
9.610
9.930
9.970
10.810
10.870
11.090
11.160
11.710
12.180
12.280
12.390
12.570
13.120
13.410
13.690
13.980
14.270
14.870
15.130
15.180
15.730
16.030
16.070
16.340
16.610
16.890
16.950
17.510
17.660
17.800
18.100
18.350
18.510
18.640
18.680
18.940
19.220
19.550
19.810
20.130
20.430
21.010
21.310
21.620
21.870
22.210
22.260
22.730
22.790
23.100
23.320
23.380
23.630
23.970
24.410
24.490
24.560
24.680
24.830
25.270
25.710
25.970
26.260
26.570
27.440
27.730
28.290
28.360
28.880
29.210
