2.130
15.740
24.250
29.230
30.540
30.710
31.240
32.710
35.320
36.170
39.130
39.860
40.510
43.370
45.340
45.670
46.130
48.050
49.020
49.470
49.760
50.020
50.270
50.730
51.350
51.750
51.900
52.340
57.640
62.930
63.250
63.580
63.870
64.230
65.720
65.860
67.330
67.430
67.580
67.790
68.460
69.900
71.140
71.370
73.470
74.420
76.640
81.650
82.330
83.160
84.820
85.670
85.920
86.350
86.480
86.590
91.040
91.180
91.310
91.480
91.560
91.690
91.830
91.940
92.070
93.270
94.300
94.580
95.270
95.870
96.180
96.520
96.830
96.940
97.180
98.050
98.410
98.720
98.820
102.030
102.330
104.470
104.560
104.990
105.400
105.830
106.980
107.680
108.400
109.010
109.400
109.860
109.990
110.260
110.430
110.570
110.610
110.680
111.450
111.540
111.630
112.180
112.510
112.810
113.380
113.480
113.610
115.170
116.150
116.840
117.420
117.760
118.710
119.640
120.210
120.390
120.480
120.600
120.700
120.810
121.870
121.990
122.160
122.240
122.500
122.660
123.160
123.500
123.700
123.860
123.920
124.560
124.650
125.150
125.280
125.400
125.520
125.630
125.820
125.900
125.980
126.610
127.940
128.040
128.270
129.920
130.510
131.120
131.900
132.640
133.410
134.010
134.730
136.450
136.740
136.790
137.280
137.410
138.960
139.500
139.640
140.220
140.380
141.060
141.390
141.920
142.880
143.050
143.260
143.960
144.370
145.210
146.210
146.280
146.340
146.470
146.520
146.590
146.710
146.780
146.840
146.900
146.960
147.020
147.080
147.150
147.210
147.270
147.340
147.400
147.460
147.520
147.970
149.460
150.000
