0.706
0.260
0.700
0.832
0.765
0.839
0.750
0.682
0.829
0.846
0.775
0.826
0.850
0.702
0.711
0.839
0.881
0.836
0.790
0.820
0.870
0.804
0.707
0.768
0.842
0.794
0.936
0.866
0.787
0.791
0.819
0.953
0.891
0.777
0.834
0.824
0.897
0.769
0.844
0.771
0.836
0.852
0.765
0.667
0.805
0.791
0.753
0.773
0.791
0.912
0.778
0.803
0.691
0.785
0.842
0.771
0.742
0.921
0.732
0.845
0.913
0.742
0.803
0.892
0.793
0.942
0.894
0.855
0.824
0.933
0.920
0.963
0.685
0.407
0.829
0.637
0.812
0.793
0.649
0.850
0.584
0.480
0.743
0.806
0.862
0.899
0.463
0.807
0.894
0.809
0.776
0.631
0.925
0.750
0.778
0.820
0.831
0.822
0.879
0.853
0.881
0.828
0.586
0.476
0.896
0.840
0.903
0.690
0.698
0.841
0.854
0.722
0.868
0.643
0.800
0.667
0.648
0.815
0.771
0.844
0.866
0.691
0.696
0.824
0.865
0.734
0.855
0.872
0.786
0.829
0.536
0.868
0.761
0.830
0.802
0.829
0.747
0.800
0.595
0.832
0.860
0.867
0.747
0.234
0.654
0.449
0.491
0.554
0.622
0.627
0.564
0.675
0.878
0.825
0.743
0.718
0.643
0.754
0.783
0.885
0.803
0.851
0.800
0.632
0.791
0.843
0.692
0.808
0.914
0.624
0.617
0.857
0.537
0.793
0.718
0.919
0.830
0.832
0.764
0.799
0.875
0.719
0.747
0.586
0.929
