0.010
0.220
0.280
0.430
0.950
1.340
1.600
1.750
1.890
1.970
3.910
5.200
5.490
5.540
5.590
5.880
5.960
6.050
6.250
6.850
7.630
8.010
8.190
8.360
8.560
8.850
9.380
11.290
11.340
11.470
11.570
11.620
12.080
12.130
12.340
12.630
13.070
13.260
13.560
13.610
13.740
13.790
13.980
14.150
14.340
14.390
14.580
15.320
16.130
16.180
16.460
16.670
17.980
18.300
18.540
18.670
19.330
19.400
19.670
19.810
19.860
20.020
20.070
20.230
20.410
20.490
20.550
20.660
20.890
20.940
21.200
21.610
23.500
23.550
23.600
23.750
23.870
23.980
24.130
24.180
24.300
24.420
24.570
24.620
24.690
24.840
24.960
25.140
25.270
25.390
25.450
25.570
25.620
25.720
25.850
26.000
26.160
26.240
26.360
26.560
26.770
26.850
27.380
27.660
27.710
27.880
28.040
28.270
28.400
28.560
28.630
28.680
28.770
28.920
29.020
29.330
30.500
30.590
30.640
30.820
31.020
32.490
32.690
32.980
33.530
33.580
33.770
33.910
34.020
34.120
34.200
34.450
34.590
34.640
34.740
34.930
35.020
35.580
36.170
36.550
37.240
37.580
37.670
37.830
38.240
38.400
38.500
38.740
38.990
39.040
39.300
39.510
39.690
40.020
40.070
40.210
40.280
40.330
40.480
40.600
40.680
40.760
40.850
40.900
41.620
41.750
41.800
42.000
42.120
42.200
42.340
42.500
42.670
42.720
43.170
44.630
44.680
44.960
45.130
46.820
46.990
47.040
47.130
47.180
47.340
47.420
48.450
49.530
49.990
50.060
50.110
50.270
50.430
50.480
50.530
50.580
50.630
50.930
50.980
51.070
51.120
51.240
51.290
51.470
51.720
51.800
51.900
52.080
52.220
52.410
52.460
52.510
52.930
53.240
53.450
53.620
53.700
53.750
53.800
53.900
54.040
54.110
54.280
54.650
55.080
55.130
55.340
55.520
55.670
55.810
56.010
56.140
56.320
56.370
56.460
56.560
56.610
56.710
56.820
57.080
57.460
57.630
57.700
57.840
58.030
58.170
58.220
58.310
58.390
58.560
58.750
59.080
59.160
59.230
59.310
59.360
59.530
59.640
59.730
59.920
60.160
60.270
60.330
60.720
60.770
62.200
