0.545
0.077
0.467
0.575
0.729
0.708
0.698
0.600
0.698
0.833
0.680
0.688
0.750
0.548
0.560
0.656
0.830
0.750
0.700
0.632
0.795
0.630
0.500
0.702
0.800
0.624
0.696
0.645
0.648
0.667
0.659
0.929
0.765
0.639
0.786
0.620
0.573
0.533
0.554
0.508
0.594
0.576
0.556
0.477
0.516
0.480
0.482
0.570
0.731
0.753
0.431
0.726
0.519
0.417
0.743
0.440
0.416
0.873
0.667
0.674
0.714
0.437
0.545
0.662
0.442
0.916
0.708
0.815
0.701
0.840
0.750
0.835
0.085
0.140
0.657
0.596
0.771
0.591
0.485
0.757
0.416
0.176
0.500
0.662
0.579
0.949
0.079
0.725
0.845
0.648
0.873
0.571
1.000
0.642
0.667
0.781
0.764
0.879
0.795
0.750
0.849
0.615
0.958
0.357
0.803
0.644
1.000
0.782
0.536
0.824
0.750
0.584
0.800
0.603
0.700
0.733
0.573
0.605
0.670
0.636
0.855
0.694
0.517
0.622
0.756
0.227
0.743
0.749
0.790
0.688
0.649
0.718
0.550
0.691
0.512
0.736
0.431
0.631
0.233
0.930
0.724
0.745
0.443
0.246
0.343
0.329
0.330
0.396
0.357
0.450
0.619
0.438
0.796
0.785
0.605
0.484
0.714
0.833
0.729
0.821
0.714
0.768
0.580
0.367
0.660
0.804
0.250
0.610
0.873
0.341
0.314
0.767
0.512
0.641
0.448
0.726
0.772
0.431
0.700
0.664
0.855
0.550
0.827
0.515
0.864
