0.010
0.205
0.890
1.580
2.215
2.825
3.440
4.020
4.595
4.885
5.135
5.420
5.695
5.965
6.230
6.750
7.025
7.280
7.535
7.790
8.050
8.300
8.550
8.800
9.055
9.300
9.545
9.795
10.035
10.270
10.505
10.735
10.970
11.170
11.385
11.595
11.790
11.985
12.195
12.385
12.580
12.780
12.965
13.155
13.340
13.515
13.695
13.880
14.040
14.215
14.390
14.565
14.725
14.895
15.050
15.210
15.375
15.530
15.670
15.815
15.955
16.100
16.250
16.395
16.525
16.650
16.780
16.905
17.030
17.170
17.270
17.380
17.505
17.610
17.720
17.835
17.935
18.020
18.135
18.225
18.335
18.445
18.535
18.625
18.730
18.815
18.950
21.070
21.205
21.470
21.730
21.870
21.990
22.245
22.525
22.780
23.055
23.320
23.570
23.835
24.105
24.270
24.375
24.635
24.905
25.175
25.450
25.620
25.710
25.985
26.245
26.415
26.510
26.675
26.770
27.040
27.315
27.585
27.740
27.840
28.115
28.380
28.545
28.640
28.815
28.910
29.175
29.445
29.715
29.980
30.250
30.390
30.500
30.765
31.050
31.310
31.590
31.860
32.120
32.390
32.650
32.820
32.920
33.195
33.470
33.735
33.900
34.005
34.155
34.265
34.525
34.665
34.800
34.945
35.065
35.325
35.600
35.865
36.135
36.285
36.400
36.665
36.940
37.090
37.210
37.475
37.750
38.015
38.150
38.410
38.535
38.685
38.795
38.950
39.060
39.325
39.605
39.865
40.140
40.280
40.555
40.665
40.935
41.205
41.365
41.465
41.630
41.720
41.990
42.265
42.540
42.705
42.805
43.075
43.335
43.510
43.600
43.765
43.855
44.125
44.285
44.385
44.555
44.650
44.810
44.915
45.180
45.450
45.705
45.915
46.030
46.110
46.230
46.480
46.740
46.800
46.875
47.000
47.250
47.395
47.515
47.780
48.315
48.590
48.865
49.005
49.125
49.375
49.650
49.920
50.170
50.430
50.700
50.970
51.130
51.235
51.500
51.770
52.040
52.290
52.555
52.820
52.970
53.240
53.360
53.620
53.890
54.040
54.145
54.305
54.425
54.675
54.945
55.075
55.345
55.620
55.880
56.000
56.275
56.555
56.820
57.095
57.360
57.505
57.620
57.885
58.140
58.315
58.415
58.670
58.940
59.210
59.355
59.630
59.745
59.995
60.155
60.265
60.415
60.535
60.695
60.780
61.055
61.325
61.595
61.745
61.860
62.115
62.395
62.545
62.655
62.925
63.190
63.460
63.600
63.735
63.895
64.155
64.270
64.415
64.525
64.800
65.080
65.340
65.625
65.890
66.145
66.405
66.670
66.830
66.940
67.200
67.475
67.745
67.895
68.015
68.160
68.285
68.545
68.710
68.815
68.955
69.085
69.340
69.615
69.890
70.160
70.320
70.420
70.690
70.965
71.125
71.225
71.495
71.755
72.025
72.280
72.355
72.440
72.530
72.620
72.775
72.860
72.950
73.045
73.315
73.850
74.130
74.405
74.565
74.665
74.930
75.205
75.370
75.470
75.735
76.000
76.275
76.555
76.710
76.825
77.100
77.360
77.535
77.635
77.805
77.895
78.170
78.440
78.710
78.875
78.980
79.250
79.425
79.520
79.680
79.800
79.965
80.045
80.320
80.585
80.840
80.990
81.250
81.515
81.630
81.915
82.460
82.745
83.020
83.170
83.270
83.540
83.815
83.965
84.080
84.340
84.615
84.890
85.050
85.160
85.310
85.435
85.705
85.975
86.135
86.240
86.510
86.775
87.040
87.215
87.315
87.470
87.580
87.855
88.120
88.260
88.380
88.520
88.775
88.900
89.160
89.300
89.540
89.670
89.925
90.385
90.515
