0.977
1.000
0.900
0.941
0.917
0.944
1.000
0.969
0.935
0.936
0.962
0.921
0.934
0.969
0.985
1.000
1.000
1.000
1.000
1.000
1.000
0.857
0.931
0.952
0.910
0.962
0.961
0.294
0.773
0.719
0.944
1.000
0.896
1.000
1.000
1.000
0.929
0.947
0.845
1.000
0.957
1.000
1.000
0.913
0.922
0.958
0.458
0.927
0.923
0.667
0.688
0.792
0.677
0.794
0.708
0.895
1.000
1.000
1.000
1.000
0.975
0.864
1.000
0.818
0.915
0.870
0.905
0.948
0.731
1.000
0.955
0.885
0.952
0.900
0.804
0.811
1.000
0.973
0.762
0.958
1.000
0.903
0.850
1.000
0.955
0.966
1.000
0.974
1.000
1.000
0.698
0.727
0.814
0.933
0.693
0.636
0.864
0.565
0.480
0.656
0.872
0.738
0.843
0.574
0.795
0.852
0.491
0.807
0.800
0.659
0.625
0.618
0.841
0.764
0.646
0.786
0.882
0.675
0.940
0.747
0.893
0.720
0.908
0.708
0.859
0.697
0.790
0.705
0.725
0.680
0.732
0.544
0.615
0.781
0.583
0.781
0.481
0.764
0.824
0.720
0.675
0.901
0.783
0.742
0.857
0.873
0.742
0.859
0.948
0.923
0.778
0.990
0.891
0.640
0.914
0.790
0.722
0.867
0.991
0.772
0.900
0.859
0.957
0.985
0.671
0.696
0.857
0.731
0.716
0.803
0.980
0.931
0.544
0.720
0.248
0.059
0.591
0.824
0.544
0.888
0.714
0.934
0.657
0.966
0.889
0.833
0.545
0.714
1.000
0.758
0.778
0.950
0.719
0.618
0.723
0.920
0.784
0.715
0.871
0.679
0.500
0.857
0.863
0.746
0.800
1.000
1.000
0.987
1.000
1.000
0.778
1.000
1.000
0.818
0.944
0.607
0.800
1.000
1.000
0.745
0.591
0.667
0.953
0.928
0.494
0.833
0.487
0.733
0.933
0.567
0.651
1.000
0.700
0.800
0.667
0.855
0.778
0.552
0.816
0.825
0.686
0.676
0.840
0.634
0.801
0.900
0.708
0.787
0.676
0.885
0.550
0.521
0.750
0.753
0.724
0.730
0.849
0.821
0.823
0.511
0.711
0.501
0.435
0.383
0.467
0.396
1.000
0.950
1.000
1.000
0.815
0.662
0.907
0.839
0.964
0.889
0.829
0.821
0.753
0.768
0.681
0.837
0.920
0.913
0.979
0.797
0.909
0.750
1.000
0.902
0.733
0.837
0.875
0.586
0.767
0.709
0.400
0.914
1.000
0.873
0.775
0.980
0.853
1.000
0.662
0.984
0.930
1.000
1.000
1.000
0.895
0.582
0.983
0.684
0.499
0.838
0.214
0.562
0.577
0.727
0.841
