0.058
0.406
0.662
1.033
1.149
1.416
1.533
1.788
2.159
2.543
2.705
2.902
3.077
3.332
3.483
3.715
3.866
4.098
4.644
5.027
5.271
5.642
5.828
6.060
6.188
6.571
6.827
7.198
7.338
7.721
7.976
8.359
8.522
8.742
9.149
9.520
9.903
10.275
11.436
11.819
12.330
12.725
12.992
13.351
13.502
13.746
13.874
14.118
14.501
14.872
15.023
15.244
15.406
15.650
15.801
16.161
16.417
16.951
17.334
17.578
17.937
18.309
18.471
18.715
18.855
19.098
19.586
19.958
20.201
20.550
20.689
20.910
21.060
21.304
21.664
22.198
22.454
22.825
23.208
23.336
24.102
24.439
25.240
25.658
26.041
26.819
27.434
28.247
28.619
29.141
29.396
29.559
29.803
