0.232
0.789
1.335
1.567
1.811
2.078
2.310
2.844
3.355
3.622
3.866
4.087
4.331
4.853
5.375
5.654
5.898
6.153
6.385
6.885
7.152
7.407
7.674
7.918
8.162
8.394
8.928
9.439
9.474
9.718
9.961
10.194
10.437
10.704
10.925
11.192
11.447
11.691
11.935
12.156
12.423
12.934
13.444
13.700
13.955
14.199
14.234
14.454
14.721
14.942
15.209
15.441
15.697
15.952
16.196
16.440
16.962
17.485
17.740
17.995
18.251
18.483
19.006
19.505
19.772
20.016
20.225
20.271
20.503
21.026
21.525
21.792
22.036
22.512
22.790
23.023
23.290
23.557
23.789
24.021
24.265
24.520
25.031
25.530
25.797
26.041
26.285
26.506
27.028
27.295
27.527
27.771
28.015
28.259
28.514
29.002
29.524
29.780
30.035
30.290
30.557
