0.035
0.139
0.360
0.604
0.813
1.033
1.254
1.405
1.509
1.614
1.707
1.939
2.159
2.299
2.415
2.519
2.624
2.717
2.833
2.961
3.053
3.286
3.495
3.634
3.727
3.936
4.191
4.400
4.621
4.783
4.818
4.876
4.981
5.085
5.155
5.364
5.596
5.793
5.863
5.933
6.072
6.107
6.293
6.420
6.502
6.653
6.734
6.931
6.966
7.036
7.198
7.233
7.419
7.663
7.814
7.918
8.115
8.150
8.278
8.359
8.487
8.580
8.835
9.056
9.288
9.485
9.520
9.660
9.764
9.880
9.973
10.112
10.205
10.321
10.437
10.507
10.565
10.646
10.704
10.844
10.890
10.960
11.134
11.215
11.343
11.413
11.633
11.831
12.051
12.214
12.295
12.330
12.539
12.574
12.759
13.003
13.224
13.491
13.572
13.700
13.735
13.944
14.095
14.176
14.222
14.408
14.478
14.629
14.849
14.884
15.058
15.116
15.337
15.557
15.778
15.999
16.277
16.335
16.486
16.718
16.951
17.218
17.473
17.601
17.868
17.926
17.984
18.112
18.344
18.379
18.599
18.797
18.843
19.052
19.087
19.122
19.261
19.319
19.482
19.632
19.737
19.783
19.865
19.946
19.992
20.213
20.445
20.666
20.956
21.084
21.153
21.223
21.328
21.420
21.618
21.850
21.885
22.071
22.291
22.338
22.535
22.802
22.837
23.011
23.243
23.290
23.359
23.487
23.742
23.951
24.184
24.404
24.555
24.648
24.880
25.101
25.333
25.368
25.472
25.588
25.809
25.855
25.937
26.064
26.273
26.366
26.506
26.587
26.738
26.773
26.993
27.202
27.446
27.643
27.678
27.783
27.899
28.143
28.410
28.607
28.874
29.095
29.350
29.582
29.803
30.035
30.267
30.488
30.708
30.743
30.952
