0.035
0.313
0.580
0.824
0.987
1.115
1.370
1.649
1.927
2.194
2.461
2.740
3.007
3.146
3.274
3.553
3.820
4.087
4.354
4.632
4.899
5.166
5.317
5.433
5.700
5.979
6.246
6.513
6.664
6.780
7.059
7.326
7.605
7.872
8.139
8.417
8.673
8.951
9.218
9.497
9.636
9.764
10.031
10.298
10.577
10.844
11.053
11.122
11.389
11.656
11.796
11.923
12.202
12.458
12.736
13.003
13.282
13.549
13.816
14.083
14.362
14.501
14.629
14.896
15.047
15.163
15.314
15.430
15.592
15.708
15.987
16.126
16.254
16.800
17.078
17.334
17.612
17.879
18.146
18.390
18.425
18.680
18.947
19.122
19.365
19.493
19.760
20.039
20.306
20.573
20.852
21.119
21.386
21.653
21.931
22.198
22.465
22.732
23.011
23.278
23.545
23.684
23.824
23.963
24.091
24.358
24.636
24.811
24.903
25.170
25.437
25.716
25.879
25.995
26.262
26.517
26.796
27.063
27.341
27.609
28.015
28.154
28.421
28.688
29.234
29.501
29.768
