0.035
0.128
0.163
0.360
0.476
0.697
0.813
1.057
1.405
1.765
1.881
2.136
2.241
2.450
2.566
2.810
2.949
3.181
3.274
3.506
3.622
3.820
4.005
4.226
4.331
4.540
4.574
4.667
5.027
5.352
5.619
5.700
5.933
6.049
6.258
6.293
6.409
6.629
6.780
6.908
6.966
7.314
7.442
7.628
7.697
7.802
8.057
8.127
8.359
8.475
8.615
8.707
8.835
9.091
9.183
9.416
9.764
9.880
10.124
10.240
10.495
10.600
10.844
10.937
11.192
11.297
11.540
11.633
11.993
12.225
12.341
12.539
12.934
13.050
13.247
13.410
13.607
13.769
13.990
14.106
14.234
14.315
14.443
14.547
14.652
14.687
14.756
14.977
15.163
15.279
15.360
15.488
15.697
15.824
16.045
16.184
16.382
16.521
16.893
17.078
17.218
17.380
17.427
17.578
17.786
17.949
18.135
18.286
18.495
18.622
18.889
18.994
19.215
19.319
19.551
19.667
19.865
19.900
20.016
20.236
20.376
20.550
20.596
20.701
20.747
21.026
21.269
21.397
21.769
22.013
22.105
22.361
22.465
22.663
23.011
23.115
23.232
23.313
23.348
23.429
23.487
23.684
23.719
23.812
23.940
24.044
24.172
24.381
24.520
24.660
24.718
24.752
24.857
25.008
25.078
25.205
25.403
25.519
25.728
25.890
26.064
26.169
26.506
26.622
26.807
26.912
27.249
27.318
27.458
27.550
28.026
28.166
28.282
28.665
28.874
28.920
29.002
29.211
29.327
29.547
29.698
