0.035
0.522
0.685
1.010
1.184
1.347
1.486
1.834
1.974
2.148
2.322
2.485
2.635
2.786
2.949
3.123
3.286
3.390
3.425
3.599
3.738
4.075
4.226
4.389
4.574
4.737
4.888
5.039
5.224
5.399
5.538
5.700
5.875
6.002
6.374
6.478
6.653
6.815
7.001
7.129
7.291
7.465
7.790
7.953
8.115
8.452
8.800
8.940
9.091
9.288
9.427
9.752
9.938
10.089
10.263
10.391
10.739
10.913
11.064
11.227
11.262
11.378
11.714
11.865
12.028
12.225
12.341
12.690
12.794
12.852
13.015
13.154
13.328
13.653
13.746
13.816
13.851
13.978
14.280
14.315
14.524
14.652
14.756
14.814
14.954
15.093
15.302
15.627
15.766
15.929
16.196
16.289
16.625
16.776
16.939
17.090
17.252
17.601
17.763
17.926
18.100
18.204
18.239
18.576
18.669
18.739
18.901
19.040
19.215
19.528
19.691
19.853
20.027
20.178
20.352
20.503
20.654
20.828
20.991
21.142
21.328
21.467
21.618
21.769
21.931
22.071
22.105
22.430
22.523
22.605
22.756
22.895
23.057
23.406
23.557
23.963
24.033
24.358
24.683
25.020
25.170
25.472
25.844
25.948
26.111
26.285
26.598
26.761
27.074
27.225
27.388
27.690
27.887
28.003
28.352
28.537
28.677
28.828
28.979
29.153
29.327
29.478
29.617
29.652
29.919
30.256
30.290
30.418
30.592
30.755
31.092
31.196
