0.035
0.104
0.360
0.627
0.894
1.161
1.416
1.649
1.683
1.950
2.078
2.218
2.473
2.740
3.007
3.262
3.529
3.796
4.063
4.331
4.586
4.853
5.120
5.375
5.642
5.909
6.177
6.444
6.699
6.966
7.233
7.488
7.755
8.022
8.301
8.568
8.719
8.835
9.033
9.509
9.625
9.880
10.124
10.403
10.681
10.925
11.076
11.192
11.459
11.726
11.993
12.249
12.516
12.794
13.038
13.305
13.549
13.839
14.106
14.362
14.605
14.907
15.151
15.418
15.685
15.940
16.208
16.475
16.742
17.009
17.136
17.252
17.461
17.531
17.775
17.949
18.065
18.228
18.332
18.471
18.588
18.855
19.110
19.377
19.609
19.644
19.911
20.167
20.271
20.434
20.701
20.956
21.235
21.374
21.467
21.745
22.013
22.163
22.291
22.547
22.814
23.046
23.348
23.603
23.859
24.137
24.393
