0.035
0.186
0.580
0.964
1.161
1.347
1.544
1.741
1.939
2.125
2.241
2.519
2.705
2.914
3.111
3.170
3.274
3.611
4.087
4.470
4.632
4.783
4.865
5.120
5.642
5.770
5.840
6.618
6.815
7.198
7.396
7.593
7.779
7.976
8.173
8.359
8.545
8.754
8.951
9.021
9.067
9.149
9.230
9.346
9.543
9.741
9.927
10.124
10.321
10.704
11.099
11.494
11.691
11.877
12.074
12.272
12.469
12.678
12.852
12.968
13.050
13.247
13.433
13.630
13.816
14.025
14.211
14.408
14.594
14.791
14.988
15.383
15.581
15.743
15.975
16.161
16.358
16.556
16.753
16.939
17.136
17.334
17.531
17.717
17.914
18.100
18.262
18.309
18.506
18.669
18.901
19.075
19.284
19.447
19.667
19.865
