0.035
0.209
0.430
0.662
0.917
1.184
1.440
1.660
1.927
2.159
2.392
2.647
2.879
3.135
3.379
3.599
3.843
4.098
4.319
4.354
4.574
4.795
4.830
5.050
5.283
5.515
5.770
6.002
6.235
6.478
6.711
6.954
7.187
7.442
7.663
7.895
8.127
8.243
8.359
8.394
8.568
8.615
9.044
9.346
9.381
9.532
9.776
9.810
9.996
10.240
10.472
10.693
10.739
10.925
11.157
11.622
11.854
12.086
12.318
12.353
12.539
12.585
12.783
13.061
13.235
13.386
13.421
13.700
13.932
14.164
14.199
14.385
14.629
14.826
14.872
15.325
15.569
15.778
15.929
16.022
16.219
16.266
16.428
16.498
16.672
16.788
16.962
17.090
17.427
17.670
17.752
17.856
17.891
18.146
18.344
18.588
18.808
19.040
19.273
19.505
19.737
19.853
20.190
20.445
20.654
20.875
21.119
21.293
21.362
21.571
21.780
22.036
22.198
22.280
22.477
22.721
22.953
23.092
23.220
23.406
23.673
23.847
24.067
24.126
24.346
24.648
24.845
25.066
25.112
25.321
25.542
25.786
25.948
26.041
26.157
26.273
26.506
26.738
26.842
26.958
27.098
27.202
27.423
27.655
27.922
28.143
28.189
28.386
28.456
28.619
28.874
28.932
29.095
29.338
29.571
29.803
