0.035
0.337
0.476
0.906
1.265
1.544
1.939
2.368
2.786
2.891
2.995
3.425
3.773
4.238
4.470
4.679
4.888
5.236
5.515
6.629
6.803
7.070
7.802
8.533
8.580
9.218
9.520
9.683
10.066
10.728
11.459
11.831
12.202
12.446
12.562
12.934
13.293
13.653
13.909
14.013
14.257
14.385
14.454
14.756
14.826
15.116
15.488
15.662
15.859
16.208
16.567
16.939
17.322
17.682
18.042
18.112
18.413
18.646
18.785
19.145
19.505
19.876
20.608
20.968
21.165
21.374
21.699
21.792
22.071
22.430
22.814
23.185
23.533
23.568
23.905
24.276
24.358
24.625
24.938
25.368
25.728
25.925
26.088
26.157
26.459
26.819
26.947
27.051
27.202
27.237
27.434
27.562
27.922
28.026
28.294
28.410
28.653
29.013
29.071
29.396
29.431
29.652
29.756
