0.035
0.139
0.430
0.604
0.789
0.917
1.022
1.138
1.254
1.300
1.718
1.881
1.939
1.974
2.009
2.043
2.136
2.171
2.473
2.577
2.717
3.077
3.228
3.344
3.460
3.564
3.878
4.029
4.087
4.214
4.284
4.331
4.888
4.992
5.352
5.480
5.735
5.851
5.979
6.107
6.653
6.861
6.954
7.059
7.187
7.279
7.396
7.465
7.605
7.779
7.814
7.918
7.953
8.081
8.197
8.324
8.417
8.882
9.079
9.114
9.218
9.625
9.706
9.741
9.868
10.356
10.403
10.519
10.623
10.820
10.867
11.273
11.366
11.517
11.598
11.842
11.912
12.260
12.318
12.365
12.701
12.806
13.061
13.259
13.479
13.630
13.781
13.827
13.874
14.048
14.118
14.211
14.269
14.327
14.536
14.803
14.907
15.256
15.488
15.615
15.766
15.824
15.906
16.022
16.126
16.347
16.498
16.649
16.776
16.904
16.985
17.113
17.194
17.508
17.740
17.856
18.007
18.204
18.262
18.437
18.762
18.843
19.029
19.168
19.482
19.679
19.818
19.934
20.027
20.143
20.213
20.317
20.550
20.666
20.817
21.095
21.525
21.618
21.734
21.792
21.943
22.001
22.140
22.396
22.651
22.860
22.906
23.092
23.162
23.382
23.603
23.812
24.718
25.136
25.646
25.786
25.960
26.285
26.343
26.448
26.598
26.703
27.005
27.063
27.492
27.597
27.736
27.841
27.934
27.968
28.085
28.212
28.317
28.433
28.468
28.526
29.199
29.431
29.629
29.884
