0.035
0.174
0.244
0.279
0.464
0.615
0.766
0.894
0.964
1.242
1.300
1.533
1.660
1.741
2.009
2.229
2.357
2.531
2.566
2.601
2.717
2.891
3.053
3.135
3.460
3.518
3.692
3.727
3.936
4.122
4.284
4.319
4.447
4.563
4.748
4.992
5.097
5.132
5.224
5.294
5.410
5.457
5.538
5.608
5.724
5.805
5.944
6.107
6.385
6.420
6.478
6.699
6.815
6.850
6.896
7.012
7.117
7.152
7.256
7.419
7.465
7.628
7.755
7.814
7.872
8.011
8.127
8.173
8.220
8.371
8.464
8.499
8.649
8.707
8.858
8.986
9.195
9.323
9.358
9.532
9.683
9.729
9.787
9.927
