0.035
0.093
0.174
0.244
0.348
0.441
0.488
0.534
0.685
0.848
0.894
0.964
1.022
1.068
1.207
1.289
1.416
1.463
1.521
1.579
1.637
1.741
1.776
1.927
1.974
2.020
2.067
2.113
2.206
2.264
2.322
2.368
2.426
2.473
2.554
2.601
2.647
2.844
2.949
3.030
3.065
3.170
3.297
3.460
3.611
3.785
3.831
4.005
4.040
4.098
4.145
4.203
4.307
4.342
4.412
4.540
4.667
4.748
4.807
4.992
5.027
5.108
5.178
5.294
5.375
5.550
5.689
5.793
5.828
5.875
5.979
6.095
6.177
6.316
6.444
6.502
6.548
6.629
6.676
6.745
6.803
6.873
7.024
7.094
7.221
7.419
7.616
7.755
7.848
7.918
8.081
8.115
8.255
8.324
8.382
8.429
8.533
8.603
8.638
8.673
8.707
8.789
8.940
9.009
9.091
9.149
9.253
9.311
9.427
9.497
9.578
9.683
9.718
9.834
9.950
