0.390
1.020
1.140
1.400
1.780
2.150
2.520
2.680
2.890
3.460
3.700
3.840
4.110
4.630
5.010
5.250
5.630
5.810
6.180
7.190
7.320
7.600
7.700
7.970
8.520
8.730
9.130
9.520
9.900
10.280
10.340
10.890
11.420
11.800
12.310
12.700
13.340
13.480
13.730
14.100
14.860
15.000
15.390
15.780
16.150
16.400
16.950
17.320
17.560
17.930
18.460
18.710
18.840
19.570
19.840
19.950
20.190
20.680
20.900
21.280
21.660
22.180
22.430
22.840
23.320
23.580
24.100
24.420
24.480
25.220
25.650
25.780
26.020
26.410
26.800
27.440
27.810
29.140
29.540
29.780
30.090
