0.785
0.842
0.818
0.762
0.647
0.800
0.827
0.871
0.839
0.926
0.819
0.867
0.870
0.984
0.985
0.967
0.712
0.831
0.621
0.951
0.897
0.634
0.889
0.808
0.718
0.704
0.761
0.229
0.579
0.492
0.296
0.652
0.753
0.703
0.792
0.735
0.667
0.897
0.879
0.800
0.759
0.698
0.433
0.684
0.597
0.495
0.414
0.623
0.177
0.797
0.841
0.831
0.840
0.397
0.311
0.466
0.350
0.448
0.146
0.308
0.844
0.835
0.659
0.922
0.900
0.854
0.902
0.904
0.825
0.986
0.600
0.868
0.523
0.485
0.865
0.876
0.892
0.775
0.724
0.846
0.500
0.857
0.702
0.881
0.846
0.764
0.619
0.425
0.327
0.492
0.850
0.630
0.800
0.920
0.848
0.828
0.839
0.774
0.796
0.902
0.901
0.882
0.836
0.845
0.916
0.781
0.770
0.738
0.889
0.861
0.929
0.892
0.840
0.855
0.911
0.902
0.846
0.866
0.874
0.872
0.896
0.800
0.768
0.850
0.889
0.889
0.890
0.655
0.872
0.831
0.846
0.851
0.876
0.880
0.785
0.876
0.726
0.857
0.873
0.810
0.863
0.903
0.785
0.903
0.880
0.806
0.872
0.805
0.757
0.883
0.903
0.831
0.852
0.859
0.911
0.908
0.910
0.373
0.636
0.459
0.784
0.918
0.643
0.893
0.810
0.815
0.870
0.612
0.875
0.869
0.671
0.951
0.702
0.867
0.600
0.487
0.778
0.822
0.852
0.856
0.416
0.864
0.816
0.860
0.086
0.889
0.766
0.642
0.997
0.815
0.767
0.714
0.824
0.713
0.879
0.812
0.876
0.885
0.854
0.825
0.482
0.703
0.921
0.874
0.841
1.000
1.000
1.000
1.000
0.875
0.882
1.000
0.882
0.845
0.914
0.783
0.833
1.000
1.000
0.900
0.907
0.759
0.925
0.880
0.759
0.873
0.667
0.868
0.536
0.681
0.739
1.000
0.805
0.758
0.560
0.891
0.691
0.708
0.880
1.000
0.859
0.870
0.619
0.856
0.882
0.852
0.819
0.805
0.592
0.861
0.758
0.885
0.886
0.851
0.614
0.840
0.555
0.920
0.878
0.865
0.808
0.328
0.772
0.484
0.544
0.572
0.467
0.532
0.514
0.680
0.870
0.903
0.775
0.786
0.609
0.839
0.848
0.821
0.825
0.813
0.828
0.618
0.874
0.923
0.553
0.811
0.891
0.602
0.577
0.694
0.909
0.558
0.837
0.738
0.917
0.922
0.840
0.442
0.604
0.533
0.874
0.922
0.908
0.341
0.767
0.984
0.943
1.000
1.000
1.000
0.856
0.479
0.142
0.861
0.799
0.906
0.317
0.824
0.822
0.526
0.940
