0.875
0.875
1.000
0.971
0.857
0.941
0.925
0.938
0.897
0.921
0.885
0.919
0.742
0.984
0.759
0.779
0.981
0.831
0.878
1.000
1.000
0.889
0.912
0.865
0.819
0.839
0.852
0.100
0.750
0.615
0.353
0.720
0.911
1.000
0.987
0.945
0.769
0.870
1.000
0.789
0.909
0.779
0.580
0.853
0.609
0.710
0.585
0.643
0.145
0.690
0.672
0.727
0.680
0.492
0.370
0.491
0.615
0.690
0.800
0.364
0.935
0.842
0.870
0.902
0.886
0.694
0.895
0.906
0.902
0.939
0.826
0.833
0.400
0.421
0.907
0.866
0.824
0.831
0.750
0.913
0.786
0.912
0.909
0.966
0.900
0.850
0.789
0.529
0.625
0.681
0.667
0.643
0.647
0.879
0.762
0.788
0.811
0.620
0.582
0.800
0.867
0.857
0.776
0.734
0.857
0.736
0.632
0.707
0.827
0.811
0.887
0.857
0.781
0.831
0.863
0.923
0.891
0.711
0.803
0.865
0.857
0.772
0.804
0.796
0.847
0.835
0.766
0.699
0.830
0.827
0.698
0.750
0.744
0.920
0.782
0.760
0.702
0.812
0.827
0.658
0.742
0.934
0.638
0.859
0.861
0.714
0.750
0.844
0.590
0.950
0.914
0.910
0.769
0.788
0.944
0.852
0.926
0.485
0.488
0.457
0.902
0.917
0.838
0.930
0.608
0.798
0.903
0.530
0.690
0.720
0.660
1.000
0.594
0.860
0.406
0.480
0.581
0.711
0.828
0.931
0.380
0.870
0.725
0.974
0.065
0.821
0.817
0.456
0.997
0.769
0.750
0.837
0.828
0.636
0.824
0.798
0.865
0.857
0.880
0.705
0.721
0.727
0.916
0.862
0.805
0.889
1.000
0.986
1.000
1.000
0.875
0.984
0.933
0.514
0.848
0.756
0.952
1.000
1.000
0.828
0.875
0.826
0.911
0.896
0.732
0.889
0.582
0.808
0.619
0.522
0.823
1.000
0.727
0.891
0.870
0.891
0.642
0.696
0.866
1.000
0.825
0.855
0.683
0.844
0.870
0.715
0.821
0.825
0.404
0.863
0.685
0.826
0.797
0.812
0.723
0.649
0.283
0.860
0.854
0.806
0.683
0.274
0.624
0.455
0.452
0.564
0.579
0.593
0.323
0.676
0.839
0.839
0.557
0.558
0.476
0.714
0.776
0.783
0.800
0.812
0.810
0.455
0.750
0.864
0.732
0.796
0.933
0.522
0.456
0.811
0.824
0.431
0.743
0.679
0.919
0.857
0.667
0.492
0.552
0.486
0.844
0.874
0.906
0.623
0.830
0.954
0.980
1.000
1.000
1.000
0.835
0.591
0.080
0.810
0.750
0.894
0.214
0.598
0.732
0.522
0.914
