0.878
0.857
0.952
0.829
0.647
0.811
0.925
0.919
0.781
0.932
0.865
0.919
0.870
1.000
0.969
0.944
0.722
1.000
0.766
0.935
0.897
0.815
0.912
0.844
0.762
0.842
0.740
0.100
0.667
0.545
0.390
0.658
0.651
0.813
0.817
0.881
0.643
0.857
0.991
0.703
0.807
0.871
0.396
0.759
0.551
0.518
0.460
0.662
0.200
0.667
0.818
0.765
0.839
0.447
0.345
0.481
0.435
0.524
0.267
0.295
0.886
0.846
0.882
0.911
0.921
0.795
0.911
0.889
0.821
0.971
0.667
0.766
0.452
0.538
0.887
0.774
0.861
0.765
0.667
0.800
0.688
0.897
0.889
0.883
0.821
0.839
0.853
0.556
0.561
0.681
0.750
0.636
0.829
0.846
0.744
0.783
0.825
0.632
0.622
0.839
0.881
0.822
0.790
0.803
0.870
0.768
0.707
0.768
0.842
0.794
0.936
0.866
0.787
0.760
0.806
0.935
0.891
0.763
0.808
0.824
0.897
0.708
0.797
0.771
0.836
0.835
0.721
0.645
0.780
0.775
0.753
0.742
0.776
0.912
0.762
0.770
0.691
0.769
0.827
0.747
0.742
0.906
0.714
0.807
0.913
0.742
0.786
0.849
0.768
0.942
0.879
0.858
0.838
0.824
0.921
0.897
0.952
0.545
0.565
0.389
0.925
0.908
0.821
0.868
0.813
0.822
0.837
0.573
0.812
0.793
0.716
1.000
0.606
0.850
0.551
0.416
0.743
0.791
0.862
0.899
0.373
0.888
0.807
0.894
0.079
0.809
0.776
0.577
0.925
0.750
0.704
0.818
0.754
0.648
0.831
0.822
0.879
0.853
0.869
0.817
0.536
0.429
0.898
0.866
0.840
1.000
1.000
1.000
1.000
0.933
0.848
0.949
0.903
0.690
0.914
0.698
0.700
1.000
0.960
0.841
0.854
0.778
0.925
0.886
0.686
0.868
0.643
0.800
0.667
0.632
0.755
1.000
0.759
0.844
0.783
0.866
0.691
0.696
0.781
1.000
0.824
0.865
0.665
0.816
0.861
0.781
0.814
0.797
0.507
0.854
0.735
0.819
0.797
0.823
0.718
0.782
0.410
0.832
0.842
0.838
0.711
0.228
0.635
0.419
0.489
0.528
0.600
0.529
0.513
0.675
0.878
0.825
0.714
0.680
0.643
0.754
0.783
0.885
0.788
0.851
0.800
0.496
0.791
0.843
0.647
0.808
0.914
0.581
0.494
0.707
0.857
0.478
0.775
0.615
0.919
0.815
0.779
0.432
0.570
0.515
0.844
0.907
0.912
0.410
0.683
0.962
0.995
1.000
1.000
1.000
0.861
0.508
0.133
0.762
0.790
0.871
0.360
0.719
0.747
0.517
0.929
