0.010
0.275
0.545
0.735
0.795
0.980
1.085
1.355
1.625
1.900
2.170
2.435
2.710
2.980
3.250
3.520
3.790
4.060
4.330
4.600
4.870
5.140
5.295
5.405
5.680
5.950
6.220
6.490
6.625
6.760
7.035
7.300
7.580
7.845
7.975
8.020
8.115
8.385
8.650
8.925
9.195
9.465
9.625
9.735
9.915
10.005
10.275
10.545
10.815
11.010
11.085
11.355
11.630
11.760
11.900
12.170
12.435
12.710
12.975
13.250
13.520
13.785
13.930
13.965
14.055
14.330
14.470
14.600
14.870
15.005
15.135
15.275
15.405
15.560
15.680
15.960
16.100
16.225
16.495
16.765
17.040
17.305
17.580
17.845
18.020
18.115
18.390
18.655
18.925
19.095
19.335
19.465
19.515
19.735
20.005
20.280
20.415
20.550
20.815
21.085
21.355
21.625
21.895
22.070
22.170
22.435
22.620
22.710
22.975
23.250
23.520
23.655
23.790
23.925
24.055
24.330
24.600
24.780
24.875
25.145
25.410
25.685
25.850
25.960
26.225
26.495
26.765
26.975
27.035
27.305
27.575
27.845
27.980
28.120
28.385
28.655
28.930
29.065
29.200
29.465
29.735
