0.195
0.410
0.805
1.015
1.230
1.345
1.410
1.470
1.505
1.850
1.950
2.040
2.260
2.455
2.660
2.840
2.915
2.970
3.070
3.125
3.495
3.700
3.890
4.095
4.305
4.510
4.690
4.765
4.885
4.930
5.035
5.135
5.180
5.445
5.545
5.745
5.910
5.950
6.025
6.155
6.235
6.365
6.770
6.960
7.120
7.180
7.385
7.585
7.800
8.005
8.105
8.150
8.225
8.295
8.350
8.470
8.620
8.700
8.825
9.030
9.210
9.320
9.450
9.495
9.565
10.060
10.240
10.360
10.470
10.675
10.880
11.085
11.295
11.390
11.440
11.510
11.590
11.640
11.685
11.755
11.910
12.015
12.085
12.320
12.490
12.580
12.735
12.815
12.915
13.125
13.220
13.350
13.570
13.975
14.165
14.380
14.590
14.635
14.730
14.805
14.905
15.020
15.415
15.610
15.790
15.840
15.910
15.995
16.070
16.145
16.235
16.650
16.865
17.005
17.250
17.310
17.460
17.670
17.855
17.945
18.015
18.190
18.305
18.340
18.485
18.585
18.695
18.900
19.080
19.175
19.365
19.510
19.605
19.930
20.130
20.265
20.335
20.540
20.630
20.745
20.845
20.890
20.955
21.135
21.205
21.375
21.455
21.505
21.620
21.780
21.870
21.985
22.185
22.345
22.405
22.605
22.680
22.800
23.090
23.215
23.400
23.540
23.625
23.830
23.905
24.035
24.240
24.450
24.665
