0.085
0.330
0.595
0.860
0.990
1.125
1.385
1.650
1.915
2.045
2.180
2.440
2.710
2.970
3.100
3.235
3.495
3.765
4.030
4.155
4.310
4.555
4.820
5.085
5.215
5.350
5.610
5.875
6.140
6.270
6.420
6.665
6.930
7.195
7.325
7.460
7.730
7.995
8.260
8.380
8.535
8.685
8.800
9.000
9.050
9.315
9.485
9.655
9.750
9.845
10.015
10.110
10.285
10.375
10.645
10.890
11.050
11.165
11.425
11.695
11.955
12.220
12.485
12.620
12.760
13.015
13.275
13.520
13.805
13.845
14.070
14.330
14.605
14.870
15.125
15.385
15.650
15.915
16.180
16.445
16.705
16.845
16.980
17.105
17.220
17.435
17.500
17.735
17.925
18.030
18.195
18.300
18.440
18.555
18.820
18.955
19.075
19.345
19.610
19.880
20.140
20.235
20.270
20.405
20.605
20.670
20.930
21.070
21.210
21.345
21.435
21.725
21.990
22.255
22.515
22.780
23.025
23.315
23.570
23.835
24.100
24.365
