0.090
0.280
0.460
0.630
0.815
0.985
1.170
1.340
1.525
1.690
1.875
2.045
2.225
2.395
2.580
2.750
2.935
3.105
3.285
3.455
3.640
3.810
3.995
4.160
4.350
4.520
4.730
4.875
5.050
5.230
5.585
5.775
5.930
6.100
6.285
6.470
6.640
6.820
6.990
7.170
7.345
7.555
7.695
7.860
8.050
8.235
8.400
8.595
8.755
8.940
9.105
9.460
9.645
9.805
10.000
10.170
10.380
10.525
10.705
10.875
11.055
11.225
11.420
11.580
11.750
11.935
12.125
12.290
12.640
12.815
13.000
13.200
13.345
13.505
13.700
13.880
14.050
14.245
14.400
14.585
14.755
14.940
15.070
