0.025
0.160
0.720
1.160
1.655
2.145
2.380
2.495
2.635
2.960
3.110
3.605
4.095
4.270
4.405
4.555
5.035
5.090
5.485
5.835
5.980
6.470
6.790
6.925
7.245
7.385
7.860
8.180
8.315
8.370
8.655
8.800
9.150
9.285
9.575
9.760
10.055
10.210
10.670
10.870
11.010
11.120
11.180
11.640
11.985
12.150
12.445
12.645
12.800
12.960
13.105
13.440
13.610
13.825
13.895
14.095
14.375
14.415
14.555
14.900
15.055
15.090
15.385
15.540
15.850
16.010
16.305
16.500
16.640
16.785
16.950
17.275
17.420
17.665
17.735
17.920
18.130
18.210
18.360
18.425
18.555
18.695
18.875
19.185
19.350
19.390
19.700
19.845
19.885
20.005
20.160
20.300
20.650
20.785
20.850
21.120
21.220
21.365
21.590
21.635
21.755
22.050
22.220
22.380
22.555
22.685
22.850
22.980
23.150
23.635
23.675
23.940
24.105
24.430
24.580
24.890
25.040
25.095
25.345
25.500
25.665
25.795
25.940
26.245
26.315
26.415
26.495
26.770
26.905
27.005
27.280
27.395
27.770
27.870
28.215
28.360
28.665
28.815
28.855
29.320
29.650
29.805
