0.170
0.305
0.340
0.600
0.690
0.910
1.165
1.250
1.355
1.475
1.650
1.735
1.805
2.065
2.510
3.105
3.220
3.645
3.885
4.045
4.260
4.595
4.710
4.925
5.180
5.315
5.860
5.920
6.145
6.640
7.475
7.755
8.010
8.045
8.210
8.265
8.840
9.370
10.340
10.650
10.775
10.860
11.155
11.525
11.765
11.945
12.440
12.620
13.090
13.255
13.415
13.485
14.045
14.405
14.675
14.770
15.030
15.300
15.500
15.570
16.065
16.195
16.310
20.200
20.570
21.905
22.900
25.600
26.180
26.390
28.440
28.800
28.910
29.215
29.570
29.770
29.830
29.930
30.180
30.305
30.365
30.495
30.640
30.840
31.005
31.185
31.370
31.445
31.780
32.930
33.220
33.500
33.880
33.965
34.025
34.230
34.390
34.895
35.900
36.055
36.220
36.260
36.700
36.890
37.085
37.410
38.470
38.530
39.020
39.170
39.255
39.820
40.485
41.735
42.610
43.110
43.290
43.730
43.925
44.070
44.350
44.420
44.525
44.655
44.885
44.995
45.150
45.240
45.555
45.740
45.800
46.125
46.275
46.675
46.875
47.035
47.200
47.415
47.585
47.680
47.875
47.955
48.160
48.315
48.745
