0.185
0.455
0.695
1.670
2.650
3.650
4.360
4.395
4.610
5.615
6.120
6.925
7.585
7.620
8.075
8.370
8.825
9.050
9.290
9.775
10.010
10.250
10.290
10.500
10.990
11.475
11.980
12.210
12.460
12.765
14.660
14.915
15.155
16.615
18.370
20.020
20.250
20.305
21.140
21.765
23.240
23.730
24.445
24.700
24.930
25.420
25.660
25.905
25.940
26.165
26.595
26.640
27.135
27.635
27.855
28.110
31.965
34.370
35.210
35.840
36.495
36.915
39.135
39.840
40.110
40.450
40.760
43.025
43.700
44.015
44.255
44.480
44.720
45.205
45.240
45.450
45.695
46.175
46.410
46.665
47.160
47.675
48.135
48.370
48.625
49.105
49.140
49.360
49.630
53.760
54.000
54.275
54.500
55.000
55.255
55.530
55.935
55.995
56.225
56.430
56.490
56.960
57.175
57.425
60.615
60.870
61.110
61.145
61.830
61.865
62.105
62.340
62.810
63.535
63.805
64.025
64.070
64.775
65.035
65.280
65.770
66.485
66.525
66.755
67.000
67.720
67.980
68.205
68.690
69.670
69.920
70.165
71.160
71.220
72.165
73.595
74.090
75.090
76.070
77.065
77.500
77.745
77.985
