0.325
0.455
1.370
1.740
2.100
2.400
2.740
3.110
4.490
4.875
4.985
5.030
5.185
5.570
5.900
6.235
6.585
6.940
7.270
7.605
7.930
8.255
8.605
8.700
8.985
9.130
9.295
9.690
10.365
10.695
11.035
11.375
11.710
12.075
12.455
12.800
13.170
13.840
14.160
15.100
15.450
15.785
16.150
16.560
17.020
17.200
17.400
17.765
18.100
18.440
18.765
19.080
19.350
19.440
19.785
20.115
20.470
20.830
21.130
21.300
21.625
22.605
22.935
23.255
23.605
24.950
25.520
25.610
25.955
26.260
27.245
27.550
27.910
28.255
28.555
28.860
29.150
29.505
29.595
30.090
30.440
30.755
31.075
31.390
31.715
32.060
