0.170
0.385
0.600
0.795
1.220
1.450
1.625
1.840
2.055
2.260
2.470
2.685
2.890
3.125
3.340
3.545
3.760
3.960
4.180
4.620
4.835
5.010
5.220
5.665
5.870
6.070
6.290
6.515
6.695
6.920
7.130
7.350
7.555
7.765
7.990
8.160
8.390
8.860
9.085
9.280
9.505
9.715
9.920
10.010
10.085
10.135
10.330
10.755
10.975
11.410
11.810
12.660
13.060
13.180
13.270
13.690
13.905
14.105
14.330
14.720
14.940
15.010
15.130
15.560
15.780
15.970
16.170
16.390
16.615
16.835
17.025
17.240
17.445
17.655
18.065
18.270
18.355
18.475
18.890
19.085
19.285
19.515
19.690
19.920
20.115
20.305
20.510
20.740
20.950
21.160
21.375
21.815
23.455
23.575
24.030
24.245
24.505
24.650
25.080
