0.764
0.846
0.493
0.637
0.771
0.723
0.667
0.509
0.744
0.800
0.533
0.649
0.705
0.548
0.500
0.633
0.766
0.643
0.643
0.721
0.753
0.648
0.538
0.667
0.567
0.612
0.696
0.579
0.420
0.639
0.585
0.768
0.779
0.651
0.810
0.405
0.587
0.613
0.523
0.677
0.625
0.652
0.617
0.591
0.538
0.493
0.554
0.582
0.641
0.712
0.458
0.685
0.568
0.653
0.662
0.760
0.597
0.690
0.600
0.528
0.762
0.408
0.621
0.620
0.708
0.860
0.676
0.783
0.553
0.759
0.744
0.577
0.802
0.737
0.714
0.606
0.589
0.759
0.427
0.677
0.356
0.118
0.591
0.770
0.439
0.806
0.556
0.549
0.966
0.630
0.582
0.714
1.000
0.726
0.704
0.719
0.622
0.819
0.795
0.757
0.871
0.578
0.729
0.929
0.690
0.533
1.000
0.691
0.571
0.647
0.659
0.483
0.800
0.359
0.700
0.800
0.415
0.605
0.655
0.400
0.780
0.639
0.517
0.622
0.591
0.547
0.623
0.697
0.590
0.688
0.730
0.512
0.497
0.388
0.676
0.691
0.593
0.730
0.452
0.623
0.714
0.385
0.773
0.406
0.495
0.357
0.365
0.484
0.429
0.425
0.714
0.479
0.778
0.708
0.651
0.452
0.643
0.833
0.600
0.786
0.675
0.696
0.594
0.531
0.720
0.848
0.646
0.678
0.909
0.477
0.371
0.650
0.465
0.656
0.621
0.712
0.646
0.431
0.662
0.510
0.726
0.637
0.558
0.667
0.773
