0.180
0.310
0.380
0.510
0.620
0.720
0.830
0.920
1.020
1.150
1.250
1.380
1.470
1.590
1.660
1.710
1.810
2.040
2.090
2.160
2.210
2.290
2.380
2.510
2.590
2.730
2.830
2.950
3.050
3.170
3.260
3.400
3.500
3.620
3.700
3.750
3.850
3.940
4.050
4.100
4.160
4.300
4.500
4.580
4.630
4.760
4.870
4.990
5.090
5.220
5.320
5.440
5.540
5.660
5.750
5.870
6.000
6.120
6.240
6.350
6.480
6.530
6.610
6.660
6.720
6.770
6.900
7.560
7.620
7.870
8.110
8.360
8.410
8.600
8.830
9.060
9.310
9.540
9.860
10.000
10.210
10.450
10.680
10.810
10.930
11.030
11.130
11.250
11.360
11.470
11.590
11.690
11.810
11.870
11.920
12.030
12.140
12.260
12.360
12.480
12.590
12.710
