0.210
0.250
0.810
0.870
1.390
1.990
2.560
2.600
3.160
3.730
3.780
4.330
4.370
4.920
5.510
5.560
6.090
6.690
7.270
7.650
7.720
7.780
7.860
8.340
8.540
9.810
10.420
10.460
10.990
11.580
12.170
12.770
13.330
13.910
14.490
14.530
15.090
15.680
16.280
16.850
17.240
17.310
17.360
17.450
17.490
17.940
18.150
18.900
19.780
20.400
20.990
21.040
21.590
22.170
22.770
23.320
23.360
23.920
24.510
25.110
25.700
26.300
26.900
26.940
27.290
27.340
27.420
27.510
27.560
28.010
28.260
31.290
31.430
31.550
31.640
31.780
31.870
31.960
32.080
32.190
32.310
32.430
32.530
32.650
32.690
32.750
32.860
32.980
33.080
33.190
33.310
33.420
33.540
33.650
33.760
33.860
33.970
34.010
34.090
34.210
34.330
34.450
34.560
34.670
34.770
34.870
35.000
35.120
35.230
35.350
35.460
35.580
35.670
35.780
35.910
36.020
36.130
36.250
36.370
36.480
36.580
36.720
36.760
36.970
37.210
37.460
37.710
37.750
38.270
38.880
38.990
39.110
39.230
39.330
39.460
39.560
39.670
39.780
39.900
40.030
40.140
40.260
40.370
40.480
40.590
40.700
40.810
40.930
41.050
41.170
41.270
41.390
41.510
41.610
41.730
41.850
41.970
42.080
42.190
42.300
42.420
42.540
42.670
42.790
42.900
43.000
43.120
43.230
43.340
43.460
43.570
43.680
43.800
43.920
44.030
44.140
44.260
44.380
44.500
44.610
44.710
44.840
44.950
45.070
45.190
45.230
45.330
45.380
45.770
45.950
46.630
46.760
46.860
46.960
47.100
47.190
47.300
47.420
47.520
47.640
47.750
47.850
47.980
48.060
48.180
48.290
48.400
48.440
48.510
48.630
48.730
48.840
48.960
49.070
49.180
49.290
49.420
49.530
49.640
49.760
49.870
49.980
50.090
50.200
50.330
50.450
50.560
50.680
50.790
50.900
51.000
51.130
51.230
51.350
51.450
51.570
51.680
51.800
51.910
52.040
52.080
52.290
52.560
52.820
53.120
53.810
54.600
