0.174
0.313
0.372
0.441
0.499
0.569
0.627
0.697
0.766
0.836
0.894
0.964
1.033
1.103
1.149
1.347
1.405
1.672
1.788
1.927
2.043
2.171
2.322
2.438
2.577
2.682
2.810
2.937
3.030
3.170
3.286
3.413
3.529
3.646
3.773
3.901
4.029
4.156
4.284
4.423
4.551
4.667
4.783
4.923
5.050
5.178
5.294
5.422
5.538
5.666
5.793
5.921
6.037
6.165
6.304
6.432
6.560
6.676
6.803
6.931
7.047
7.175
7.303
7.407
7.523
7.651
7.767
7.906
8.022
8.150
8.290
8.406
8.533
8.649
8.766
8.905
9.021
9.149
9.265
9.404
9.532
9.648
9.764
9.903
10.019
10.147
10.275
10.414
10.530
10.646
10.774
10.913
11.029
11.157
11.262
11.413
11.529
11.656
11.796
11.912
12.040
12.167
12.283
12.411
12.527
12.655
12.759
12.899
13.026
13.154
13.270
13.398
13.526
13.653
13.781
13.909
14.025
14.164
14.292
14.420
14.536
14.652
14.791
14.919
15.035
15.163
15.279
15.406
15.534
15.650
15.778
15.906
16.022
16.149
16.277
16.405
16.521
16.637
16.765
16.893
17.020
17.160
17.276
17.403
17.531
17.647
17.763
17.903
18.019
18.146
18.262
18.390
18.518
18.634
18.762
18.889
19.017
19.156
19.273
19.389
19.505
19.609
19.737
19.795
19.876
20.004
20.120
20.248
20.387
20.515
20.631
20.747
20.805
20.886
21.014
21.142
21.258
21.386
21.513
21.629
21.757
21.885
22.013
22.140
22.268
22.396
22.512
22.639
22.767
22.895
23.011
23.139
23.266
23.394
23.522
23.638
23.754
23.882
24.009
24.137
24.265
24.404
24.520
24.636
24.764
24.915
25.043
25.159
25.287
25.414
25.530
25.646
25.763
25.890
26.006
26.134
26.262
26.389
26.517
26.622
26.749
26.877
27.016
27.144
27.249
27.376
27.504
27.620
27.748
27.864
27.992
28.108
28.247
28.375
28.502
28.607
28.735
28.793
28.874
28.990
29.129
29.280
29.385
29.513
29.629
29.745
29.884
30.012
30.128
30.267
30.395
30.523
30.650
30.766
30.883
31.010
31.138
31.266
31.393
31.509
31.637
31.742
31.869
31.997
32.125
32.253
32.380
32.496
32.612
32.752
32.868
33.007
33.135
33.251
33.379
33.506
33.622
33.750
33.878
33.994
34.133
34.261
34.389
34.516
34.633
34.749
34.888
35.016
35.143
35.260
35.387
35.527
35.643
35.747
35.898
36.037
36.153
36.270
36.397
36.513
36.618
36.746
36.815
36.908
37.036
37.164
37.280
37.396
37.535
