0.221
0.906
1.602
2.241
2.844
3.460
4.040
4.609
4.911
5.155
5.445
5.712
5.979
6.246
6.769
7.047
7.303
7.558
7.814
8.069
8.324
8.568
8.824
9.079
9.323
9.567
9.810
10.054
10.286
10.530
10.751
10.995
11.192
11.413
11.610
11.807
12.005
12.214
12.411
12.597
12.806
12.980
13.177
13.363
13.537
13.711
13.897
14.060
14.234
14.408
14.594
14.745
14.919
15.070
15.232
15.395
15.557
15.685
15.836
15.975
16.115
16.266
16.417
16.544
16.672
16.800
16.927
17.055
17.194
17.287
17.403
17.531
17.636
17.740
17.856
17.961
18.042
18.158
18.251
18.355
18.471
18.564
18.646
18.750
18.831
18.971
21.095
21.223
21.490
21.745
21.885
22.013
22.268
22.802
23.487
23.591
23.859
24.126
24.288
24.393
24.660
24.927
25.194
25.472
25.635
25.728
26.006
26.262
26.424
26.529
26.691
26.796
27.063
27.341
27.609
27.759
27.864
28.131
28.398
28.561
28.665
28.932
29.187
29.466
29.605
29.733
30.000
30.267
30.407
30.523
30.790
31.324
31.893
32.136
32.415
32.670
32.845
32.938
33.216
33.483
33.762
33.924
34.029
34.180
34.284
34.540
34.691
34.818
34.958
35.085
35.619
35.886
36.153
36.304
36.420
36.688
36.955
37.117
37.233
37.500
37.767
38.034
38.162
38.429
38.557
38.708
38.812
38.975
39.079
39.346
39.892
40.298
40.577
40.681
40.948
41.227
41.378
41.482
41.645
41.749
42.017
42.284
42.562
42.725
42.829
43.096
43.352
43.526
43.619
43.770
43.874
44.141
44.408
44.582
44.675
44.815
44.931
45.198
45.476
45.720
46.057
46.138
46.243
46.498
46.765
46.893
47.020
47.276
47.415
47.531
47.798
48.332
49.029
49.145
49.400
49.679
49.818
49.935
50.085
50.190
50.445
50.724
50.991
51.154
51.258
51.525
51.792
51.955
52.059
52.315
52.570
52.849
52.988
53.267
53.383
53.638
53.905
54.056
54.172
54.323
54.439
54.695
54.973
55.089
55.368
55.635
55.902
56.018
56.297
56.842
57.388
57.527
57.644
57.899
58.166
58.340
58.433
58.584
58.688
58.955
59.234
59.373
59.652
59.768
60.012
60.175
60.291
60.430
60.558
60.709
60.801
61.068
61.347
61.614
61.765
61.881
62.137
62.415
62.566
62.671
62.949
63.205
63.483
63.623
63.762
63.913
64.168
64.296
64.435
64.551
64.819
65.364
66.049
66.165
66.421
66.688
66.850
66.955
67.222
67.489
67.767
67.918
68.034
68.185
68.313
68.557
68.731
68.836
68.975
69.103
69.358
69.637
69.915
70.182
70.345
70.438
70.705
70.983
71.146
71.250
71.517
71.773
72.052
72.295
72.377
72.469
72.644
72.795
72.887
72.969
73.073
73.329
73.874
74.432
74.687
74.954
75.221
75.395
75.488
75.755
76.022
76.301
76.579
76.730
76.846
77.113
77.380
77.555
77.659
77.822
77.915
78.193
78.460
78.727
78.901
78.994
79.261
79.447
79.552
79.691
79.819
79.970
80.074
80.341
80.608
80.863
81.014
81.270
81.537
81.653
81.932
82.477
83.290
83.557
83.836
83.987
84.103
84.370
84.637
84.915
85.078
85.182
85.333
85.461
85.728
85.995
86.158
86.262
86.529
86.796
87.063
87.237
87.342
87.493
87.609
87.876
88.143
88.282
88.398
88.538
88.793
88.921
89.176
89.316
89.559
89.687
89.942
90.407
90.535
