0.180
0.330
0.390
0.470
0.530
0.600
0.650
0.720
0.770
0.850
0.910
0.980
1.040
1.110
1.170
1.240
1.290
1.350
1.480
1.540
1.800
1.920
2.050
2.160
2.290
2.440
2.550
2.690
2.790
2.920
3.040
3.140
3.270
3.380
3.510
3.620
3.740
3.860
3.990
4.110
4.240
4.370
4.500
4.630
4.740
4.850
4.900
4.980
5.110
5.240
5.350
5.470
5.590
5.710
5.840
5.960
6.080
6.210
6.350
6.460
6.590
6.710
6.830
6.960
7.060
7.190
7.320
7.420
7.530
7.660
7.770
7.910
8.030
8.150
8.280
8.400
8.520
8.630
8.750
8.800
8.880
9.000
9.130
9.250
9.380
9.500
9.620
9.740
9.870
9.980
10.100
10.240
10.370
10.480
10.600
10.730
10.860
10.970
11.090
11.200
11.340
11.470
11.590
11.720
11.840
11.960
12.080
12.200
12.320
12.440
12.560
12.660
12.720
12.810
12.930
13.060
13.170
13.290
13.410
13.540
13.670
13.800
13.910
14.050
14.170
14.300
14.410
14.530
14.660
14.780
14.890
15.020
15.140
15.260
15.390
15.500
15.620
15.750
15.870
15.990
16.110
16.240
16.350
16.470
16.590
16.720
16.850
16.980
17.100
17.230
17.340
17.460
17.570
17.710
17.820
17.950
18.060
18.190
18.310
18.430
18.560
18.680
18.810
18.930
19.050
19.160
19.280
19.380
19.510
19.560
19.640
19.760
19.880
20.010
20.140
20.260
20.380
20.500
20.550
20.630
20.760
20.880
21.000
21.120
21.250
21.360
21.480
21.620
21.730
21.860
21.990
22.110
22.230
22.350
22.480
22.600
22.720
22.850
22.960
23.090
23.220
23.330
23.450
23.570
23.690
23.820
23.950
24.080
24.200
24.310
24.430
24.490
24.570
24.620
24.700
24.820
24.940
25.070
25.190
25.300
25.410
25.540
25.650
25.780
25.900
26.020
26.150
26.250
26.380
26.510
26.640
26.760
26.870
27.000
27.120
27.230
27.350
27.480
27.600
27.710
27.850
27.970
28.090
28.200
28.320
28.380
28.460
28.570
28.710
28.870
28.970
29.080
29.200
29.320
29.450
29.570
29.690
29.830
29.950
30.070
30.200
30.320
30.430
30.550
30.680
30.810
30.930
31.040
31.160
31.270
31.400
31.520
31.640
31.770
31.890
32.010
32.130
32.260
32.380
32.510
32.630
32.750
32.880
33.010
33.110
33.240
33.360
33.480
33.610
33.740
33.870
33.990
34.110
34.220
34.350
34.470
34.600
34.720
34.850
34.980
35.090
35.190
35.240
35.340
35.480
35.600
35.710
35.830
35.950
36.050
36.180
36.240
36.330
36.460
36.580
36.690
36.810
36.940
37.060
