0.180
0.380
0.510
3.070
5.720
6.050
8.360
11.020
13.620
13.740
16.300
16.400
19.020
19.170
21.600
21.790
21.960
22.160
22.350
22.540
22.730
22.930
23.120
23.310
23.500
23.680
23.880
24.070
24.250
24.430
24.640
24.830
25.000
25.190
25.400
25.590
25.790
25.980
26.190
26.370
26.560
26.740
26.940
27.130
27.330
27.530
27.730
27.920
28.120
28.310
28.510
28.700
28.880
29.070
29.280
29.480
29.660
29.850
30.050
30.250
30.430
30.620
30.820
31.010
31.190
31.380
31.580
31.780
31.960
32.140
32.350
32.540
32.730
32.920
33.130
33.330
33.520
33.710
33.920
34.120
34.300
34.490
34.690
34.890
35.070
35.260
35.470
35.660
35.840
36.030
36.230
36.430
36.620
36.810
37.010
37.210
37.390
37.580
37.780
37.970
38.160
38.340
38.540
38.750
38.920
39.130
39.330
39.520
39.880
40.500
40.680
