0.209
0.325
0.685
0.859
1.207
1.567
1.741
1.927
2.101
2.276
2.450
2.635
2.984
3.170
3.518
4.040
4.400
4.574
4.760
4.934
5.108
5.294
5.468
5.817
5.991
6.351
6.885
7.233
7.407
7.593
7.767
7.941
8.301
8.824
9.183
9.718
10.240
10.774
11.134
11.482
11.668
12.016
12.550
12.899
13.084
13.259
13.433
13.607
14.501
15.383
15.917
16.440
16.625
16.800
17.160
17.334
17.694
17.868
18.216
18.576
18.750
18.924
19.098
19.284
19.992
20.167
20.515
20.701
21.049
21.409
21.583
22.117
22.291
22.825
22.999
23.348
23.533
23.882
24.242
24.416
24.590
24.776
24.938
25.832
26.192
26.715
27.074
27.249
27.783
27.957
28.491
28.665
29.025
29.199
