0.209
0.511
0.836
1.010
1.173
1.335
1.498
1.672
1.811
1.985
2.148
2.310
2.473
2.647
2.810
2.972
3.135
3.297
3.448
3.622
3.785
3.959
4.098
4.272
4.574
4.876
5.213
5.399
5.573
5.863
6.177
6.548
6.699
6.885
7.175
7.477
7.744
7.837
8.011
8.185
8.510
8.800
9.137
9.311
9.497
9.660
9.822
9.985
10.147
10.263
10.310
10.472
10.635
10.797
10.960
11.134
11.285
11.459
11.610
11.784
11.935
12.098
12.260
12.423
12.585
12.759
12.922
13.084
13.247
13.410
13.572
13.735
13.897
14.071
14.176
14.234
14.385
14.547
14.721
15.012
15.325
15.499
15.604
15.650
15.697
15.848
16.022
16.335
16.579
16.684
17.067
17.160
17.322
17.659
17.903
17.995
18.170
18.355
18.460
18.634
18.971
19.296
19.470
19.563
19.760
19.934
20.108
20.271
20.434
20.596
20.759
20.910
21.072
21.246
21.397
21.571
21.734
21.908
22.059
22.221
22.384
22.547
22.709
22.872
23.046
23.208
23.371
23.522
23.696
23.859
24.021
24.184
24.346
24.509
24.671
24.834
24.996
25.170
25.321
25.496
25.646
25.821
25.972
26.146
26.308
26.471
26.622
26.796
26.947
27.121
27.272
27.446
27.597
27.934
28.108
28.259
28.433
28.595
28.758
28.920
29.083
29.234
