0.209
0.279
0.488
0.720
1.149
1.567
1.974
2.392
3.239
3.646
4.087
4.481
4.911
5.306
5.596
5.747
6.153
6.594
6.931
7.012
7.233
7.837
8.266
8.673
9.091
9.509
9.718
9.938
10.147
10.356
12.051
12.481
12.887
13.108
13.723
13.932
14.141
14.571
15.000
15.406
15.836
16.242
16.672
16.881
17.090
17.276
17.926
18.355
18.773
19.191
19.609
19.818
20.039
20.434
21.281
21.711
22.117
22.338
22.442
22.535
22.860
22.965
23.174
23.278
23.324
23.603
24.021
24.067
24.253
24.660
25.078
25.496
25.925
26.343
26.761
27.179
27.609
28.015
28.444
28.862
29.269
