0.267
0.511
0.766
0.964
1.207
1.428
1.672
1.892
2.125
2.357
2.601
2.786
2.821
3.053
3.274
3.518
3.738
3.982
4.168
4.203
4.435
4.632
4.876
5.108
5.352
5.573
5.805
6.026
6.258
6.490
6.711
6.943
7.175
7.407
7.512
7.628
7.732
8.301
8.766
9.009
9.218
9.439
10.136
10.600
10.832
11.053
11.273
11.947
12.399
12.852
13.084
13.328
13.549
13.769
14.013
14.222
14.466
14.675
14.919
15.581
15.813
16.033
16.277
16.498
16.718
16.962
17.183
17.392
17.636
17.845
18.309
18.530
19.215
19.447
19.667
19.900
20.108
20.352
20.584
20.805
21.026
21.246
21.467
21.711
21.931
22.163
22.848
23.301
23.533
23.754
23.986
24.660
25.112
25.356
25.565
25.797
26.030
26.262
26.471
26.703
26.924
27.098
27.388
27.574
28.073
28.282
28.514
28.735
28.955
29.176
