0.209
0.255
0.453
0.557
0.639
0.836
1.033
1.138
1.242
1.440
1.544
1.637
1.741
1.834
2.032
2.229
2.345
2.426
2.624
2.728
2.833
3.019
3.135
3.228
3.425
3.622
3.727
3.820
4.017
4.214
4.319
4.423
4.621
4.818
4.923
5.016
5.213
5.329
5.410
5.526
5.619
5.817
5.909
6.026
6.211
6.316
6.409
6.513
6.606
6.896
7.001
7.198
7.396
7.500
7.605
7.802
7.906
7.999
8.104
8.197
8.406
8.510
8.591
8.789
8.998
9.091
9.207
9.381
9.578
9.776
9.985
10.182
10.391
10.577
10.716
10.844
10.983
11.088
11.180
11.285
11.378
11.575
11.680
11.773
11.970
12.167
12.272
12.376
12.562
12.678
12.771
12.864
12.968
13.166
13.270
13.363
13.560
13.758
13.862
13.978
14.164
14.269
14.362
14.466
14.547
14.756
14.861
14.954
15.151
15.348
15.453
15.557
15.755
15.859
15.952
16.068
16.149
16.358
16.451
16.556
16.660
16.753
16.951
17.055
17.160
17.345
17.450
17.543
17.659
17.752
17.845
17.949
18.054
18.146
18.251
18.344
18.437
18.553
18.646
18.750
18.855
18.947
19.052
19.145
19.249
19.342
19.435
19.551
19.737
19.934
20.039
20.132
20.329
20.434
20.631
20.817
21.130
21.328
21.525
21.722
21.780
21.838
21.931
22.036
22.129
22.314
22.523
22.721
22.825
22.918
23.115
23.313
23.533
23.626
23.719
23.812
23.917
24.114
24.218
24.311
24.416
24.509
24.706
24.811
24.915
25.020
25.112
25.205
25.310
25.437
25.496
25.600
25.704
25.995
26.099
26.297
26.494
26.598
26.703
26.889
26.993
27.098
27.295
27.492
27.597
27.690
27.887
28.085
28.189
28.305
28.479
28.677
28.886
29.176
29.280
