0.232
1.184
1.370
1.486
1.892
2.299
2.589
2.949
3.297
3.936
4.331
4.690
5.016
6.780
7.105
7.477
7.825
8.011
8.870
9.381
9.555
10.275
10.623
10.809
10.971
11.320
11.668
12.028
12.353
12.725
13.607
14.106
14.466
15.139
15.441
15.766
16.985
17.252
17.589
17.879
18.181
19.354
19.992
20.329
20.701
21.084
21.281
21.896
22.326
22.756
23.150
23.626
24.067
24.625
24.938
25.159
25.600
25.809
26.250
26.680
26.900
27.109
27.307
27.504
27.690
27.876
28.050
28.224
28.386
28.561
28.746
28.920
29.269
29.443
29.617
29.791
29.965
30.151
30.325
30.674
30.848
31.022
31.196
31.359
31.533
31.707
31.881
32.055
32.403
32.589
32.763
32.938
33.112
33.367
33.634
33.808
33.982
34.168
34.331
34.505
34.865
35.027
35.213
35.376
35.550
35.736
35.910
36.258
36.420
36.606
36.769
36.943
37.117
37.291
37.477
37.651
37.825
37.999
