0.209
0.383
7.430
7.558
7.663
7.790
7.918
8.034
8.139
8.266
8.394
8.499
8.638
8.742
8.858
9.102
9.218
9.601
9.718
9.845
9.973
10.077
10.182
10.333
10.577
10.693
10.809
10.937
11.041
11.169
11.297
11.424
11.529
11.668
11.784
11.912
12.016
12.272
12.504
12.620
12.748
12.875
13.073
13.433
13.560
13.677
13.781
13.909
14.025
14.153
14.269
14.396
14.512
14.640
14.756
14.884
15.012
15.128
15.232
15.360
15.488
15.604
15.720
15.848
15.964
16.091
16.208
16.335
16.451
16.579
16.684
16.811
16.939
17.055
17.160
17.287
17.415
17.543
17.647
17.775
17.891
18.019
18.135
18.262
18.390
18.506
18.622
18.750
18.878
18.994
19.087
19.122
19.226
19.342
19.470
19.574
19.714
19.830
19.958
20.074
20.201
20.317
20.445
20.550
20.689
20.805
20.921
21.037
21.165
21.293
21.409
21.525
21.653
21.769
21.896
22.001
22.140
22.256
22.384
22.465
22.500
22.616
22.744
22.860
22.953
23.092
23.220
23.336
23.441
23.580
23.696
23.824
23.940
24.067
24.184
24.300
24.427
24.543
24.660
24.903
25.031
25.147
25.275
25.379
25.507
25.623
25.751
25.867
25.995
26.122
26.239
26.355
26.482
26.610
26.726
26.819
26.958
27.086
27.202
27.307
27.446
27.562
27.690
27.806
27.934
28.050
28.177
28.282
28.421
28.537
28.770
28.897
29.025
29.141
29.246
29.385
29.489
29.617
29.733
29.861
29.977
30.105
30.221
30.348
30.476
30.697
30.836
31.196
31.335
31.440
31.556
31.672
31.800
31.916
32.044
32.160
32.287
32.369
32.403
32.520
32.624
32.763
32.903
33.007
33.112
33.251
33.367
33.495
33.599
33.727
33.855
33.971
34.087
34.215
34.342
34.551
34.691
34.946
35.039
35.190
35.294
35.422
35.538
35.666
35.782
35.910
36.026
36.153
36.270
36.386
36.490
36.629
36.746
36.862
36.978
37.105
37.233
37.338
37.465
37.593
37.698
37.837
37.953
38.081
38.197
38.325
38.417
38.557
38.684
38.801
38.905
39.044
39.160
39.265
39.404
39.532
39.636
39.787
39.880
40.031
40.136
40.496
40.623
40.728
40.844
40.972
41.099
41.215
41.332
41.459
41.575
41.703
41.831
41.947
42.063
42.295
42.423
42.551
42.667
42.771
42.899
43.027
43.154
43.270
43.398
43.503
43.642
43.746
43.874
43.990
44.118
44.222
44.362
44.489
44.594
44.710
44.838
44.954
45.082
45.198
45.325
45.441
45.569
45.685
45.813
45.929
46.057
46.161
46.277
46.417
46.533
46.602
46.649
46.777
46.881
47.020
47.137
47.380
47.508
47.613
47.903
48.135
48.379
48.414
48.855
49.122
49.238
49.470
49.575
49.702
50.062
50.306
50.782
51.026
51.165
51.397
51.513
51.630
51.769
51.989
52.233
52.465
52.709
52.953
53.104
53.336
53.441
53.568
53.685
53.917
54.161
54.404
54.648
54.892
55.031
55.252
55.368
55.496
55.635
55.844
56.088
56.332
56.459
56.564
56.808
56.947
57.179
57.295
57.423
57.562
57.771
58.015
58.061
58.259
58.398
58.503
58.746
58.886
59.118
59.234
59.478
59.710
59.954
60.198
60.430
60.674
60.813
61.045
61.161
61.289
61.405
61.637
61.881
62.125
62.369
62.613
62.752
62.984
63.100
63.344
63.576
63.820
64.052
64.192
64.296
64.540
64.679
64.911
65.027
65.155
65.271
65.503
65.747
65.991
66.223
66.479
66.618
66.839
66.955
67.442
67.918
68.058
68.162
68.406
68.557
68.778
68.894
69.021
69.137
69.370
69.613
69.857
70.101
70.333
70.484
70.705
70.821
70.949
71.065
71.308
71.599
71.784
72.028
72.272
72.411
72.644
72.748
72.887
73.004
73.236
73.480
73.712
73.851
73.956
74.199
74.350
74.571
74.687
74.931
75.163
75.407
75.651
75.883
76.138
76.278
76.382
76.510
76.614
76.742
76.858
77.090
77.346
77.578
77.717
77.822
78.065
78.205
78.321
78.437
78.553
78.797
79.029
79.273
79.517
79.749
80.004
80.144
80.248
80.376
80.480
80.608
80.724
80.956
81.200
81.444
81.583
81.688
81.932
82.083
82.187
82.303
82.419
82.663
82.895
83.139
83.371
83.511
83.615
83.859
83.998
84.033
84.114
84.242
84.346
84.474
84.590
84.822
85.066
85.310
85.554
85.798
85.937
86.042
86.158
86.285
86.413
86.529
86.761
87.005
87.237
87.377
87.481
87.725
87.876
87.980
88.108
88.213
88.340
88.456
88.689
88.932
89.176
89.420
89.664
89.826
89.908
