0.070
0.190
0.350
0.490
0.630
0.800
0.880
0.950
1.110
1.220
1.270
1.390
1.500
1.550
1.700
1.810
1.860
1.980
2.080
2.130
2.290
2.400
2.450
2.570
2.660
2.720
2.810
2.870
3.000
3.160
3.250
3.300
3.350
3.410
3.460
3.600
3.760
3.860
3.910
4.070
4.200
4.280
4.350
4.440
4.490
4.650
4.770
4.820
4.940
5.090
5.230
5.370
5.530
5.620
5.670
5.830
5.950
6.000
6.110
6.240
6.290
6.420
6.550
6.600
6.710
6.810
6.860
7.010
7.130
7.180
7.300
7.450
7.600
7.740
7.810
7.890
7.980
8.040
8.200
8.260
8.310
8.360
8.480
8.630
8.730
8.920
9.000
9.080
9.160
9.220
9.370
9.450
9.500
9.550
9.670
9.810
9.960
