0.190
0.360
0.660
0.890
0.940
1.340
1.390
1.580
1.790
2.000
2.260
2.440
2.680
3.070
3.120
3.350
3.560
3.750
3.800
4.240
4.470
4.860
4.910
4.960
5.150
5.360
5.410
5.580
5.830
5.980
6.030
6.210
6.270
6.690
6.740
6.920
7.130
7.310
7.360
7.810
7.860
8.020
8.070
8.480
8.570
8.710
8.930
9.060
9.130
9.180
9.600
9.820
10.250
10.300
10.500
10.710
10.900
10.950
11.380
11.610
12.040
12.090
12.290
12.510
12.730
13.040
13.090
13.190
13.410
13.800
14.030
14.230
14.280
14.420
14.470
14.890
15.050
15.120
15.360
15.550
15.600
15.770
16.000
16.180
16.230
16.360
16.410
16.630
16.730
16.860
17.080
17.290
17.500
17.640
17.720
17.930
18.120
18.380
18.610
18.820
19.030
19.130
19.260
19.460
19.660
19.710
19.870
19.920
20.130
