0.150
1.370
1.660
2.640
2.690
3.050
3.200
3.470
3.700
3.910
3.970
4.040
4.650
4.980
5.670
6.680
6.730
7.650
7.700
7.930
7.980
8.090
8.160
9.450
9.640
9.890
10.630
10.680
11.460
11.640
11.690
11.920
12.060
12.130
12.220
12.630
13.460
13.580
14.300
14.570
15.390
15.560
15.750
15.850
15.920
16.030
16.080
16.580
17.550
18.560
18.610
19.040
19.260
19.390
19.530
19.690
19.750
20.520
20.900
21.520
22.310
22.490
23.020
23.460
23.680
23.960
24.020
24.470
25.380
25.430
25.710
26.430
26.890
27.250
27.430
27.480
27.740
27.930
28.400
29.410
