0.060
0.110
0.350
0.510
0.640
0.790
0.920
0.990
1.060
1.180
1.320
1.450
1.500
1.600
1.720
1.860
2.000
2.140
2.280
2.410
2.480
2.540
2.590
2.680
2.750
2.800
2.950
3.020
3.070
3.150
3.210
3.260
3.350
3.490
3.630
3.770
3.820
3.900
4.040
4.170
4.220
4.320
4.420
4.470
4.580
4.630
4.720
4.850
4.990
5.120
5.260
5.390
5.440
5.530
5.660
5.810
5.870
5.950
6.080
6.220
6.360
6.480
6.530
6.630
6.760
6.920
6.970
7.030
7.080
7.170
7.220
7.310
7.430
7.580
7.720
7.860
7.980
8.030
8.150
8.200
8.320
8.370
8.450
8.570
8.730
8.850
8.900
8.950
9.000
9.090
9.140
9.230
9.280
9.360
9.430
9.510
9.580
9.660
9.740
9.790
9.860
9.910
10.040
10.170
10.220
10.320
10.440
10.530
10.600
10.730
10.860
10.930
10.980
11.120
11.170
11.250
11.300
11.390
11.520
11.660
11.810
11.860
11.940
11.990
12.060
12.200
12.250
12.350
12.620
12.880
12.930
13.150
13.340
13.440
13.490
13.570
13.720
13.840
13.890
13.940
13.990
14.090
14.140
14.190
14.260
14.400
14.530
14.620
14.670
14.800
14.940
14.990
15.080
15.150
15.210
15.340
15.400
15.480
15.630
15.680
15.760
15.880
16.020
16.140
16.190
16.300
16.440
16.570
16.710
16.760
16.900
17.040
17.280
17.350
17.450
17.570
17.620
17.720
17.810
17.870
17.980
18.090
18.240
18.310
18.380
18.510
18.640
18.720
18.770
18.920
18.990
19.040
19.090
19.190
19.320
19.440
19.490
19.600
19.720
19.830
19.880
19.980
20.040
20.120
20.230
20.370
20.420
20.520
20.650
20.790
20.920
20.970
21.050
21.100
21.210
21.340
21.470
21.520
21.610
21.720
21.770
21.880
21.990
22.050
22.170
22.300
22.350
22.420
22.500
22.550
22.600
22.700
22.750
22.810
22.860
22.910
22.980
23.110
23.160
23.260
23.410
23.530
23.670
23.800
23.950
24.000
24.070
24.200
24.250
24.330
24.480
24.610
24.660
24.750
24.870
25.010
25.140
25.190
25.270
25.320
25.410
25.460
25.510
25.620
25.730
25.810
25.880
26.010
26.060
26.140
26.260
26.310
26.490
26.540
26.680
26.730
26.820
26.970
27.100
27.230
27.320
27.370
27.500
27.550
27.640
27.770
27.860
27.910
28.040
28.160
28.310
28.360
28.440
28.570
28.640
28.730
28.850
28.960
29.010
29.120
29.240
29.410
29.480
29.530
29.660
29.710
29.820
29.950
