0.160
1.500
1.970
2.460
2.940
4.290
4.780
5.260
5.740
7.080
7.560
8.030
8.530
9.460
11.420
12.720
13.180
13.660
14.170
15.560
16.050
16.510
16.980
17.030
17.910
18.350
18.840
19.340
19.830
20.730
22.470
22.560
23.560
23.980
24.440
24.890
25.390
26.380
26.840
27.280
27.780
28.240
28.700
29.190
29.630
30.080
30.520
31.010
31.980
32.460
32.920
33.400
33.890
35.220
35.700
36.170
36.360
36.680
38.070
38.510
38.750
38.970
39.510
40.870
41.340
41.830
42.260
42.320
42.400
45.120
48.000
54.110
54.170
54.220
55.170
