0.170
0.380
0.600
0.800
1.220
1.450
1.610
1.840
2.000
2.060
2.250
2.470
2.690
2.780
2.890
3.130
3.340
3.550
3.760
3.960
4.180
4.620
4.840
4.950
5.010
5.110
5.220
5.660
5.870
6.290
6.510
6.690
6.920
7.130
7.350
7.550
7.770
7.870
7.980
8.160
8.260
8.390
8.860
9.080
9.280
9.510
9.720
9.920
10.010
10.090
10.320
10.740
10.910
10.980
11.410
11.540
11.810
12.250
12.440
12.590
12.660
13.050
13.180
13.270
13.390
13.690
13.910
13.960
14.110
14.330
14.580
14.720
14.940
15.010
15.130
15.560
15.780
15.970
16.310
16.390
16.620
16.830
17.000
17.240
17.450
17.660
18.070
18.280
18.350
18.480
18.890
19.090
19.290
19.700
19.920
20.110
20.190
20.310
20.510
20.740
20.950
21.160
21.370
21.580
21.670
21.790
21.840
23.220
23.290
23.460
23.530
23.580
24.020
24.250
24.510
24.650
24.830
25.080
