0.210
0.260
0.760
1.300
1.540
1.590
1.790
2.050
2.290
2.340
2.810
2.860
3.320
3.370
3.590
3.640
3.830
4.070
4.310
4.360
4.830
4.880
5.350
5.400
5.620
5.870
6.120
6.370
6.420
6.860
6.910
7.120
7.380
7.620
7.670
7.880
8.140
8.370
8.420
8.900
8.950
9.410
9.460
9.690
9.930
10.160
10.210
10.410
10.460
10.680
10.900
11.160
11.410
11.660
11.900
12.140
12.190
12.400
12.910
13.420
13.470
13.680
13.930
14.170
14.220
14.420
14.470
14.690
14.920
15.170
15.420
15.470
15.680
15.920
16.100
16.170
16.420
16.930
17.450
17.500
17.710
17.960
18.220
18.460
18.510
18.970
19.020
19.490
19.740
19.980
20.190
20.240
20.480
20.530
20.990
21.040
21.510
21.750
21.800
22.010
22.200
22.490
22.540
22.770
22.990
23.040
23.260
23.510
23.760
24.000
24.230
24.280
24.490
24.540
25.010
25.510
25.770
26.010
26.060
26.250
26.490
26.540
27.000
27.050
27.270
27.500
27.750
27.990
28.230
28.480
28.980
29.030
29.500
29.750
30.010
30.270
30.510
30.560
