0.906
0.940
1.057
1.091
1.161
1.335
1.509
1.695
1.927
2.009
2.090
2.148
2.183
2.299
2.334
2.368
2.473
2.682
2.740
2.798
2.995
3.146
3.367
3.448
3.796
4.632
4.690
4.737
4.772
5.352
5.457
5.689
5.956
6.084
6.177
6.211
6.304
6.351
6.455
6.513
6.618
6.792
6.861
6.978
7.012
7.094
7.210
7.314
7.372
7.488
7.651
7.767
7.802
7.953
8.127
8.197
8.324
8.452
8.580
8.638
8.696
8.742
8.777
8.986
9.183
9.311
9.392
9.532
9.764
9.961
10.089
10.252
12.330
12.388
12.527
12.736
12.968
13.084
13.212
13.270
13.317
13.351
13.630
13.677
13.781
13.827
13.897
13.932
13.978
14.129
14.164
14.222
14.396
14.443
14.571
14.698
14.872
14.919
15.151
15.279
15.372
15.430
15.546
15.685
15.720
15.801
15.894
16.022
16.080
16.196
16.242
16.324
16.393
16.498
16.742
16.834
16.985
17.090
17.160
17.218
17.310
17.450
17.624
17.670
17.763
17.845
18.239
18.321
18.471
18.750
18.889
22.175
22.419
22.454
22.535
22.605
22.779
22.837
22.895
23.034
23.208
23.394
23.429
23.545
23.580
23.824
23.975
24.207
24.369
24.602
24.903
25.054
25.391
25.437
25.635
25.832
25.879
26.018
26.122
26.297
26.424
26.459
26.529
26.668
26.761
26.854
27.005
27.051
27.098
27.214
27.411
27.504
27.818
27.968
28.085
28.410
28.897
32.682
32.949
33.042
33.425
33.739
33.773
34.667
34.760
34.865
34.969
35.143
35.248
35.341
35.677
35.817
35.921
35.956
36.084
36.293
36.653
36.873
36.966
37.024
37.500
37.686
38.092
42.295
42.876
43.352
43.514
43.572
43.607
43.909
44.025
44.339
44.373
44.524
44.640
44.698
44.815
45.012
45.174
45.291
45.453
45.534
45.627
45.778
46.208
46.277
46.312
46.393
46.440
46.475
46.649
46.858
47.032
47.102
47.148
47.195
47.369
