0.209
0.244
0.430
0.476
0.615
0.708
0.766
0.929
1.207
1.370
1.498
1.567
1.707
1.823
2.078
2.148
2.299
2.438
2.635
2.682
2.775
2.844
2.937
3.123
3.239
3.669
3.901
4.063
4.284
4.331
4.377
4.528
4.621
4.772
4.934
4.992
5.201
5.329
5.410
5.666
5.875
5.933
6.177
6.351
6.525
6.653
7.500
7.767
7.814
8.034
8.231
8.290
8.417
8.696
8.858
9.044
9.218
9.392
9.555
9.625
9.741
9.915
10.170
10.286
10.321
10.495
10.670
10.855
11.006
11.169
11.273
11.517
11.633
11.900
12.399
12.458
12.632
12.875
12.957
13.119
13.201
13.282
13.444
13.502
14.060
14.222
14.431
14.652
14.687
14.780
15.035
15.221
15.325
15.499
15.592
15.987
16.091
16.219
16.335
16.509
16.811
16.974
17.020
17.125
17.206
17.380
23.475
23.951
24.137
25.391
25.623
25.867
26.030
26.088
26.215
26.517
26.598
27.063
27.272
27.434
27.609
27.783
27.945
28.073
28.119
28.282
28.444
28.607
28.793
28.909
29.048
29.176
29.234
29.455
29.594
29.803
29.849
29.942
30.000
30.058
30.209
30.244
30.383
30.523
30.557
30.662
30.859
30.917
31.010
31.208
31.324
31.475
31.509
31.637
31.811
31.974
32.961
33.181
33.239
33.379
33.425
33.762
33.890
33.994
34.110
34.145
34.238
34.412
34.447
34.679
34.923
35.085
35.271
35.434
35.608
35.770
35.910
36.072
36.235
36.281
36.351
36.537
36.711
36.792
36.885
36.978
37.082
37.268
37.396
37.431
38.499
38.534
39.033
39.184
39.277
39.393
39.834
39.996
40.171
40.345
40.507
40.693
40.774
40.879
41.053
41.564
41.761
41.935
42.469
42.632
42.760
42.818
43.119
43.305
43.514
43.746
43.816
44.025
44.083
44.199
44.385
44.443
44.513
44.675
44.780
45.023
45.093
45.267
45.360
45.453
45.558
45.639
45.767
45.825
45.952
46.010
46.126
46.324
46.707
46.753
46.904
47.264
47.438
47.496
47.601
47.682
47.798
47.868
47.972
48.332
48.472
