0.915
0.938
0.900
0.919
1.000
0.971
0.903
0.835
0.738
0.884
0.887
0.904
0.948
0.968
0.954
1.000
0.943
0.865
0.878
0.967
1.000
0.774
0.889
0.952
0.785
0.887
0.848
0.333
0.844
0.596
0.649
0.578
0.775
0.898
0.629
0.923
0.545
0.861
0.991
0.889
0.917
0.961
0.244
0.709
0.548
0.615
0.564
0.783
0.471
0.750
0.710
0.810
0.918
0.556
0.500
0.367
0.462
0.667
0.800
0.444
0.894
0.867
0.935
0.933
0.933
0.945
0.941
0.937
0.818
0.986
0.864
0.720
0.750
0.632
0.857
0.783
0.758
0.711
0.718
0.773
0.800
0.821
0.833
0.855
0.783
0.748
0.893
0.800
0.865
0.800
0.829
0.698
0.786
0.852
0.819
0.815
0.821
0.745
0.723
0.784
0.897
0.800
0.855
0.810
0.879
0.675
0.703
0.851
0.838
0.786
0.869
0.794
0.805
0.787
0.767
0.914
0.876
0.783
0.859
0.800
0.750
0.673
0.774
0.738
0.738
0.693
0.738
0.636
0.681
0.684
0.756
0.705
0.812
0.868
0.623
0.885
0.688
0.602
0.844
0.667
0.655
0.916
0.747
0.792
0.836
0.531
0.718
0.829
0.812
0.953
0.851
0.909
0.865
0.826
0.907
0.837
0.891
0.000
0.302
0.480
0.921
0.911
0.789
0.888
0.871
0.851
0.867
0.714
0.876
0.856
0.710
0.983
0.659
0.872
0.675
0.293
0.629
0.803
0.837
0.969
0.545
0.930
0.841
0.900
0.286
0.750
0.932
0.729
0.992
0.834
0.766
0.884
0.862
0.788
0.852
0.958
0.872
0.901
0.919
0.764
0.984
0.636
0.898
0.855
0.805
0.889
0.947
0.980
1.000
0.933
0.848
0.893
0.933
0.796
0.800
0.698
0.778
0.923
0.917
0.903
0.900
0.744
0.964
0.852
0.729
0.868
0.746
0.830
0.595
0.708
0.818
0.889
0.786
0.842
0.865
0.916
0.825
0.681
0.870
0.990
0.785
0.880
0.400
0.844
0.866
0.873
0.830
0.800
0.761
0.862
0.760
0.804
0.697
0.838
0.649
0.761
0.396
0.960
0.861
0.876
0.673
0.570
0.597
0.559
0.664
0.603
0.450
0.509
0.821
0.693
0.842
0.862
0.795
0.740
0.778
0.899
0.836
0.868
0.800
0.837
0.727
0.639
0.716
0.854
0.419
0.784
0.904
0.467
0.567
0.868
0.835
0.615
0.743
0.513
0.859
0.873
0.639
0.645
0.571
0.632
0.901
0.942
0.863
0.806
0.748
0.968
0.913
1.000
1.000
1.000
0.930
0.583
0.094
0.847
0.817
0.927
0.235
0.750
0.917
0.612
0.916
