0.915
0.875
0.900
0.919
1.000
0.971
0.871
0.835
0.738
0.884
0.887
0.904
0.948
0.968
0.954
1.000
0.943
0.865
0.878
0.967
1.000
0.710
0.889
0.952
0.785
0.887
0.848
0.333
0.844
0.596
0.649
0.556
0.700
0.898
0.600
0.923
0.364
0.861
0.991
0.889
0.917
0.961
0.195
0.691
0.548
0.615
0.513
0.783
0.471
0.750
0.710
0.810
0.918
0.519
0.444
0.286
0.462
0.667
0.800
0.444
0.894
0.843
0.935
0.914
0.933
0.945
0.941
0.937
0.818
0.986
0.864
0.680
0.675
0.632
0.857
0.783
0.758
0.689
0.718
0.773
0.800
0.821
0.833
0.855
0.783
0.729
0.893
0.771
0.865
0.800
0.811
0.698
0.762
0.852
0.819
0.815
0.821
0.725
0.699
0.770
0.897
0.800
0.855
0.810
0.879
0.675
0.703
0.851
0.838
0.771
0.869
0.794
0.805
0.770
0.752
0.914
0.876
0.783
0.859
0.800
0.750
0.673
0.774
0.738
0.738
0.693
0.708
0.636
0.667
0.684
0.756
0.689
0.797
0.868
0.604
0.840
0.672
0.602
0.828
0.667
0.655
0.916
0.747
0.792
0.822
0.531
0.699
0.829
0.805
0.953
0.846
0.909
0.859
0.818
0.907
0.837
0.891
0.000
0.254
0.480
0.921
0.911
0.789
0.888
0.839
0.851
0.867
0.659
0.876
0.856
0.710
0.983
0.659
0.872
0.675
0.293
0.629
0.803
0.837
0.958
0.525
0.921
0.830
0.900
0.286
0.750
0.932
0.729
0.992
0.834
0.681
0.837
0.862
0.788
0.844
0.958
0.872
0.893
0.919
0.764
0.984
0.636
0.898
0.855
0.805
0.889
0.947
0.980
1.000
0.933
0.848
0.893
0.933
0.796
0.800
0.698
0.778
0.923
0.917
0.903
0.900
0.744
0.964
0.840
0.729
0.868
0.746
0.830
0.541
0.708
0.818
0.889
0.774
0.842
0.865
0.916
0.825
0.638
0.841
0.990
0.785
0.880
0.400
0.838
0.861
0.873
0.830
0.792
0.761
0.862
0.760
0.796
0.692
0.838
0.649
0.751
0.352
0.960
0.861
0.876
0.673
0.566
0.582
0.554
0.664
0.591
0.400
0.509
0.821
0.693
0.842
0.862
0.795
0.740
0.778
0.899
0.836
0.868
0.800
0.837
0.727
0.611
0.716
0.854
0.419
0.784
0.904
0.467
0.533
0.842
0.816
0.585
0.724
0.513
0.859
0.859
0.639
0.632
0.532
0.632
0.901
0.942
0.863
0.791
0.748
0.964
0.913
1.000
1.000
1.000
0.930
0.583
0.094
0.845
0.810
0.927
0.000
0.750
0.917
0.612
0.916
