0.857
0.821
0.800
0.829
0.857
0.829
0.954
0.852
0.692
0.800
0.800
0.886
0.957
0.984
0.985
1.000
0.813
0.985
0.889
0.235
1.000
0.733
0.820
0.950
0.800
0.791
0.884
0.000
0.700
0.793
0.400
0.718
0.772
0.800
0.475
0.893
0.634
0.767
0.753
0.840
0.836
0.974
0.114
0.754
0.747
0.529
0.424
0.719
0.257
0.754
0.678
0.741
0.783
0.459
0.375
0.690
0.154
0.268
0.054
0.545
0.788
0.769
0.968
0.870
0.935
0.821
0.911
0.907
0.826
0.986
0.724
0.657
0.734
0.643
0.863
0.830
0.789
0.694
0.769
0.639
0.818
0.836
0.923
0.784
0.818
0.770
0.817
0.500
0.723
0.833
0.568
0.035
0.557
0.710
0.404
0.429
0.750
0.518
0.603
0.462
0.843
0.765
0.580
0.432
0.816
0.197
0.573
0.343
0.462
0.661
0.742
0.433
0.425
0.286
0.719
0.733
0.741
0.459
0.486
0.367
0.125
0.256
0.088
0.452
0.312
0.308
0.277
0.370
0.143
0.295
0.277
0.388
0.595
0.540
0.177
0.583
0.380
0.345
0.520
0.709
0.396
0.721
0.416
0.336
0.353
0.000
0.286
0.203
0.239
0.896
0.452
0.862
0.342
0.729
0.727
0.555
0.698
0.667
0.733
0.812
0.947
0.918
0.868
0.935
0.794
0.826
0.903
0.482
0.796
0.856
0.838
0.965
0.500
0.645
0.226
0.111
0.606
0.823
0.519
0.867
0.414
0.855
0.733
0.782
0.314
0.579
0.690
0.714
0.953
0.750
0.634
0.792
0.862
0.693
0.790
0.953
0.857
0.875
0.927
0.802
0.629
0.833
0.904
0.648
0.732
1.000
1.000
0.993
1.000
1.000
0.875
0.278
0.933
0.842
0.723
0.698
0.762
0.923
0.917
0.762
0.816
0.739
0.964
0.252
0.652
0.909
0.589
0.636
0.828
0.549
0.268
0.800
0.722
0.308
0.727
0.224
0.746
0.667
0.848
0.892
0.763
0.762
0.039
0.588
0.853
0.574
0.821
0.844
0.809
0.159
0.290
0.757
0.327
0.822
0.254
0.770
0.175
0.907
0.527
0.670
0.814
0.517
0.663
0.556
0.627
0.617
0.000
0.000
0.091
0.041
0.800
0.778
0.657
0.092
0.242
0.679
0.489
0.682
0.752
0.825
0.667
0.185
0.563
0.686
0.000
0.808
0.902
0.370
0.000
0.576
0.588
0.089
0.143
0.667
0.823
0.650
0.325
0.664
0.645
0.601
0.877
0.905
0.904
0.549
0.696
0.989
0.954
0.941
0.941
0.985
0.946
0.678
0.000
0.816
0.639
0.909
0.333
0.505
0.684
0.698
0.750
