0.835
0.821
0.667
0.791
0.750
0.837
0.765
0.882
0.737
0.821
0.852
0.883
0.992
0.984
0.985
1.000
0.547
0.681
0.783
0.983
0.929
0.667
0.867
0.930
0.788
0.745
0.894
0.562
0.691
0.810
0.481
0.817
0.833
0.867
0.661
0.813
0.692
0.828
0.958
0.830
0.807
0.787
0.618
0.752
0.753
0.793
0.745
0.883
0.519
0.901
0.859
0.825
0.783
0.578
0.554
0.561
0.400
0.500
0.600
0.590
0.741
0.784
0.882
0.929
0.907
0.946
0.941
0.956
0.923
0.972
0.657
0.716
0.695
0.600
0.887
0.862
0.897
0.673
0.681
0.697
0.759
0.866
0.800
0.817
0.772
0.789
0.784
0.631
0.515
0.713
0.875
0.879
0.792
0.917
0.892
0.832
0.848
0.809
0.870
0.890
0.901
0.932
0.902
0.897
0.886
0.860
0.866
0.871
0.877
0.892
0.938
0.908
0.895
0.901
0.917
0.924
0.851
0.910
0.921
0.941
0.906
0.883
0.816
0.864
0.924
0.866
0.857
0.851
0.918
0.865
0.885
0.797
0.917
0.852
0.855
0.936
0.837
0.914
0.945
0.882
0.890
0.932
0.832
0.914
0.919
0.787
0.916
0.903
0.777
0.927
0.909
0.818
0.911
0.905
0.899
0.932
0.959
0.769
0.755
0.696
0.961
0.925
0.874
0.937
0.795
0.877
0.909
0.656
0.906
0.913
0.879
0.983
0.725
0.894
0.783
0.526
0.757
0.896
0.872
0.936
0.595
0.900
0.876
0.807
0.388
0.932
0.875
0.769
0.994
0.899
0.794
0.745
0.889
0.849
0.907
0.950
0.952
0.915
0.917
0.906
0.947
0.966
0.936
0.873
0.881
0.889
0.947
1.000
0.909
0.875
0.857
1.000
0.933
0.880
0.655
0.800
0.800
0.923
0.917
0.904
0.918
0.824
0.988
0.915
0.886
0.909
0.744
0.828
0.549
0.850
0.896
0.800
0.858
0.870
0.857
0.929
0.841
0.708
0.872
0.995
0.883
0.898
0.804
0.910
0.908
0.884
0.875
0.849
0.870
0.913
0.861
0.926
0.905
0.908
0.828
0.872
0.621
0.974
0.893
0.879
0.826
0.751
0.844
0.699
0.795
0.659
0.730
0.815
0.694
0.762
0.840
0.887
0.870
0.883
0.762
0.889
0.889
0.743
0.897
0.891
0.892
0.750
0.862
0.913
0.819
0.882
0.864
0.771
0.602
0.761
0.893
0.689
0.898
0.857
0.910
0.957
0.874
0.672
0.717
0.569
0.912
0.871
0.877
0.387
0.706
0.994
0.948
0.889
0.941
0.985
0.974
0.776
0.365
0.895
0.884
0.938
0.667
0.875
0.805
0.747
0.930
