0.465511
0.618378
0.741867
0.853578
0.994000
1.105444
1.228000
1.372000
1.485689
1.602311
1.731667
1.863000
1.975000
2.107000
2.237000
2.332000
2.446000
2.488000
2.611000
2.727333
2.830000
2.955000
3.081000
3.210000
3.342000
3.450000
3.584000
3.707333
3.835000
3.933000
4.239489
4.701067
5.088156
5.421356
5.702000
5.969000
6.204000
6.461133
6.655178
6.843000
7.035422
7.204000
7.222000
7.424000
7.603822
7.774000
7.948000
8.096756
8.215911
8.247200
8.357444
8.392267
8.500356
8.541600
8.693778
8.837644
8.946933
9.073511
9.124711
9.265911
9.413422
9.563822
9.702133
9.889867
10.024978
