0.354000
0.388000
1.676000
1.692000
2.130000
2.144000
2.606800
2.616622
3.077200
4.410000
4.880400
4.892178
5.350800
5.826578
7.142133
7.612889
8.075200
8.558000
9.464000
9.476000
10.436000
11.390000
12.661600
13.112400
13.590000
14.094000
15.444800
15.456000
15.925000
16.375800
16.836400
16.865800
17.754000
18.179000
18.659200
18.678800
19.159000
19.634000
19.662000
20.521200
20.566000
22.314600
22.814000
23.284800
23.696400
24.147200
24.588200
25.078200
25.596000
26.048400
26.504000
26.938000
27.422000
27.881000
28.322000
28.798000
29.232000
29.684200
30.112000
30.595600
31.046400
31.536400
32.006800
32.464000
32.937800
33.408200
34.711600
35.191800
35.652400
35.828800
36.152200
37.510000
37.940000
38.171000
38.396400
38.915800
40.248600
40.260000
40.714000
41.189400
41.620600
41.669600
41.708000
41.757800
44.413600
44.428000
47.240000
53.292400
53.312000
