0.791
0.000
0.649
0.734
0.810
0.870
0.804
0.706
0.759
0.930
0.803
0.794
0.861
0.714
0.667
0.839
0.907
0.841
0.833
0.786
0.896
0.744
0.691
0.825
0.889
0.768
0.809
0.803
0.797
0.810
0.803
0.972
0.867
0.800
0.880
0.815
0.750
0.678
0.706
0.700
0.720
0.731
0.703
0.646
0.700
0.696
0.682
0.726
0.861
0.868
0.610
0.862
0.698
0.636
0.853
0.611
0.600
0.924
0.763
0.789
0.803
0.551
0.706
0.817
0.613
0.949
0.844
0.891
0.820
0.912
0.858
0.916
0.171
0.273
0.797
0.638
0.880
0.734
0.658
0.862
0.597
0.333
0.667
0.772
0.761
0.968
0.116
0.843
0.912
0.826
0.922
0.696
1.000
0.782
0.776
0.877
0.867
0.933
0.865
0.867
0.912
0.789
0.984
0.667
0.857
0.800
1.000
0.891
0.698
0.891
0.857
0.746
0.889
0.756
0.824
0.550
0.749
0.758
0.789
0.804
0.932
0.820
0.682
0.791
0.872
0.392
0.862
0.856
0.872
0.814
0.729
0.859
0.689
0.820
0.670
0.835
0.622
0.780
0.333
0.964
0.861
0.866
0.650
0.411
0.524
0.491
0.501
0.574
0.513
0.596
0.800
0.600
0.863
0.898
0.771
0.645
0.800
0.909
0.824
0.923
0.824
0.857
0.745
0.507
0.771
0.892
0.444
0.796
0.952
0.448
0.391
0.868
0.706
0.757
0.619
0.841
0.881
0.660
0.832
0.791
0.921
0.710
0.905
0.596
0.900
