0.866
0.821
0.545
0.667
0.687
0.727
0.939
0.879
0.598
0.838
0.852
0.895
0.966
0.984
0.985
1.000
0.929
0.955
0.878
0.806
1.000
0.727
0.857
0.976
0.826
0.773
0.841
0.462
0.791
0.807
0.478
0.848
0.824
0.852
0.450
0.929
0.286
0.791
0.851
0.780
0.688
0.831
0.382
0.769
0.629
0.418
0.600
0.771
0.247
0.822
0.809
0.844
0.779
0.468
0.523
0.619
0.112
0.219
0.028
0.238
0.848
0.843
0.968
0.885
0.911
0.921
0.937
0.956
0.826
1.000
0.808
0.676
0.690
0.692
0.845
0.851
0.691
0.679
0.762
0.575
0.880
0.789
0.889
0.803
0.816
0.875
0.734
0.552
0.708
0.585
0.785
0.830
0.833
0.931
0.794
0.797
0.889
0.701
0.640
0.784
0.921
0.825
0.879
0.692
0.870
0.829
0.691
0.862
0.855
0.794
0.756
0.733
0.892
0.866
0.774
0.869
0.931
0.780
0.969
0.849
0.895
0.824
0.876
0.811
0.878
0.826
0.880
0.824
0.843
0.800
0.812
0.710
0.766
0.882
0.732
0.879
0.650
0.806
0.889
0.831
0.785
0.940
0.803
0.841
0.883
0.750
0.826
0.886
0.782
0.939
0.851
0.853
0.922
0.771
0.939
0.869
0.817
0.800
0.716
0.748
0.947
0.920
0.863
0.923
0.783
0.821
0.903
0.739
0.821
0.879
0.711
0.936
0.663
0.831
0.397
0.111
0.703
0.865
0.747
0.941
0.497
0.878
0.800
0.785
0.268
0.920
0.675
0.719
1.000
0.855
0.840
0.809
0.821
0.778
0.837
0.958
0.872
0.815
0.920
0.789
0.629
0.846
0.921
0.864
0.889
1.000
1.000
0.986
1.000
1.000
0.848
0.969
1.000
0.900
0.756
0.727
0.800
1.000
1.000
0.835
0.725
0.756
0.976
0.914
0.652
0.889
0.621
0.824
0.875
0.709
0.764
1.000
0.799
0.860
0.800
0.919
0.806
0.667
0.866
0.892
0.807
0.769
0.766
0.780
0.877
0.915
0.815
0.852
0.771
0.886
0.692
0.675
0.821
0.833
0.780
0.813
0.553
0.902
0.877
0.674
0.796
0.640
0.605
0.526
0.633
0.552
0.394
0.569
0.309
0.564
0.898
0.796
0.830
0.850
0.500
0.877
0.885
0.863
0.851
0.869
0.797
0.684
0.817
0.884
0.606
0.857
0.935
0.800
0.432
0.779
0.830
0.541
0.783
0.745
0.850
0.812
0.549
0.447
0.521
0.596
0.873
0.917
0.900
0.318
0.647
0.990
0.969
1.000
1.000
1.000
0.943
0.725
0.121
0.810
0.668
0.903
0.500
0.694
0.732
0.646
0.914
