0.945
0.789
0.720
0.791
0.667
0.872
0.879
0.876
0.800
0.887
0.885
0.892
0.939
0.985
0.992
0.989
0.722
1.000
0.800
0.983
0.963
0.706
0.929
0.905
0.742
0.852
0.768
0.190
0.818
0.794
0.629
0.237
0.825
0.981
0.961
0.862
0.667
0.880
1.000
0.816
0.793
0.902
0.500
0.787
0.651
0.826
0.809
0.758
0.133
0.787
0.806
0.864
0.882
0.643
0.585
0.600
0.250
0.381
0.800
0.519
0.940
0.879
0.984
0.887
0.925
0.907
0.963
0.863
0.773
0.971
0.727
0.754
0.795
0.750
0.917
0.808
0.842
0.682
0.727
0.764
0.880
0.877
0.952
0.873
0.816
0.862
0.921
0.806
0.800
0.873
0.862
0.743
0.774
0.855
0.818
0.806
0.813
0.734
0.717
0.787
0.882
0.825
0.780
0.812
0.905
0.851
0.796
0.855
0.867
0.786
0.916
0.822
0.810
0.878
0.733
0.982
0.887
0.830
0.886
0.818
0.857
0.742
0.797
0.764
0.825
0.793
0.819
0.795
0.725
0.746
0.832
0.677
0.879
0.848
0.754
0.850
0.721
0.756
0.882
0.864
0.740
0.926
0.775
0.835
0.846
0.667
0.796
0.866
0.834
0.915
0.838
0.864
0.884
0.849
0.911
0.870
0.930
0.316
0.183
0.535
0.947
0.917
0.901
0.896
0.894
0.862
0.911
0.711
0.849
0.817
0.446
0.983
0.686
0.872
0.731
0.520
0.703
0.803
0.876
0.921
0.312
0.874
0.844
0.913
0.254
0.878
0.913
0.766
0.994
0.790
0.786
0.837
0.758
0.816
0.892
0.956
0.971
0.895
0.901
0.843
0.931
0.867
0.918
0.881
0.821
0.889
0.947
1.000
0.952
0.933
0.848
0.984
0.933
0.733
0.944
0.711
0.778
0.857
0.960
0.841
0.857
0.776
0.951
0.896
0.757
0.873
0.721
0.897
0.698
0.754
0.833
1.000
0.792
0.865
0.857
0.916
0.806
0.681
0.824
0.995
0.814
0.882
0.552
0.879
0.867
0.879
0.833
0.754
0.707
0.872
0.825
0.834
0.834
0.856
0.803
0.825
0.503
0.929
0.886
0.861
0.774
0.576
0.708
0.486
0.617
0.626
0.689
0.658
0.829
0.718
0.893
0.870
0.784
0.811
0.808
0.866
0.846
0.774
0.806
0.816
0.765
0.716
0.840
0.863
0.680
0.800
0.925
0.759
0.696
0.718
0.860
0.706
0.775
0.743
0.913
0.800
0.704
0.647
0.690
0.681
0.881
0.934
0.927
0.853
0.789
0.994
0.990
0.941
1.000
1.000
0.968
0.783
0.225
0.795
0.829
0.919
0.133
0.783
0.684
0.710
0.929
