0.945
0.842
0.720
0.791
0.667
0.872
0.879
0.893
0.800
0.887
0.885
0.892
0.939
0.985
0.992
0.989
0.722
1.000
0.800
0.983
0.963
0.706
0.929
0.905
0.742
0.852
0.768
0.190
0.818
0.824
0.629
0.289
0.866
0.981
0.961
0.862
0.833
0.880
1.000
0.816
0.793
0.902
0.583
0.787
0.675
0.870
0.809
0.779
0.133
0.803
0.847
0.886
0.882
0.679
0.683
0.686
0.250
0.476
0.800
0.630
0.940
0.879
0.984
0.887
0.925
0.907
0.963
0.863
0.773
0.971
0.764
0.754
0.818
0.750
0.917
0.808
0.895
0.682
0.727
0.764
0.880
0.877
0.952
0.873
0.857
0.879
0.921
0.806
0.800
0.873
0.894
0.800
0.796
0.855
0.833
0.821
0.835
0.771
0.783
0.800
0.903
0.825
0.829
0.812
0.905
0.851
0.796
0.873
0.883
0.786
0.935
0.822
0.835
0.892
0.733
0.982
0.887
0.830
0.886
0.832
0.871
0.758
0.847
0.764
0.842
0.793
0.832
0.795
0.765
0.778
0.851
0.694
0.879
0.864
0.770
0.850
0.750
0.772
0.882
0.864
0.756
0.941
0.793
0.835
0.846
0.701
0.796
0.881
0.868
0.915
0.859
0.892
0.889
0.857
0.929
0.905
0.930
0.316
0.233
0.535
0.947
0.917
0.901
0.902
0.909
0.862
0.911
0.747
0.849
0.817
0.462
0.983
0.686
0.872
0.742
0.540
0.757
0.803
0.876
0.931
0.338
0.874
0.844
0.913
0.286
0.878
0.913
0.766
0.994
0.790
0.821
0.837
0.818
0.823
0.899
0.956
0.971
0.910
0.901
0.853
0.931
0.867
0.918
0.896
0.821
0.889
0.947
1.000
0.952
0.933
0.848
0.984
0.933
0.756
0.944
0.711
0.778
0.857
0.960
0.841
0.857
0.776
0.951
0.907
0.784
0.873
0.721
0.897
0.698
0.775
0.833
1.000
0.803
0.865
0.857
0.916
0.806
0.681
0.882
0.995
0.814
0.882
0.628
0.885
0.877
0.884
0.862
0.795
0.748
0.883
0.831
0.860
0.843
0.863
0.821
0.825
0.626
0.929
0.886
0.870
0.781
0.586
0.722
0.510
0.617
0.645
0.721
0.709
0.829
0.744
0.893
0.870
0.784
0.811
0.808
0.866
0.846
0.774
0.806
0.837
0.765
0.758
0.840
0.863
0.740
0.818
0.925
0.782
0.696
0.744
0.860
0.729
0.775
0.800
0.913
0.843
0.722
0.664
0.724
0.698
0.881
0.934
0.927
0.868
0.789
0.994
0.990
0.941
1.000
1.000
0.968
0.801
0.225
0.797
0.841
0.919
0.133
0.825
0.684
0.710
0.929
