0.038669
0.139531
0.252728
0.310053
0.461708
0.561844
0.661980
0.679395
0.752796
0.877490
0.892003
0.993613
1.103817
1.180801
1.283114
1.331368
1.371640
1.502796
1.526198
1.721164
1.762751
1.800483
1.901345
1.931821
1.975359
2.132819
2.355585
2.397672
2.542071
2.565291
2.597218
2.761935
2.792411
3.016629
3.071050
3.181345
3.213273
3.403386
3.449826
3.640665
3.833975
3.886470
4.081368
4.279939
4.372184
4.478034
4.520846
4.710960
4.922842
5.131821
5.333409
5.359939
5.390551
5.551776
5.602025
5.639531
5.723204
5.769644
5.937989
5.991572
6.192683
6.414724
6.488737
6.622184
6.652003
6.818102
7.034429
7.051776
7.281368
7.347694
7.470506
7.511867
7.687490
7.904837
8.113000
8.232411
8.331368
8.440665
8.580347
8.762116
8.812910
8.991572
9.066062
9.190551
9.410960
9.468102
9.632388
9.650279
9.696674
9.863000
