0.082932
0.171164
0.289735
0.490733
0.519032
0.749055
0.800756
0.940619
1.122184
1.175245
1.583409
1.733409
2.052796
2.104520
2.378805
2.691549
2.703817
2.992592
3.025336
3.303817
3.433409
3.492592
3.632388
3.680347
3.921481
4.090551
4.129327
4.240551
4.310960
4.510960
4.563000
4.733409
4.902796
5.184429
5.217445
5.502796
5.530189
5.810960
5.825517
6.019259
6.150756
6.592592
6.742592
7.061980
7.381368
7.685291
8.001776
8.313000
8.630347
8.672184
8.822184
8.942592
9.094633
9.251776
9.310960
9.479327
9.567558
9.620143
9.653907
9.891572
