0.525563
0.769372
0.902796
0.939531
1.093000
1.250756
1.442592
1.473227
1.589531
1.641572
1.823204
1.931368
2.142592
2.273204
2.441572
2.613000
2.809939
2.951776
3.155223
3.295994
3.483409
3.653817
3.827150
3.974225
4.168193
4.313000
4.360960
4.506334
4.655812
4.854837
4.996855
5.039531
5.121164
5.341572
5.670143
5.719123
5.890551
6.019123
6.166062
6.237490
6.361980
6.399735
6.563000
6.701776
6.867082
7.014021
7.043613
7.082388
7.252796
7.382388
7.556878
7.722184
7.891572
8.063000
8.241572
8.399735
8.565041
8.745653
8.893613
9.000756
9.095653
9.129327
9.272184
9.421164
9.618102
9.642297
9.771164
9.954837
