0.164202
0.432683
0.641572
0.667785
0.683409
0.952796
0.964021
1.202796
1.306878
1.452796
1.480347
1.508919
1.537082
1.706878
1.738511
1.773204
1.811980
1.992592
2.007898
2.031368
2.280347
2.301776
2.577286
2.770143
2.833409
3.053817
3.102796
3.114021
3.386470
3.609939
3.649735
3.932388
4.181368
4.460960
4.729327
4.961980
5.000756
5.261980
5.534429
5.776266
5.794633
5.813000
6.080347
6.332388
6.609939
7.132388
7.168102
7.372184
7.410960
7.653363
7.921164
7.960960
8.460960
8.484429
8.700756
9.002796
9.024225
9.313000
9.558919
9.733409
9.830347
9.981368
