0.081368
0.113000
0.233409
0.397694
0.530347
0.700756
0.830347
0.863000
0.980347
1.140551
1.279327
1.432388
1.464021
1.594633
1.732388
1.746062
1.810960
1.885449
1.960960
2.033409
2.118307
2.182388
2.266062
2.340551
2.416062
2.479327
2.552955
2.633409
2.717082
2.781368
2.855858
2.931368
3.008647
3.090551
3.165041
3.233409
3.254837
3.382388
3.539531
3.681368
3.834429
3.984429
4.132388
4.293613
4.431368
4.474225
4.587490
4.614021
4.741572
4.880347
4.911980
5.036470
5.055858
5.198715
5.331368
5.494633
5.636470
5.659939
5.782388
5.938715
6.082388
6.101776
6.236470
6.254837
6.391572
6.531368
6.699735
6.830347
7.131368
7.417536
7.653817
7.731368
8.027286
8.285449
8.330347
8.628307
8.930347
9.229327
9.381368
9.542592
9.657898
9.684429
9.809939
9.831368
9.931096
