0.152592
0.241572
0.528307
0.739531
0.821617
0.852093
0.889531
1.110960
1.311980
1.402116
1.474678
1.680756
1.891572
1.972456
2.033409
2.235449
2.270143
2.412184
2.469123
2.570143
2.613000
2.838851
3.054837
3.113136
3.394678
3.432411
3.671867
3.970824
4.169644
4.238511
4.255268
4.277037
4.531005
4.741436
4.804837
4.846674
5.082479
5.319032
5.393046
5.465608
5.687490
5.747694
5.883567
5.972093
6.022887
6.260892
6.307331
6.501776
6.548238
6.763023
6.873204
7.079395
7.114225
7.159939
7.461073
7.781799
8.090914
8.364021
8.677218
9.008102
9.301254
9.588511
9.864338
9.902071
