0.102796
0.258919
0.402207
0.542978
0.650756
0.713000
0.852796
1.003023
1.140892
1.303477
1.450143
1.605790
1.748715
1.850756
1.911980
2.052796
2.211912
2.343613
2.501776
2.650756
2.802570
2.950756
3.052796
3.116062
3.251776
3.407898
3.549735
3.714021
3.852796
4.010733
4.151776
4.250756
4.307898
4.458919
4.621164
4.752320
4.910506
5.052728
5.213000
5.350756
5.450756
5.509939
5.661980
5.819123
5.950756
6.110960
6.252796
6.413000
6.551776
6.654837
6.713000
6.863000
7.009939
7.153817
7.315041
7.428307
7.461980
7.534429
7.613000
7.636470
7.694633
7.756878
7.854361
8.065041
8.140551
8.214021
8.301776
8.358919
8.520143
8.659803
8.813000
8.960211
9.110960
9.261980
9.410098
9.558851
9.675245
9.912229
