0.026334
0.194633
0.343613
0.479327
0.620143
0.783409
0.920143
1.081368
1.206878
1.376266
1.514021
1.660960
1.800756
1.953817
2.100756
2.251776
2.390551
2.558919
2.701776
2.843613
2.982388
3.142592
3.289531
3.441572
3.572184
3.742592
3.863000
3.900756
4.021164
4.161980
4.332388
4.441572
4.464021
4.632388
4.750756
4.923204
5.054837
5.204837
5.339531
5.349735
5.516062
5.641572
5.650756
5.811980
5.927105
5.940166
6.104837
6.226266
6.252796
6.392592
6.526470
6.682388
6.694633
6.823204
6.973318
7.120143
7.429327
7.563000
7.621164
7.710960
8.009939
8.283409
8.304837
8.741572
8.881368
8.899735
9.183409
9.343613
9.472184
9.492819
9.637490
9.787490
9.932388
