0.042297
0.174361
0.317082
0.423975
0.540075
0.683749
0.791572
0.884021
0.952796
1.022184
1.102796
1.172819
1.278307
1.353817
1.617082
1.670143
1.992592
2.055858
2.292592
2.325245
2.573204
2.732388
2.753817
2.822184
2.892592
3.214021
3.261980
3.481368
3.597694
3.693635
3.830347
3.925245
4.068102
4.166062
4.302796
4.430347
4.542592
4.629327
4.706878
4.805858
4.900756
5.015041
5.097694
5.134429
5.400756
5.573204
5.783409
6.018102
6.055858
6.728307
6.964021
7.028307
7.213000
7.484429
7.672184
7.709939
7.925200
7.950756
8.365041
8.402796
8.709939
8.773000
8.832388
8.881368
9.131368
9.151776
9.481368
9.544633
9.604837
9.780347
9.805858
9.844633
