0.302796
0.488511
0.657898
0.849735
1.037490
1.390551
1.568102
1.743613
2.121164
2.292592
2.466062
2.657105
2.824338
3.014452
3.174089
3.195858
3.383068
3.565926
3.721209
3.908420
4.115948
4.275585
4.455540
4.636946
4.800937
5.009917
5.169554
5.353862
5.719576
6.069327
6.093998
6.265245
6.449554
6.613545
6.635313
6.821073
7.008284
7.175744
7.350778
7.527898
7.693273
7.896447
8.050279
8.077853
8.249100
8.440665
8.609009
8.802025
8.958760
8.981980
9.171481
9.349146
9.504429
9.685835
9.896810
10.061708
10.234406
10.420166
10.588511
10.805540
10.948420
10.973091
11.138533
11.504248
11.853998
11.875767
12.052819
12.225517
12.395313
12.598488
12.958397
13.135449
13.311050
13.477944
13.682570
13.837853
13.859622
14.032320
14.222864
14.395132
14.582343
14.746334
14.959191
15.123658
15.287649
15.471957
15.673681
15.833318
16.014724
16.191776
16.360121
16.576356
16.735994
16.917399
17.290370
17.463068
17.635767
17.661889
17.828783
18.008737
18.175631
18.370098
18.573273
18.738012
18.915767
19.091368
19.257898
19.461436
19.625427
19.651549
19.815540
20.005653
20.185608
20.362660
20.533907
20.729826
20.906878
21.069418
21.253726
21.464089
21.622343
21.799395
21.977898
22.152048
22.361028
22.513409
22.538080
22.704973
23.064882
23.244837
23.421889
23.614905
23.787604
23.958851
24.153318
24.176538
24.519032
24.696084
24.873136
25.035676
25.247785
25.404293
25.428964
25.603159
25.784520
25.958669
26.151685
26.308420
26.494180
26.678488
26.854089
27.038397
27.219803
27.401209
27.579712
27.756765
27.938170
28.138443
28.287921
28.318397
28.489644
28.848102
29.030960
29.202207
29.392320
29.740619
29.930733
30.113590
30.289191
30.470597
30.654905
30.827604
31.027876
31.188964
31.213862
31.379077
