0.110506
0.152592
0.349962
0.470415
0.692456
0.817263
1.046878
1.191685
1.393409
1.513318
1.753318
1.867966
2.124248
2.226107
2.442887
2.555858
2.800937
2.935585
3.139259
3.162479
3.262615
3.494814
3.616719
3.830053
3.994043
4.210279
4.306062
4.531005
4.564384
4.657263
4.913000
5.018080
5.244746
5.336447
5.603477
5.686198
5.919123
5.937490
6.036356
6.278579
6.401663
6.628057
6.726742
6.773182
6.892819
6.954588
7.059077
7.298533
7.320302
7.431504
7.601844
7.687740
7.781799
7.834043
8.040121
8.114724
8.347966
8.376810
8.474043
8.702706
8.816538
9.071322
9.179712
9.407195
9.532003
9.751232
9.862932
10.108148
10.225699
10.483749
10.587059
10.819123
10.923749
11.176810
11.281935
11.502796
11.518760
11.621799
11.636311
11.882796
11.987876
12.215359
12.326198
12.402751
12.517218
12.563658
12.677672
12.926560
13.033409
13.242660
13.387195
13.594633
13.748511
13.984429
14.114180
14.227468
14.306606
14.424157
14.534406
14.631685
14.743431
14.964021
15.004837
15.341345
15.367468
15.469055
15.495177
15.680347
15.810098
16.027785
16.171549
16.366062
16.427377
16.511413
16.724384
16.772275
16.873182
17.070143
17.100257
17.210551
17.414951
17.579168
17.770733
17.796855
17.934724
17.975359
18.138533
18.288329
18.485699
18.611005
18.862071
18.947694
18.968012
19.197309
19.303250
19.552728
19.651413
19.885200
19.996946
20.216084
20.361663
20.537263
20.590143
20.686923
20.929690
21.027150
21.048102
21.255858
21.272184
21.398307
21.651731
21.757490
21.996719
22.095721
22.345155
22.449871
22.649463
22.680347
22.723295
22.793363
22.882932
23.004248
23.093454
23.122388
23.227150
23.333907
23.382796
23.415721
23.469780
23.545245
23.703431
23.826470
23.948692
24.050279
24.167830
24.279622
24.385608
24.510325
24.537898
24.645064
24.707694
24.735268
24.854270
24.997944
25.060347
25.186606
25.397037
25.427286
25.513136
25.713409
25.766062
25.875948
26.054542
26.117082
26.178805
26.489418
26.610279
26.796039
26.899077
27.253182
27.299622
27.452003
27.541980
27.932864
28.027876
28.155858
28.274860
28.646379
28.864746
28.981663
29.193771
29.354588
29.534542
29.592592
29.672502
29.726107
