0.098919
0.118919
0.248919
0.378919
0.638919
0.918919
1.178919
1.458919
1.598919
1.725744
1.989871
2.258919
2.390415
2.538919
2.798919
3.068919
3.338919
3.618919
3.748919
3.888919
4.158919
4.416356
4.429418
4.546969
4.698919
4.957672
5.228919
5.498919
5.778919
5.918919
6.048919
6.308919
6.578919
6.707876
6.850098
7.118919
7.388919
7.658919
7.934180
8.078919
8.198307
8.468919
8.733817
8.871685
9.008919
9.272229
9.543613
9.808919
10.088919
10.228919
10.360665
10.628919
10.898919
11.025336
11.168919
11.433136
11.708919
11.975903
12.248919
12.388919
12.518919
12.788919
13.049826
13.198919
13.328919
13.592592
13.868919
14.135359
14.408919
14.548919
14.675223
14.948919
15.203477
15.344248
15.483567
15.748919
16.018919
16.283204
16.563295
16.698919
16.831776
17.098919
17.362932
17.505155
17.638919
17.904248
18.178919
18.444112
18.718919
18.858919
18.991232
19.258919
19.525291
19.558919
19.658919
19.798919
20.062252
20.338919
