0.171164
0.222184
0.281368
0.343613
0.408919
0.678307
0.866062
0.998919
1.278919
1.398919
1.468919
1.542887
1.668919
1.802660
1.818919
1.948919
2.078919
2.235132
2.388919
2.508919
2.648919
2.677762
2.798919
2.943341
3.078919
3.208919
3.508919
3.618919
3.698919
3.778919
3.908919
3.967921
4.068057
4.088919
4.198919
4.322025
4.336538
4.481663
4.628919
4.748919
4.888919
4.915585
5.043295
5.188919
5.328919
5.448919
5.458352
5.604928
5.748919
5.868919
5.938919
6.017082
6.148919
6.298624
6.318919
6.428919
6.548919
6.568919
6.699168
6.848919
6.978919
7.117127
7.169372
7.262252
7.418919
7.548919
7.678919
7.690370
7.838919
7.978919
8.088919
8.130098
8.168919
8.248919
8.378919
8.424701
8.538919
8.658919
8.778919
8.800574
8.938919
9.078919
9.138919
9.188919
9.258919
9.338919
9.350597
9.594406
9.778919
9.838216
9.908919
10.058919
10.138919
10.208919
10.318919
10.388919
10.478919
10.598919
10.748919
10.878919
11.018919
11.158919
11.298919
11.428919
11.518919
11.568919
11.610189
11.714678
11.868919
11.988919
12.128919
12.278919
12.418919
12.508919
12.588919
12.678919
12.808919
12.958919
13.098919
13.238919
13.378919
13.528919
13.648919
13.773998
13.798919
14.098919
14.218919
14.358919
14.498919
14.648919
14.748919
14.818919
14.908919
14.953862
15.048919
15.202025
15.332638
15.468919
15.614180
15.758919
15.884112
16.011821
16.028919
16.170007
16.298919
16.338919
16.448919
16.578919
16.599576
16.738919
16.878919
16.942071
16.998919
17.068919
17.148919
17.288919
17.432592
17.558919
17.582071
17.688919
17.711232
17.838919
17.978919
18.098919
18.248919
18.551504
18.688919
18.708919
18.818919
18.973817
19.108919
19.228919
19.288919
19.378919
19.508919
19.557218
19.648919
19.788919
19.918919
20.058919
20.073862
20.208919
20.279939
20.338919
20.478919
20.618919
20.768919
20.898919
21.038919
21.188919
21.328919
21.438919
21.508919
21.598919
21.728919
21.760211
21.878919
22.008919
22.143341
22.218919
22.288919
22.338919
22.428919
22.568919
22.698919
22.998919
23.118919
23.178919
23.268919
23.408919
23.478919
23.548919
23.678919
23.738919
23.828919
23.845653
23.968919
24.109780
24.248919
24.388919
24.518919
24.688919
24.798919
24.948919
24.988919
25.088919
25.228919
25.358919
25.373817
25.428919
25.508919
25.638919
25.785971
25.798919
25.918919
25.948919
26.058919
26.095087
26.118919
26.178919
26.248919
26.338919
26.478919
26.494180
26.618919
26.748919
26.808919
26.898919
27.028919
27.163204
27.436039
27.598919
27.738919
27.897536
28.028919
28.138919
28.168919
28.199395
28.288919
28.418919
28.648919
28.708919
28.838919
28.978919
29.108919
29.135449
29.248919
29.318919
29.408919
29.543250
29.578919
29.698919
29.818919
29.948919
29.968465
