0.108919
0.128919
0.298919
0.478919
0.648919
0.828919
1.004837
1.188919
1.358919
1.538919
1.708919
1.888919
2.064021
2.238919
2.418919
2.598919
2.768919
2.948919
3.125245
3.298919
3.474225
3.658919
3.828919
4.008919
4.178919
4.368919
4.538919
4.748919
4.888919
5.061980
5.248919
5.421164
5.598919
5.788919
5.948919
6.118919
6.308919
6.488919
6.658919
6.833409
7.008919
7.025245
7.188919
7.368919
7.568919
7.718919
7.878919
8.068919
8.248919
8.421164
8.618919
8.768919
8.937490
9.128919
9.300756
9.478919
9.666062
9.828919
10.015041
10.188919
10.398919
10.538919
10.718919
10.888919
11.068919
11.248919
11.438919
11.598919
11.758919
11.951776
12.138919
12.306878
12.488919
12.655858
12.837490
13.013000
13.218919
13.358919
13.525245
13.718919
13.894633
14.068919
14.258919
14.418919
14.608919
14.778919
14.947694
15.088919
