0.258919
0.382388
0.580347
0.623204
0.770143
0.870143
0.982388
1.088919
1.218919
1.329327
1.448919
1.551776
1.576266
1.819123
1.854905
2.070143
2.315041
2.329463
2.570143
2.579077
2.948919
3.048919
3.168919
3.274225
3.394633
3.502796
3.515132
3.644293
3.774225
3.882388
3.990551
4.108919
4.223204
4.337490
4.441572
4.958919
5.084429
5.208919
5.321935
5.455449
5.668919
5.715223
5.980801
6.098919
6.218919
6.348919
6.478919
6.688919
6.739803
6.978919
7.104066
7.228919
7.348919
7.468919
7.715041
7.728102
7.838919
7.968919
8.215721
8.456629
8.468919
8.582887
8.694633
8.958760
8.970370
9.098919
9.217082
9.225790
9.350597
9.458919
9.478919
9.717762
9.958919
10.078919
10.202479
10.338919
10.446288
10.465155
10.698805
10.922297
10.941164
11.058919
11.183522
11.308919
11.428919
11.668919
11.688919
11.768919
11.808919
11.888919
11.928919
12.148919
12.178919
12.418919
12.458919
