0.026334
0.135177
0.248375
0.360121
0.471867
0.585064
0.695653
0.808919
0.918919
1.031368
1.142592
1.254837
1.366062
1.480347
1.590551
1.704837
1.816062
1.926266
2.039531
2.150756
2.263000
2.375245
2.487490
2.596674
2.708919
2.823204
2.935449
3.045653
3.158919
3.271164
3.383409
3.496674
3.605858
3.718919
3.831368
3.942592
4.056878
4.167082
4.278919
4.388919
4.505858
4.610960
4.728919
4.842592
4.952796
5.065041
5.177286
5.287490
5.395653
5.509939
5.623204
5.734429
5.844633
5.958919
6.068919
6.179327
6.293613
6.403817
6.515041
6.628919
6.738919
6.853817
6.968102
7.076266
7.188919
7.298919
7.417082
7.523477
7.638919
7.746674
7.863000
7.969123
8.088919
8.192592
8.310960
8.418919
8.533409
8.643613
8.758919
8.864021
8.978919
9.088919
9.208919
9.308919
9.433409
9.537490
9.654837
9.758919
9.878919
9.984429
10.102796
10.208919
10.325245
10.432388
10.546674
10.653817
10.773204
10.878919
10.995653
11.098715
11.219123
11.328919
11.439531
11.550756
11.668919
11.774225
11.887490
11.998919
12.111980
12.224225
12.339531
12.448919
12.561980
12.670143
12.788919
12.893613
13.008919
13.118919
13.233409
13.342592
13.458919
13.565041
13.682388
13.788919
13.904837
14.014021
14.132388
14.239531
14.358919
14.464021
14.575245
14.683409
14.802796
14.909939
15.027286
15.135449
15.248919
15.357898
15.471164
15.578919
15.695653
15.805858
15.922184
16.028919
16.148919
16.252796
16.370143
16.475245
16.591572
16.700756
16.814021
16.921164
17.039531
17.148919
17.264021
17.368919
17.490551
17.598919
17.713000
17.818919
17.938919
18.042592
18.158919
18.268919
18.383409
18.490551
18.608919
18.716062
18.828919
18.940551
19.056878
19.160960
19.278919
19.388919
19.498919
19.609939
19.728919
19.835449
19.955858
