0.081368
0.103817
0.139531
0.392592
0.457898
0.711980
0.742592
1.001776
1.020143
1.641572
2.220143
2.234429
2.281368
2.570143
2.591572
3.221980
3.551413
3.823204
3.850370
4.140551
4.167468
4.474928
4.790778
5.093613
5.108601
5.438034
5.723930
5.734089
6.051776
6.325245
6.360960
6.634928
6.674928
6.984928
7.306878
7.568465
7.616062
7.924928
8.202660
8.231685
8.508919
8.537490
8.816062
8.836470
9.137263
9.454928
9.749735
10.058805
10.365019
10.664928
10.844928
10.984928
11.124928
11.147241
11.272184
11.296674
11.552796
11.586969
11.724928
11.859803
11.881368
12.048715
12.159939
12.190551
12.332910
12.366288
12.474928
12.504928
12.654928
12.752320
12.790053
12.954928
13.079327
13.253000
13.402796
13.540347
13.580347
13.701436
13.964928
14.004928
14.150756
14.284928
14.302796
14.459939
14.579440
14.620075
14.766651
14.900756
14.930642
