0.008919
0.248919
0.288919
0.572003
0.828919
0.972184
1.088919
1.338919
1.613000
1.878919
2.108919
2.128919
2.408919
2.439531
2.668919
2.938919
3.208919
3.448919
3.466062
3.735721
3.988919
4.238919
4.518919
4.535449
4.798034
5.048919
5.138919
5.278919
5.318919
5.564021
5.578307
5.857445
6.098919
6.198919
6.348919
6.628919
6.880347
7.128919
7.384429
7.648919
7.898919
8.151776
8.159939
8.418919
8.698919
8.970143
9.192592
9.215041
9.468919
9.492592
9.733409
9.758919
10.008919
10.258919
10.337490
10.486470
10.518919
10.808919
11.048919
11.338919
11.608919
11.868919
12.158760
12.388919
12.519123
12.648919
12.918919
13.180438
13.418919
13.458919
13.728919
13.966062
13.982388
14.215041
14.490551
14.731368
14.759939
15.037490
15.325245
15.542796
15.588511
15.835858
16.098919
16.628919
16.643613
17.198919
17.728919
17.961980
17.990551
18.008919
18.264021
18.280347
18.558919
18.808919
18.898919
19.046470
19.313000
19.333817
19.628919
19.858919
20.121164
20.138919
20.398919
20.668102
20.925245
21.038919
21.180347
21.453817
21.474225
21.747694
21.928919
21.978919
22.108919
22.258919
22.392592
22.500756
22.517082
22.792592
23.038919
23.294633
23.558919
23.972184
24.078919
24.318919
24.578919
24.608919
25.098919
25.118919
25.338919
