0.068919
0.131368
0.318919
0.468919
0.900756
1.208919
1.578919
1.929327
2.358919
2.990551
3.413000
3.759939
3.798715
4.138919
4.468919
4.513000
4.864021
5.008919
5.228919
5.278919
5.592592
6.628919
6.748511
7.058919
7.098919
7.418919
7.798919
7.845653
8.523204
8.568919
8.788511
9.218919
9.248919
9.668919
9.998919
10.348919
10.718919
11.088919
11.458919
11.833409
12.204837
12.558919
12.598919
12.908919
13.278919
13.638919
14.008919
14.378919
14.398919
14.438919
14.751776
14.815041
15.118919
15.157898
15.468919
15.517082
15.838919
16.200756
16.568919
16.928919
17.318919
17.338919
17.368919
17.678919
18.038919
18.098919
18.408919
18.768919
19.138919
19.170143
19.498919
19.868919
19.938919
20.008919
20.221889
20.598919
20.638919
20.958919
21.168102
21.343613
21.537490
21.688919
21.728919
21.768919
22.058919
22.418919
22.798919
22.838919
23.178919
23.198919
23.518919
23.548919
23.888919
24.074225
24.268919
24.298919
24.338919
24.618919
24.953817
24.984429
25.168102
25.357898
25.713000
26.078919
26.153817
26.447694
26.488919
26.808919
26.928919
27.182388
27.202796
27.545653
27.908919
28.090551
28.278919
28.455858
28.638919
29.008919
29.058919
29.376266
29.408919
29.738919
