2.148919
12.266062
12.543613
12.796674
13.106878
13.457898
14.755858
14.792592
15.752048
18.788057
19.171186
19.577536
19.995495
20.427966
20.784429
20.821164
22.064973
23.188511
23.449735
23.710960
23.964021
24.267966
24.677218
26.378080
27.460710
28.845653
29.258919
30.558919
30.738919
31.258919
32.730189
32.744701
35.338919
36.186470
39.145653
39.876266
40.521164
41.290551
42.588511
43.383794
45.355858
45.686470
46.145653
46.159939
47.559939
48.068420
49.032048
49.087195
49.487740
49.786697
50.048919
50.291731
50.747422
51.362751
51.772003
51.917127
52.358307
52.898715
53.829327
55.837490
57.658919
60.792592
62.978307
63.272184
63.604837
63.884429
64.115041
64.255858
64.933409
65.741572
65.878919
67.345653
67.455858
67.604837
67.808919
68.490551
69.917082
71.158919
71.178919
71.315041
71.382388
73.488511
73.498919
74.448919
74.517082
76.651776
76.668919
77.760937
78.833409
79.747694
80.629327
81.666062
82.342524
82.352683
83.174089
84.438919
84.838669
84.848919
85.688919
85.933409
86.235449
86.368102
86.492592
86.618919
86.794633
87.429327
89.919123
90.830869
91.057263
91.199486
91.330098
91.498443
91.578919
91.695812
91.838919
91.959939
92.081844
93.288919
94.315041
94.598919
95.284429
95.380347
95.621164
95.884429
96.196674
96.541572
96.849735
97.114769
97.198919
98.066062
98.333409
98.431368
98.657445
98.745653
98.831368
102.048919
102.348919
103.656991
103.837490
104.584429
105.008919
105.418919
105.848919
106.186470
106.998715
107.700756
108.415041
109.028919
109.235449
109.418919
109.878307
110.008919
110.123204
110.241572
110.276266
110.449735
110.588511
110.619123
110.700756
110.821164
111.180347
111.302796
111.478919
111.548919
111.645653
112.138919
112.198919
112.828919
112.847694
113.298715
113.503703
113.635767
114.400756
115.192955
116.168919
116.584701
116.722570
116.861889
117.443839
117.784429
118.731368
118.866062
119.519123
119.657898
120.227286
120.415041
120.496674
120.627286
120.729327
120.821164
121.406878
121.882388
122.015041
122.182388
122.266062
122.517082
122.596674
122.680347
122.859939
123.182388
123.518919
123.708919
123.876266
123.938919
124.586470
124.674225
125.174225
125.300756
125.418919
125.535449
125.648919
125.841572
125.915041
125.998919
126.392592
126.631368
126.990551
127.955858
128.059939
128.284429
128.457898
129.082388
129.943613
130.529327
131.141572
131.919123
132.653817
133.428919
134.028919
134.184429
134.747694
136.475495
136.606107
136.758919
136.808919
137.299803
137.430415
138.982388
139.518919
139.658919
140.238919
140.390551
140.539531
141.078919
141.408919
141.935449
142.896674
143.059939
143.278919
143.978919
144.388919
145.223613
146.228919
146.292592
146.355858
146.419123
146.480347
146.543613
146.605858
146.669123
146.728919
146.792592
146.856878
146.919123
146.981368
147.039531
147.103817
147.166062
147.228919
147.291572
147.353817
147.418919
147.481368
147.543613
147.989531
149.472184
150.019123
