2.061980
2.268919
4.068919
4.598919
4.725245
4.828919
4.988919
7.951776
8.031368
8.128919
8.228919
8.366062
8.398919
8.653817
8.758919
8.884429
8.958919
8.998715
9.094633
9.182388
9.272184
9.359939
9.441572
9.515041
9.613000
9.651005
9.680347
9.752592
9.827286
9.896674
9.968919
10.039531
10.106878
10.170143
10.238919
10.302796
10.368102
10.429327
10.492728
10.552229
10.611731
10.666878
10.724928
10.784429
10.839576
10.964384
11.058919
11.129826
11.238669
11.348919
11.443295
11.555041
11.646470
11.768919
11.894633
12.015087
12.107966
12.197944
12.288919
12.417082
12.538919
12.678919
12.798919
13.428919
13.524384
13.538919
13.638919
13.728919
13.808828
13.834951
13.945245
13.968919
15.013363
15.098987
15.213635
15.307966
15.389236
15.468919
15.548919
15.619985
15.728828
15.820257
15.929100
16.026334
16.233862
16.323839
16.354316
16.408012
16.497989
16.534270
16.557490
16.698919
16.775177
16.865155
16.937717
17.048919
17.174270
17.230869
17.335359
17.438919
17.531277
17.647377
17.756220
17.849100
18.128919
18.188919
18.235132
18.278669
18.330914
18.361390
18.528919
18.635676
18.728919
18.799667
18.851912
18.905608
19.229236
19.323567
19.428919
19.452728
19.526742
19.592048
19.632683
19.689282
19.778919
19.869236
19.958919
20.033227
20.108692
20.197218
20.293000
20.378919
20.488919
20.628919
20.708919
21.390143
21.481572
21.652819
21.748601
21.828420
21.905336
21.993862
22.064973
22.147694
22.218919
22.358919
22.429236
22.494542
22.626606
22.688919
22.752864
22.812365
22.867513
22.935721
22.996674
23.172275
23.218919
23.510960
23.625064
23.738919
23.867082
23.964021
24.058987
24.134452
24.241844
24.294089
24.641572
25.022615
25.289644
25.941254
26.032683
26.113953
26.198125
26.280846
26.348919
26.443386
26.527558
26.643658
26.708919
26.804746
26.855540
26.919395
27.008919
27.097898
27.189327
27.269146
27.369282
27.444746
27.520211
27.602932
27.666787
27.727740
27.790143
27.848193
28.088919
28.222615
29.610007
29.701436
29.808919
29.882842
30.019259
30.090370
30.228919
30.325472
30.418919
30.527195
30.641844
30.710053
30.798579
30.855177
30.942252
31.001753
31.120756
31.178805
31.244112
31.319576
31.421164
31.474860
31.568919
31.592411
31.688919
31.776719
31.857989
31.940710
32.006016
32.072774
32.132275
32.206288
32.302071
32.384792
32.466062
32.542978
32.621345
32.668919
32.695359
32.760665
32.841935
32.913046
32.929009
33.238125
33.315041
33.434043
33.490642
33.554497
33.747513
33.831685
33.921663
34.013091
34.110325
34.484746
34.586334
34.688919
35.586243
35.918919
35.968919
36.248919
36.523749
36.638919
36.738919
37.498919
37.608919
37.751504
37.813907
37.921300
38.005472
38.079486
38.183975
38.298624
38.394406
38.545336
38.610642
38.729644
38.828919
38.857354
38.928919
39.014089
39.079395
39.173726
39.262252
39.346424
39.426243
39.604746
39.701980
39.777445
39.854361
39.932728
40.027059
40.135903
40.189599
40.288919
40.360846
40.378919
40.538919
40.639486
40.701889
40.878919
40.947150
41.048919
41.159032
41.188057
41.235948
41.302706
41.321572
41.405744
41.484112
41.568284
41.653907
41.738919
41.818919
41.898919
41.988919
42.068919
42.148919
42.238919
42.318919
42.399848
42.488919
42.568193
42.608828
42.652365
42.733635
42.838919
42.938261
43.008919
43.098919
43.208193
43.288919
43.441844
43.485381
43.586969
43.668919
43.828919
44.068783
44.225517
44.318397
44.398919
44.478919
44.568919
44.647830
44.732003
44.810370
44.894542
44.985971
45.062887
45.097717
45.148919
45.248919
45.324112
45.406833
45.520030
45.608556
45.691277
45.782706
45.872683
46.008919
46.081663
46.168919
46.321118
46.399486
46.502524
46.663613
46.762297
46.868238
46.974180
47.058919
47.159939
47.239758
47.300710
47.361663
47.468919
47.578919
47.641753
47.895721
47.978443
48.035041
48.127921
48.222252
48.315132
48.390597
48.527014
48.615540
48.708919
48.811458
48.904338
49.059622
49.138919
49.227966
49.301980
49.387604
49.471776
49.560302
49.650279
49.727195
49.807014
49.895540
49.988420
50.078919
50.169826
50.238919
50.338919
50.409282
50.548919
50.618919
50.678919
50.740166
50.796765
50.856266
50.921572
50.988919
51.048919
51.114588
51.178919
51.238919
51.303250
51.368919
51.428919
51.488919
51.548919
51.618919
51.677672
51.735721
51.861980
51.933091
51.978919
52.028873
52.120302
52.234951
52.316220
52.384429
52.458919
52.558919
52.641300
52.668919
52.753046
52.827059
52.912683
52.960574
53.008919
53.098919
53.188919
53.258919
53.368919
53.410461
53.468919
53.548919
53.635404
53.687649
53.728919
53.758760
53.828919
53.874860
53.908919
53.960483
54.001118
54.098919
54.188919
54.278919
54.359576
54.429236
54.478919
54.568919
54.648919
54.718919
54.818919
54.883477
54.966198
55.076492
55.141799
55.212910
55.297082
55.330461
55.379803
55.459622
55.524928
55.580075
55.642479
55.716492
55.796311
55.868873
55.950143
56.018352
56.138919
56.258919
56.328919
56.430506
56.501617
56.578919
56.668919
56.815087
56.898919
57.058919
57.138919
57.222887
57.299803
57.378919
57.482660
57.558919
57.635041
57.718919
57.808919
57.858919
57.884656
57.955767
58.058919
58.138919
58.222796
58.308919
58.380982
58.460801
58.558919
58.638919
58.718919
58.808919
58.878919
58.958919
59.038919
59.128375
59.208919
59.288919
59.382343
59.468919
59.548919
59.623250
59.708919
59.762570
59.784338
59.864157
59.942524
60.038919
60.118919
60.198919
60.278919
60.368919
60.448919
60.534633
60.628919
60.720393
60.894542
60.977263
61.055631
61.131368
61.202796
61.279327
61.349735
61.392592
61.410960
61.441572
61.476266
61.551776
61.615041
61.676266
61.703817
61.740551
61.777286
61.857898
61.917082
61.987490
62.050756
62.113000
62.176266
62.239531
62.272184
62.298715
62.356878
62.381368
62.415041
62.471164
62.527286
62.626266
62.722184
62.818102
62.910960
63.003817
63.095653
63.186470
63.274225
63.366062
63.449735
63.460960
63.532388
63.588919
63.632388
63.699735
63.718919
63.789531
63.865041
63.935449
63.948919
64.004837
64.019123
64.058919
64.102796
64.178919
64.199735
64.257898
64.318919
64.378307
64.434429
64.482388
64.495653
64.576266
64.698919
64.767082
64.840551
64.888919
64.982388
65.073204
65.141572
65.198715
65.278919
65.378919
65.458919
65.549735
65.638919
65.728919
65.818919
65.897694
65.978919
66.082388
66.514021
66.605858
66.683409
66.772184
66.855858
66.932388
67.013000
67.061980
67.204837
67.268102
67.326266
67.429327
67.548919
67.795653
67.943613
68.021164
68.180347
68.266062
68.358919
68.452796
68.518919
68.607898
68.697694
68.774225
68.863000
68.953817
69.024225
69.104837
69.178919
69.258919
69.332388
69.343613
69.423204
69.508919
69.598919
69.686470
69.768102
69.848919
69.870143
69.949735
70.008919
70.057898
70.088919
70.184429
70.336470
70.427286
70.508919
70.547694
70.616062
70.681368
70.748715
70.814021
70.854837
70.928919
71.029327
71.118919
71.207898
71.263000
71.377286
71.425245
71.457898
71.524225
71.608919
71.688919
71.798919
71.843613
71.904837
71.978307
72.043613
72.078919
72.171164
72.252796
72.425245
72.515041
72.604837
72.628919
73.284429
73.358919
73.394633
73.464021
73.528919
73.585449
73.744633
73.831368
73.954837
74.031368
74.104837
74.175245
74.258919
74.349735
74.436470
74.499735
74.596674
74.686470
74.769123
74.850756
74.925245
74.971164
74.996674
75.070143
75.137490
75.200756
75.234429
75.265041
75.326266
75.435449
75.534429
75.656878
75.753817
75.851776
75.883409
75.955858
76.058919
76.244633
76.331368
76.419123
76.495653
76.584429
76.670143
76.757898
76.843613
76.919123
77.006878
77.082388
77.143613
77.223204
