0.161980
0.175245
0.350756
0.513953
0.670143
0.833227
1.013182
1.184429
1.366062
1.531277
1.699735
1.733409
1.864021
1.874225
2.048715
2.211980
2.231368
2.563000
2.743613
2.912864
3.073204
3.260960
3.313000
3.589531
3.757898
3.796674
3.929508
4.121164
4.142592
4.274225
4.304837
4.476583
4.518102
4.635495
4.819077
4.979440
5.159395
5.325245
5.363000
5.680393
5.819712
5.864021
6.002796
6.041028
6.192592
6.227513
6.349418
6.391572
6.723204
6.892184
7.082297
7.192592
7.222184
7.408828
7.601118
7.753817
7.910960
8.095268
8.256878
8.435449
8.453817
8.706243
8.813635
8.963000
9.142592
9.314316
9.465245
9.488511
9.814021
9.971164
