0.109939
0.176266
0.237490
0.297694
0.358919
0.593613
0.735449
0.847694
0.970143
1.093613
1.211980
1.322184
1.451776
1.542592
1.573204
1.701073
1.809939
1.919123
2.088511
2.181368
2.291572
2.370143
2.533409
2.704837
2.741572
2.775245
2.884429
3.023204
3.101776
3.241572
3.261980
3.383068
3.483409
3.523204
3.664021
3.742978
3.982434
4.111980
4.229327
4.280347
4.471164
4.705858
4.871164
4.963000
5.192592
5.329327
5.440551
5.489531
5.676266
5.803749
5.919848
6.051776
6.164021
6.408919
6.549735
6.587490
6.641572
6.802796
6.902796
7.130347
7.384157
7.496674
7.555858
7.615041
7.858919
8.100756
8.342592
8.383409
8.581368
8.723204
8.832502
8.952955
9.061980
9.200756
9.311980
9.393613
9.550756
9.687286
9.793613
