0.185019
0.347649
0.630347
0.916062
0.941572
1.098715
1.234429
1.379327
1.526198
1.677127
1.822184
1.956492
2.116855
2.124837
2.255449
2.263431
2.424520
2.537717
2.685019
2.838511
2.981368
3.113136
3.280756
3.420801
3.574633
3.700166
3.844565
4.002025
4.142592
4.274134
4.435223
4.446107
4.848828
4.930347
5.086107
5.200030
5.351685
5.498261
5.666606
5.820143
5.950756
6.106334
6.250756
6.408919
6.421254
6.544610
6.677399
6.831957
6.979259
7.135994
7.278941
7.424066
7.553953
7.619985
7.721572
7.863068
8.021254
8.181617
8.296266
8.311504
8.461708
8.605381
8.745427
8.902887
9.042207
9.200393
9.338987
9.350597
9.492819
9.633590
9.780166
9.935449
9.955041
