0.016062
0.260960
0.522660
0.774225
1.043658
1.322297
1.559939
1.571164
1.815041
2.013000
2.061980
2.109939
2.329327
2.591572
2.872184
3.103817
3.116062
3.371164
3.625245
3.641572
3.889531
4.151776
4.174225
4.402796
4.641300
4.664021
4.935903
5.077286
5.183409
5.443613
5.471164
5.692592
5.711980
5.945971
6.200756
6.214021
6.464021
6.720143
6.972184
6.998715
7.078307
7.141572
7.191572
7.252796
7.502796
7.740551
7.760960
8.022184
8.277286
8.291572
8.534429
8.549735
8.780347
8.802796
9.070143
9.323204
9.583409
9.822184
9.832388
