0.064021
0.160960
0.238511
0.295653
0.543613
0.780982
1.032048
1.265041
1.508919
1.746674
1.997694
2.090007
2.164021
2.232229
2.477286
2.508919
2.711980
2.966560
3.197694
3.442570
3.685449
3.925245
4.023068
4.103817
4.165041
4.270143
4.406878
4.637490
4.651776
4.893613
4.908919
5.129327
5.377286
5.583409
5.616538
5.865041
5.959032
6.051776
6.096674
6.340551
6.372638
6.583409
6.835449
7.066062
7.306878
7.550756
7.804837
7.893545
7.974225
8.034429
8.275245
8.517082
8.766062
9.000756
9.242592
9.481368
9.736470
9.829508
9.906424
9.971731
