0.180166
0.322388
0.708919
0.928919
1.184429
1.268919
1.357898
1.488919
1.684429
1.818919
2.080347
2.547694
3.658919
3.908919
4.058919
4.278919
4.608919
4.728919
4.938919
4.978919
5.194633
5.328919
5.908919
7.490551
7.798919
8.028919
8.058919
8.282388
10.304066
10.838919
10.868919
11.168919
11.268919
11.510960
12.446107
14.010551
14.058919
14.408919
14.778919
15.308919
15.588919
16.078919
16.198919
16.318919
16.490551
20.207377
20.590506
21.918919
22.625155
22.908919
25.608919
26.198919
26.408919
28.737808
29.228919
29.588919
29.748919
29.788919
29.838919
29.988919
30.198919
30.378919
30.508919
30.538919
30.648919
30.806878
31.188511
31.458919
32.835449
32.948919
33.228919
33.518919
33.978919
34.038919
34.398919
34.547694
36.228919
36.278919
38.488919
38.828919
39.038919
39.206878
43.308919
43.328919
43.422978
43.576810
43.742252
44.089100
44.378919
44.538919
44.605744
44.678919
47.978919
