0.811
0.529
0.848
0.851
0.854
0.938
0.860
0.777
0.791
0.836
0.846
0.824
0.844
0.768
0.809
0.800
0.899
0.811
0.846
0.848
0.870
0.840
0.782
0.833
0.874
0.780
0.944
0.822
0.833
0.847
0.758
0.955
0.899
0.844
0.855
0.815
0.876
0.788
0.807
0.737
0.825
0.793
0.861
0.815
0.736
0.758
0.820
0.714
0.849
0.846
0.767
0.868
0.737
0.770
0.882
0.787
0.756
0.925
0.778
0.824
0.824
0.689
0.793
0.887
0.862
0.935
0.867
0.898
0.863
0.927
0.899
0.925
0.618
0.636
0.897
0.758
0.835
0.861
0.718
0.854
0.763
0.551
0.722
0.815
0.854
0.941
0.658
0.844
0.927
0.878
0.873
0.695
0.989
0.841
0.764
0.857
0.883
0.956
0.959
0.906
0.889
0.825
0.941
0.929
0.877
0.821
0.897
0.742
0.727
0.854
0.929
0.784
0.868
0.672
0.873
0.737
0.759
0.812
0.817
0.851
0.923
0.866
0.667
0.816
0.881
0.636
0.869
0.877
0.893
0.851
0.757
0.876
0.840
0.853
0.837
0.852
0.826
0.783
0.537
0.938
0.887
0.862
0.817
0.738
0.756
0.561
0.791
0.660
0.746
0.738
0.800
0.775
0.871
0.835
0.857
0.804
0.698
0.870
0.829
0.787
0.788
0.800
0.750
0.708
0.825
0.813
0.776
0.838
0.906
0.750
0.675
0.849
0.645
0.835
0.747
0.899
0.832
0.717
0.799
0.845
0.919
0.855
0.700
0.750
0.929
