0.939
0.538
0.969
1.000
0.927
0.909
0.947
0.958
0.950
0.982
1.000
1.000
0.947
0.923
0.978
0.975
0.976
1.000
0.983
0.983
0.931
0.957
0.987
0.941
0.965
1.000
1.000
1.000
0.972
0.970
0.986
0.981
0.922
0.985
0.962
0.971
0.969
0.982
0.964
0.960
0.982
1.000
1.000
0.968
1.000
0.966
1.000
1.000
0.984
0.984
1.000
0.956
1.000
1.000
1.000
0.953
0.984
0.985
0.941
0.986
0.986
0.977
0.981
0.984
0.902
0.986
0.965
0.982
0.982
0.994
0.981
0.989
0.920
0.872
0.939
0.952
0.996
0.961
0.810
0.994
0.932
1.000
0.867
0.952
0.979
0.979
0.603
0.989
1.000
0.979
1.000
0.759
1.000
1.000
0.889
0.933
0.963
0.995
1.000
0.984
0.977
0.989
0.990
0.929
1.000
0.947
0.933
0.960
1.000
0.955
0.976
1.000
1.000
0.981
0.960
0.700
0.976
0.962
0.951
1.000
0.994
0.966
0.895
0.973
0.980
0.987
0.944
0.983
0.956
0.970
0.909
0.994
0.955
0.980
0.977
1.000
0.960
0.971
0.944
0.996
0.972
0.967
0.973
0.965
0.987
0.956
0.997
0.871
0.786
0.935
0.857
1.000
0.979
0.983
0.973
0.980
0.857
0.939
0.948
0.929
0.953
0.963
0.983
0.970
0.956
0.976
0.968
1.000
0.962
1.000
0.821
0.977
1.000
0.961
0.976
1.000
0.986
0.933
0.994
0.969
0.973
0.983
1.000
0.871
0.975
