0.180
0.520
0.850
1.030
1.140
1.460
1.740
1.940
2.080
2.360
2.570
2.660
2.860
2.960
3.290
3.500
3.560
3.880
4.160
4.480
4.780
4.970
5.050
5.370
5.690
5.860
5.960
6.230
6.280
6.430
6.560
6.730
6.880
7.060
7.140
7.320
7.450
7.650
7.690
7.730
7.960
8.030
8.320
8.540
8.630
8.840
8.910
9.130
9.210
9.500
9.770
10.090
10.330
10.410
10.580
10.680
10.940
11.000
11.190
11.270
11.500
11.580
11.860
12.060
12.170
12.350
12.390
12.450
12.760
12.970
13.050
13.260
13.370
13.640
13.850
13.940
14.150
14.230
14.420
14.500
14.540
14.810
15.120
15.410
15.580
15.640
15.700
15.870
15.930
15.980
16.210
16.310
16.560
16.710
16.780
16.840
17.130
17.370
17.440
17.700
17.930
18.010
18.290
18.600
18.810
18.890
19.070
