0.020
0.340
0.660
0.840
0.980
1.150
1.310
1.470
1.610
1.770
1.830
2.080
2.230
2.420
2.560
2.720
2.870
3.200
3.380
3.520
3.690
3.840
4.010
4.170
4.320
4.620
4.790
5.050
5.110
5.430
5.660
5.760
5.920
6.010
6.070
6.240
6.400
6.570
6.720
6.830
6.880
7.160
7.330
7.660
7.970
8.160
8.270
8.310
8.480
8.610
8.780
8.920
9.110
9.260
9.410
9.730
9.880
10.190
10.230
10.530
10.690
10.830
10.870
11.030
11.170
11.350
11.670
11.820
11.960
12.290
12.440
12.630
12.760
13.090
13.260
13.410
13.590
13.730
14.220
14.360
14.480
14.830
14.990
15.160
15.270
15.310
15.750
15.820
15.950
16.110
16.260
16.440
16.600
16.690
16.760
17.060
17.230
17.480
17.540
17.830
18.030
18.180
18.480
18.520
18.690
18.740
18.840
19.000
19.150
19.320
19.470
19.660
19.780
19.960
20.110
20.440
20.690
20.760
21.060
21.100
21.260
21.410
21.560
21.710
21.900
22.050
22.200
22.240
22.530
22.680
22.960
23.010
23.330
23.670
23.840
24.000
24.170
24.320
24.480
24.630
24.800
24.950
25.120
25.270
25.590
25.630
25.850
25.920
26.240
26.410
26.510
26.570
26.730
27.070
27.200
27.330
27.390
27.660
27.830
28.000
28.150
28.330
28.480
28.810
28.970
29.120
29.220
29.290
29.770
