0.180
0.420
0.640
0.890
1.150
1.420
1.640
1.890
2.130
2.370
2.620
2.860
3.100
3.360
3.570
3.830
4.070
4.310
4.540
4.780
5.020
5.260
5.490
5.740
5.970
6.210
6.450
6.680
6.930
7.170
7.410
7.630
7.860
8.100
8.210
8.320
8.360
8.440
8.530
8.590
8.830
8.940
9.020
9.250
9.310
9.490
9.540
9.740
9.780
9.960
10.210
10.440
10.660
10.710
10.900
11.130
11.360
11.590
11.820
12.060
12.280
12.320
12.510
12.550
12.750
12.930
13.030
13.200
13.360
13.400
13.670
13.730
13.920
14.140
14.370
14.600
14.790
14.850
15.050
15.300
15.540
15.750
15.900
16.000
16.190
16.270
16.390
16.470
16.590
16.630
16.710
16.760
16.930
17.070
17.110
17.180
17.390
17.630
17.720
17.850
18.090
18.310
18.550
18.610
18.780
19.010
19.240
19.470
19.710
19.820
20.000
20.070
20.120
20.180
20.400
20.620
20.840
20.880
21.090
21.260
21.330
21.540
21.760
21.840
22.000
22.160
22.240
22.460
22.690
22.930
23.050
23.180
23.300
23.380
23.630
23.830
24.040
24.100
24.180
24.310
24.570
24.620
24.810
25.030
25.080
25.290
25.510
25.760
25.920
26.010
26.130
26.240
26.480
26.710
26.810
26.850
26.940
27.060
27.170
27.390
27.620
27.890
28.110
28.150
28.350
28.420
28.590
28.650
28.720
28.840
28.900
29.060
29.310
29.350
29.540
29.780
