0.977
1.000
0.900
0.941
0.917
0.889
1.000
0.985
0.839
0.936
1.000
0.947
0.770
0.969
0.970
0.936
1.000
1.000
1.000
1.000
1.000
0.929
0.966
1.000
0.833
0.943
0.921
0.235
1.000
1.000
0.944
0.953
0.729
1.000
1.000
0.962
0.714
0.921
1.000
0.696
0.957
1.000
1.000
0.942
0.725
0.958
1.000
0.945
1.000
0.707
0.725
0.771
0.846
0.765
0.875
0.895
1.000
0.867
1.000
1.000
0.950
0.750
1.000
0.964
0.957
0.761
0.881
0.897
1.000
1.000
0.955
0.885
0.405
0.800
0.941
1.000
0.974
0.838
1.000
0.917
1.000
0.871
1.000
0.867
1.000
0.932
1.000
1.000
1.000
1.000
0.762
0.927
0.884
0.867
0.853
0.909
0.886
0.774
0.820
0.867
0.872
0.845
0.871
0.882
0.973
0.926
0.632
0.842
0.933
0.800
0.929
0.816
0.807
0.903
0.939
0.982
0.926
0.819
0.905
0.823
0.920
0.853
0.892
0.785
0.875
0.909
0.901
0.864
0.901
0.853
0.786
0.797
0.859
0.904
0.861
0.822
0.654
0.917
0.932
0.680
0.818
0.986
0.850
0.944
0.917
0.789
0.985
0.930
0.922
0.972
0.931
0.990
0.908
0.784
0.981
0.949
0.990
0.933
0.858
0.632
0.950
0.855
1.000
0.923
0.729
0.815
0.816
0.971
0.778
0.774
1.000
1.000
0.709
0.862
0.594
0.853
0.636
0.811
0.860
0.969
0.730
0.962
0.696
0.952
0.556
0.889
0.891
0.768
1.000
0.695
0.852
1.000
0.875
0.558
0.811
0.683
0.841
0.806
0.817
0.844
0.969
0.929
0.881
0.930
0.822
1.000
1.000
1.000
1.000
1.000
0.833
1.000
1.000
0.745
0.889
0.643
1.000
1.000
1.000
0.882
0.886
0.815
0.860
0.948
0.798
0.800
0.500
0.767
1.000
0.585
0.922
1.000
0.735
0.855
1.000
0.803
0.528
0.586
0.868
1.000
0.862
0.852
1.000
0.963
0.919
0.824
0.825
0.837
0.676
0.947
0.825
0.863
0.953
0.865
0.976
0.885
0.904
0.872
0.901
0.887
0.729
0.200
0.683
0.509
0.377
0.547
1.000
0.925
0.857
0.688
0.870
0.862
0.721
0.742
0.750
0.722
0.800
0.821
0.766
0.929
0.768
0.857
0.900
0.913
0.979
0.763
0.964
0.705
0.914
0.829
0.833
0.558
0.844
0.828
0.904
0.899
0.769
0.785
0.598
0.627
0.820
0.950
0.897
0.833
0.772
0.968
1.000
1.000
1.000
1.000
0.758
0.935
0.867
0.782
0.773
0.891
0.929
0.762
0.712
0.606
0.886
