0.930
1.000
0.900
0.941
0.917
0.778
0.968
0.938
0.903
0.936
0.962
0.842
0.885
0.969
1.000
0.979
1.000
1.000
1.000
1.000
1.000
0.857
0.862
0.857
0.756
0.943
0.816
0.294
0.773
0.719
1.000
0.812
0.854
0.962
1.000
0.731
0.929
0.868
0.931
0.826
0.957
1.000
0.923
0.855
0.843
0.875
0.542
0.945
0.846
0.547
0.688
0.667
0.677
0.882
1.000
0.868
1.000
0.933
1.000
0.893
0.950
0.818
1.000
0.745
0.787
0.848
0.786
0.879
0.769
0.971
0.636
0.731
0.786
0.800
0.824
0.811
0.842
0.730
0.714
0.917
1.000
0.871
1.000
0.917
0.909
0.847
0.967
0.947
0.941
1.000
0.603
0.600
0.767
0.817
0.680
0.675
0.818
0.597
0.580
0.600
0.787
0.726
0.757
0.500
0.808
0.685
0.528
0.754
0.817
0.659
0.875
0.789
0.636
0.681
0.768
0.750
0.838
0.651
0.690
0.709
0.840
0.760
0.846
0.631
0.750
0.773
0.667
0.659
0.714
0.613
0.768
0.506
0.615
0.795
0.528
0.753
0.580
0.792
0.784
0.700
0.597
0.930
0.667
0.674
0.857
0.789
0.697
0.761
0.909
0.895
0.773
0.980
0.712
0.640
0.938
0.688
0.814
0.533
0.906
0.912
0.900
0.836
1.000
0.867
0.700
0.578
0.755
0.692
0.789
0.679
0.899
1.000
0.466
0.688
0.228
0.235
0.500
0.730
0.509
0.949
0.841
0.906
0.657
0.959
0.556
0.759
0.709
0.625
0.944
0.632
0.741
0.900
0.719
0.485
0.757
0.844
0.795
0.701
0.806
0.734
0.521
0.357
0.754
0.761
0.756
1.000
1.000
1.000
1.000
1.000
0.778
1.000
1.000
0.764
0.944
0.571
0.800
1.000
1.000
0.725
0.455
0.704
0.953
0.887
0.596
0.833
0.551
0.733
1.000
0.610
0.628
1.000
0.645
0.655
0.667
0.809
0.639
0.517
0.632
1.000
0.617
0.727
0.873
0.654
0.749
0.681
0.721
0.688
0.514
0.856
0.596
0.658
0.707
0.730
0.699
0.664
0.795
0.798
0.688
0.684
0.478
0.202
0.424
0.386
0.361
0.323
0.964
0.975
0.952
0.896
0.759
0.800
0.767
0.710
0.893
0.806
0.757
0.679
0.714
0.786
0.609
0.755
0.780
0.783
0.875
0.695
0.909
0.386
0.971
0.756
0.717
0.558
0.703
0.517
0.863
0.734
0.538
0.731
0.813
0.545
0.764
0.860
0.845
1.000
0.648
0.975
1.000
1.000
1.000
1.000
0.779
0.641
0.933
0.687
0.563
0.735
0.143
0.463
0.596
0.606
0.795
