0.185
0.525
0.635
0.855
0.965
1.025
1.205
1.545
1.660
1.895
2.010
2.260
2.355
2.570
2.685
2.920
3.050
3.280
3.370
3.605
3.725
3.940
4.095
4.305
4.400
4.650
4.740
5.090
5.335
5.405
5.675
5.975
6.095
6.330
6.445
6.665
6.820
6.995
7.095
7.330
7.460
7.640
7.710
7.810
7.850
8.065
8.130
8.395
8.495
8.705
8.820
9.175
9.395
9.735
9.845
10.085
10.205
10.450
10.555
10.885
11.145
11.465
11.565
11.775
11.920
12.150
12.445
12.610
12.845
12.955
13.155
13.300
13.335
13.500
13.555
13.655
13.880
14.115
14.200
14.315
14.420
14.525
14.625
14.845
15.135
15.220
15.545
15.670
15.895
16.025
16.220
16.355
16.610
16.720
16.910
17.055
17.205
17.245
17.415
17.610
17.760
17.960
18.090
18.290
18.415
18.685
18.750
18.990
19.090
19.325
19.440
19.670
19.775
20.030
20.135
20.310
20.365
20.465
20.780
21.030
21.150
21.400
21.500
21.735
21.830
22.080
22.180
22.375
22.605
22.720
22.810
22.935
23.045
23.120
23.180
23.410
23.525
23.625
23.740
23.860
24.075
24.120
24.200
24.335
24.420
24.530
24.735
24.860
25.065
25.180
25.380
25.425
25.540
25.710
25.770
26.140
26.255
26.440
26.540
26.865
26.935
27.080
27.170
27.640
27.775
27.890
28.255
28.470
28.505
28.585
28.790
28.940
29.125
29.190
29.260
29.355
