0.260
0.500
0.670
0.830
1.005
1.170
1.355
1.515
1.690
1.725
2.045
2.205
2.370
2.540
2.715
2.880
2.915
3.040
3.090
3.230
3.405
3.560
3.750
3.925
4.085
4.260
4.455
4.600
4.780
4.970
5.110
5.160
5.300
5.475
5.625
5.840
5.950
6.320
6.565
6.665
6.845
6.890
7.020
7.190
7.370
7.545
7.705
7.880
8.045
8.220
8.385
8.560
8.730
8.915
9.075
9.250
9.415
9.595
9.760
9.940
10.115
10.280
10.440
10.615
10.780
10.960
11.130
11.310
11.480
11.650
11.820
12.005
12.175
12.350
12.510
12.675
12.720
12.860
13.025
13.185
13.365
13.530
13.715
13.885
14.060
14.225
14.565
14.740
14.805
