0.185
0.265
0.520
0.780
1.035
1.165
1.295
1.555
1.815
2.070
2.200
2.335
2.590
2.850
3.110
3.235
3.365
3.625
3.885
4.145
4.270
4.420
4.660
4.920
5.175
5.305
5.435
5.695
5.955
6.210
6.340
6.485
6.730
6.990
7.245
7.375
7.505
7.770
8.030
8.290
8.410
8.560
8.710
8.820
9.015
9.065
9.325
9.490
9.590
9.655
9.755
9.845
10.010
10.100
10.275
10.360
10.625
10.870
11.025
11.135
11.395
11.655
11.910
12.170
12.430
12.700
12.950
13.205
13.445
13.725
13.760
13.985
14.240
14.505
14.770
15.020
15.275
15.535
15.790
16.050
16.310
16.570
16.705
16.840
16.955
17.070
17.280
17.345
17.575
17.760
17.865
18.030
18.130
18.265
18.380
18.640
18.770
18.890
19.155
19.415
19.520
19.680
19.935
20.030
20.190
20.450
20.710
20.980
21.115
21.200
21.485
21.745
22.005
22.260
22.520
22.755
22.790
23.045
23.295
23.555
23.750
23.815
24.070
