0.185
0.390
0.600
0.990
1.190
1.400
1.515
1.575
1.640
2.005
2.045
2.195
2.410
2.600
2.800
2.885
3.055
3.105
3.205
3.260
3.390
3.620
3.820
4.010
4.210
4.260
4.410
4.615
4.795
4.865
4.980
5.030
5.130
5.230
5.270
5.325
5.450
5.535
5.630
5.825
5.985
6.025
6.080
6.230
6.305
6.430
6.840
7.015
7.175
7.230
7.430
7.630
7.840
8.040
8.140
8.185
8.255
8.325
8.380
8.425
8.495
8.645
8.725
8.845
9.045
9.220
9.330
9.455
9.505
9.570
9.840
10.055
10.235
10.455
10.660
10.860
11.060
11.240
11.360
11.405
11.480
11.555
11.650
11.715
11.865
11.975
12.040
12.270
12.450
12.675
12.755
12.850
13.055
13.150
13.280
13.495
13.880
14.080
14.285
14.540
14.630
14.800
14.920
15.305
15.495
15.675
15.720
15.765
15.945
16.020
16.110
16.295
16.510
16.725
16.860
17.100
17.305
17.420
17.510
17.605
17.715
17.780
18.025
18.135
18.170
18.310
18.385
18.520
18.715
18.895
19.170
19.320
19.725
19.925
20.055
20.125
20.325
20.415
20.525
20.625
20.730
20.910
20.980
21.145
21.220
21.270
21.385
21.540
21.740
21.940
22.155
22.345
22.420
22.540
22.740
22.855
22.960
23.125
23.255
23.350
23.550
23.625
23.750
23.950
24.155
