0.185
0.445
0.755
1.005
1.320
1.745
1.860
2.180
3.055
3.575
3.910
4.175
4.435
4.775
5.195
5.375
5.465
5.600
5.880
6.385
6.465
7.065
7.370
7.650
7.935
8.135
8.200
8.240
8.625
8.780
9.080
9.615
9.925
10.505
10.795
10.845
11.060
11.130
11.345
11.675
12.010
12.130
12.240
12.700
12.755
13.015
13.050
13.340
13.610
13.900
14.185
14.530
14.765
15.025
15.080
15.470
15.620
15.895
15.950
16.210
16.405
16.475
16.750
17.210
17.365
17.640
17.865
18.020
18.170
18.505
18.765
19.020
19.370
19.610
20.215
20.515
20.780
21.080
21.380
21.670
21.950
22.140
22.525
22.835
23.055
23.115
23.360
23.690
24.125
24.190
24.395
24.530
24.750
24.855
25.115
25.395
25.650
25.925
26.010
26.235
27.090
27.925
27.990
28.325
28.500
28.840
29.395
