0.185
0.435
0.640
0.855
1.035
1.215
1.420
1.610
1.785
1.980
2.020
2.215
2.375
2.595
2.765
2.985
3.145
3.205
3.335
3.390
3.560
3.745
3.915
3.970
4.120
4.160
4.315
4.560
4.715
4.920
4.955
5.095
5.295
5.500
5.690
5.860
6.065
6.260
6.460
6.695
6.830
7.215
7.250
7.415
7.610
7.790
7.840
7.965
8.015
8.180
8.380
8.595
8.740
8.900
8.945
8.995
9.130
9.355
9.535
9.705
9.895
10.090
10.140
10.280
10.470
10.645
10.715
10.850
11.015
11.085
11.235
11.285
11.390
11.430
11.605
11.795
11.955
12.360
12.435
12.530
12.580
12.755
12.935
12.990
13.180
13.315
13.480
13.535
13.735
13.910
14.075
14.265
14.300
14.490
14.725
14.860
14.900
15.025
15.065
15.230
15.420
15.640
15.810
15.850
16.010
16.110
16.240
16.390
16.620
16.770
16.855
16.990
17.035
17.150
17.200
17.320
17.385
17.575
17.750
17.825
17.920
18.135
18.360
18.545
18.725
18.775
18.900
18.935
19.150
19.315
19.500
19.535
19.595
19.685
19.915
20.090
20.255
20.460
20.750
20.875
21.050
21.090
21.255
21.430
21.665
21.840
22.040
22.225
22.430
22.585
22.620
22.805
23.015
23.185
23.390
23.430
23.570
23.765
24.000
24.170
24.340
24.525
24.675
24.760
24.900
24.940
25.135
25.310
25.515
25.685
25.725
25.840
26.095
26.290
26.430
26.480
26.660
26.820
27.045
27.220
27.370
27.605
27.795
27.965
28.040
28.140
28.320
28.530
28.595
28.655
28.735
28.890
28.925
29.105
29.150
29.230
29.290
29.390
