0.190
0.260
0.545
0.710
0.825
0.980
1.105
1.175
1.240
1.360
1.500
1.625
1.765
1.885
2.025
2.160
2.305
2.435
2.565
2.690
2.840
2.950
3.090
3.215
3.285
3.375
3.415
3.485
3.630
3.755
3.940
4.015
4.220
4.290
4.440
4.560
4.715
4.820
4.900
4.970
5.090
5.225
5.360
5.485
5.615
5.750
5.890
6.160
6.430
6.550
6.585
6.700
6.830
6.980
7.025
7.095
7.150
7.225
7.360
7.500
7.625
7.765
7.905
8.025
8.075
8.215
8.365
8.475
8.605
8.765
9.000
9.115
9.280
9.375
9.530
9.590
9.680
9.785
9.890
10.045
10.170
10.210
10.330
10.440
10.585
10.715
10.840
10.960
11.125
11.230
11.365
11.495
11.635
11.770
11.960
12.025
12.195
12.300
12.575
12.760
12.855
13.100
13.375
13.510
13.650
13.765
13.915
14.045
14.105
14.185
14.310
14.435
14.520
14.610
14.705
14.870
14.980
15.045
15.100
15.235
15.295
15.370
15.515
15.565
15.640
15.760
15.900
16.020
16.170
16.320
16.440
16.570
16.770
16.915
17.150
17.305
17.420
17.565
17.655
17.825
17.930
18.095
18.150
18.220
18.355
18.470
18.595
18.750
18.890
19.005
19.135
19.290
19.405
19.530
19.785
19.845
19.925
20.030
20.190
20.315
20.440
20.585
20.730
20.845
20.885
20.995
21.110
21.380
21.570
21.655
21.755
21.805
21.935
22.055
22.115
22.185
22.300
22.335
22.445
22.555
22.595
22.720
22.860
22.905
22.995
23.150
23.265
23.400
23.525
23.675
23.710
23.790
23.915
24.045
24.195
24.320
24.455
24.570
24.715
24.870
24.985
25.120
25.155
25.315
25.495
25.560
25.695
25.935
25.990
26.100
26.215
26.490
26.635
26.895
27.010
27.175
27.440
27.535
27.675
27.795
27.955
28.070
28.205
28.355
28.505
28.610
28.740
29.025
29.145
29.270
