2.195
2.405
4.165
4.685
4.910
5.070
5.105
5.410
7.975
8.055
8.145
8.240
8.415
8.660
8.755
8.895
8.965
9.000
9.090
9.265
9.350
9.430
9.510
9.605
9.640
9.735
9.810
9.945
10.015
10.080
10.210
10.275
10.335
10.395
10.515
10.575
10.745
10.805
10.925
11.020
11.190
11.295
11.400
11.510
11.695
11.790
11.960
12.055
12.135
12.230
12.355
12.460
12.610
12.725
13.160
13.340
13.445
13.515
13.640
13.705
13.760
13.875
14.890
14.980
15.095
15.180
15.260
15.340
15.420
15.595
15.950
16.090
16.185
16.260
16.350
16.410
16.540
16.785
16.890
17.065
17.170
17.265
17.465
17.690
17.945
18.005
18.145
18.340
18.440
18.535
18.710
19.020
19.120
19.215
19.250
19.385
19.560
19.645
19.740
19.975
20.145
20.260
20.395
20.475
21.140
21.490
21.735
21.800
21.890
21.950
22.090
22.225
22.355
22.415
22.650
22.720
22.930
23.330
23.445
23.675
23.760
23.825
23.995
24.965
25.605
25.695
25.940
26.000
26.355
26.560
26.655
26.725
26.825
26.910
26.995
27.155
27.235
27.295
27.355
27.465
27.640
27.710
29.195
29.290
29.395
29.470
29.805
29.900
29.980
30.210
30.275
30.370
30.420
30.565
30.675
31.015
31.145
31.235
31.310
31.390
31.480
31.550
31.635
31.730
31.970
32.195
32.285
32.600
32.740
32.860
32.940
33.105
33.350
33.430
33.605
33.980
34.075
34.180
34.345
34.415
35.050
35.425
35.705
35.785
35.975
36.190
36.935
37.185
37.240
37.810
37.960
38.020
38.230
38.270
38.330
38.475
38.725
39.005
39.095
39.165
39.235
39.315
39.500
39.665
39.760
40.240
40.400
40.595
40.675
40.755
40.835
40.915
41.000
41.080
41.160
41.240
41.325
41.405
41.485
41.570
41.650
41.730
41.810
41.895
41.980
42.150
42.325
42.415
42.595
42.795
42.980
43.135
43.525
43.610
43.690
43.770
43.855
43.935
44.020
44.100
44.180
44.260
44.345
44.425
44.520
44.595
44.800
44.880
45.060
45.140
45.255
45.340
45.425
45.590
45.755
45.915
46.225
46.300
46.435
46.540
46.605
46.695
46.805
47.130
47.200
47.390
47.600
47.855
47.915
48.020
48.105
48.420
48.505
48.745
48.825
48.910
48.990
49.075
49.155
49.255
49.350
49.410
49.510
49.580
49.720
49.785
49.845
50.030
50.090
50.150
50.215
50.335
50.395
50.460
50.580
50.640
50.700
50.765
51.125
51.285
51.370
51.585
51.690
51.775
51.815
52.085
52.125
52.220
52.300
52.370
52.480
52.570
52.660
52.745
52.835
52.925
53.010
53.105
53.195
53.260
53.365
53.575
53.665
53.735
53.805
53.900
53.975
54.045
54.140
54.225
54.310
54.370
54.450
54.540
54.620
54.695
54.780
54.880
54.945
55.010
55.200
55.320
55.385
55.625
55.725
55.945
56.180
56.335
56.420
56.585
56.655
56.750
56.880
57.070
57.160
57.240
57.320
57.385
57.470
57.555
57.645
57.730
57.810
57.875
57.960
58.050
58.205
58.285
58.380
58.465
58.525
58.610
58.690
58.775
58.930
59.020
59.095
59.175
59.255
59.340
59.420
59.595
59.685
59.865
60.010
60.085
60.160
60.230
60.360
60.395
60.565
60.720
60.855
60.940
60.990
61.050
61.110
61.205
61.285
61.345
61.455
61.695
61.850
61.925
62.015
62.105
62.180
62.260
62.370
62.440
62.500
62.625
62.690
62.755
62.845
62.955
63.075
63.150
63.210
63.385
63.465
63.585
63.650
63.770
63.955
64.080
64.150
64.250
64.330
64.505
64.680
64.840
65.220
65.365
65.530
65.615
65.700
65.775
65.905
66.040
66.105
66.165
66.370
66.620
67.005
67.170
67.325
67.405
67.495
67.650
67.900
67.975
68.140
68.250
68.295
68.385
68.550
68.630
68.785
68.835
68.870
69.280
69.445
69.575
69.610
69.695
69.875
69.965
70.015
70.180
70.355
70.430
70.535
70.810
70.995
71.155
71.240
71.330
71.995
72.070
72.295
72.495
72.540
72.660
72.955
73.190
73.280
73.370
73.515
73.610
73.655
73.910
74.005
74.205
74.330
74.550
74.630
74.725
74.920
75.150
75.240
75.315
