0.680
0.870
0.975
1.235
1.780
1.945
2.215
2.275
2.360
2.460
2.705
2.940
3.175
3.315
3.545
3.665
3.700
3.780
3.880
3.930
4.100
4.200
4.235
4.430
4.540
4.635
4.745
4.845
4.965
5.175
5.240
5.380
5.485
5.585
5.835
5.965
6.180
6.255
6.390
6.500
6.635
6.750
6.905
7.080
7.285
7.480
7.525
7.880
8.035
8.260
8.510
8.680
8.760
9.015
9.265
9.490
9.630
9.755
10.130
10.235
10.370
10.540
10.615
10.650
10.795
10.870
10.980
11.215
11.265
11.425
11.510
11.565
11.635
11.775
11.925
11.990
12.135
12.335
12.520
12.695
12.810
12.915
13.015
13.130
13.255
13.455
13.600
13.780
13.940
14.125
14.230
14.295
14.415
14.490
14.535
14.655
14.825
14.990
15.140
15.315
15.460
15.505
15.630
15.800
15.940
16.090
16.245
16.390
16.535
16.855
16.955
16.990
17.260
17.380
17.480
17.695
17.835
18.000
18.180
18.445
18.485
18.650
18.720
18.995
19.215
19.390
19.475
19.670
19.750
19.820
19.910
20.365
20.450
20.565
20.850
20.950
21.040
21.410
21.540
21.625
21.700
21.940
22.030
22.125
22.200
22.280
22.315
22.525
22.700
22.780
23.240
23.320
23.410
23.475
23.655
23.820
23.905
24.135
24.265
24.310
24.465
24.840
25.070
25.270
25.375
25.555
25.795
25.895
25.955
26.120
26.320
26.435
26.555
26.845
26.930
27.020
27.085
27.200
27.270
27.750
27.890
28.000
28.225
28.300
28.440
28.815
28.925
29.075
29.360
29.540
29.675
29.850
29.980
30.205
30.525
30.780
30.880
31.010
31.250
31.530
31.770
31.855
32.080
32.335
32.435
32.555
32.680
32.900
33.105
33.225
33.320
33.595
33.705
33.905
33.970
34.120
34.165
34.550
34.660
34.780
34.920
35.105
35.235
35.290
35.490
35.575
35.640
35.810
35.955
36.220
36.355
36.505
36.640
36.835
39.615
41.045
41.120
41.795
42.130
42.445
42.815
43.295
43.410
44.045
47.035
48.370
48.580
48.800
48.925
49.065
49.115
49.190
49.235
49.315
49.385
49.515
50.880
