0.185
0.365
0.500
0.630
0.800
0.895
0.985
1.555
1.750
2.030
2.140
2.680
3.200
3.500
3.680
4.095
4.190
4.315
4.825
5.060
5.415
5.510
5.595
6.000
6.470
8.145
8.845
9.150
9.290
9.345
9.640
9.810
10.550
10.750
11.195
11.260
11.550
11.645
12.815
14.255
15.500
15.655
15.690
15.990
16.030
16.135
16.705
16.895
17.275
17.355
17.395
17.630
17.770
17.855
18.350
18.650
18.685
18.830
18.865
19.220
19.255
19.370
19.495
19.615
19.800
19.970
20.010
20.205
20.675
21.025
21.150
21.615
22.810
22.845
23.015
23.280
23.785
23.850
24.010
24.285
24.460
24.705
26.595
26.805
27.065
27.140
27.400
27.860
29.750
30.675
30.825
30.865
31.280
31.355
31.535
31.580
31.935
32.015
32.290
32.370
32.485
32.650
33.515
33.985
34.440
34.580
37.475
38.270
38.455
39.040
39.215
39.250
41.375
41.510
41.800
41.855
42.240
42.705
42.955
43.430
43.690
44.445
44.485
45.545
45.825
45.935
46.010
46.050
46.665
46.760
47.185
47.490
48.495
49.295
49.355
49.860
50.515
50.575
51.055
51.255
51.290
51.445
52.120
52.195
52.895
53.490
53.630
54.390
56.125
56.375
56.475
56.630
56.915
57.075
57.400
57.675
57.830
57.900
57.950
58.065
58.110
58.450
58.595
58.750
58.815
58.970
59.325
59.510
59.590
59.640
59.985
60.735
61.005
61.200
61.620
61.730
61.900
61.960
62.265
62.425
62.655
63.940
64.520
64.810
64.965
65.000
65.200
65.505
65.695
65.770
66.075
66.195
66.435
66.770
66.850
67.160
67.555
68.085
68.190
