0.010
0.115
0.470
0.510
0.655
0.830
1.015
1.195
1.375
1.560
1.740
1.915
2.100
2.280
2.460
2.640
2.820
3.005
3.365
3.550
3.725
3.905
4.085
4.265
4.455
4.630
4.810
4.990
5.170
5.350
5.530
5.710
5.900
6.105
6.260
6.435
6.615
6.795
6.975
7.155
7.340
7.520
7.700
7.885
8.045
8.245
8.535
8.605
8.785
8.960
9.145
9.330
9.600
9.690
10.050
10.230
10.415
10.565
10.770
10.960
11.140
11.300
11.495
11.680
11.870
12.040
12.220
12.580
12.760
12.940
13.125
13.305
13.485
13.665
13.855
14.025
14.300
14.390
14.575
14.765
14.930
15.115
15.475
15.650
15.835
16.020
16.200
16.380
16.555
16.740
16.920
17.100
17.280
17.465
17.665
17.825
18.005
18.050
18.185
18.365
18.540
18.725
18.905
19.090
19.265
19.450
19.630
19.810
20.170
20.350
20.515
20.710
20.810
20.900
21.255
21.435
21.615
21.695
21.795
21.960
22.115
22.155
22.340
22.520
22.700
22.970
23.065
23.250
23.605
23.790
23.965
24.015
24.145
24.325
24.505
24.695
24.870
25.050
25.230
25.415
25.595
25.955
26.140
26.365
26.495
26.680
26.905
27.040
27.220
27.400
27.585
27.765
27.945
28.120
28.305
28.485
28.665
28.845
29.030
29.390
29.570
29.745
29.930
