0.010
0.120
0.350
0.580
0.795
1.010
1.250
1.700
1.925
2.145
2.385
2.595
2.630
2.830
3.040
3.260
3.475
3.715
3.925
4.170
4.380
4.605
4.840
4.910
5.275
5.340
5.585
5.775
5.840
6.265
6.380
6.490
6.710
7.205
7.400
7.645
8.120
8.370
8.585
8.810
9.035
9.295
9.500
9.980
10.075
10.185
10.290
10.410
10.485
10.810
10.900
11.120
11.315
11.385
11.605
11.805
12.015
12.295
12.505
12.725
12.975
13.195
13.470
13.700
13.910
14.145
14.625
15.040
15.090
15.370
15.550
15.765
15.925
15.990
16.480
16.725
16.920
17.200
17.450
17.655
17.895
17.945
18.095
18.350
18.575
18.775
18.820
19.095
19.285
19.600
19.760
20.190
20.365
20.430
20.670
20.940
21.055
21.150
21.390
21.605
21.850
22.055
22.310
22.560
22.790
23.010
23.260
23.335
23.465
23.705
23.935
24.175
24.380
24.420
24.855
24.895
25.095
25.335
25.560
25.820
25.985
26.045
26.270
26.335
26.475
26.550
26.710
26.785
26.970
27.175
27.295
27.670
27.890
28.115
28.170
28.400
28.460
28.590
28.705
28.845
29.070
29.550
29.785
30.025
30.260
30.485
30.720
30.945
