0.420
0.980
1.460
1.695
1.915
2.160
2.375
2.610
3.060
3.285
3.500
3.715
3.960
4.160
4.390
4.605
4.650
5.080
5.335
5.550
5.785
5.990
6.255
6.475
6.720
6.920
6.955
7.175
7.390
7.650
7.850
7.910
8.090
8.320
8.790
9.010
9.255
9.520
9.715
9.950
10.140
10.185
10.465
10.635
10.890
11.105
11.325
11.560
11.815
12.025
12.285
12.410
12.485
12.725
12.830
12.920
12.975
13.220
13.405
13.630
13.875
14.110
14.190
14.325
14.510
14.565
14.780
15.020
15.240
15.495
15.585
15.690
15.730
15.995
16.150
16.195
16.405
16.670
16.890
17.105
17.350
17.585
17.805
18.060
18.295
18.515
18.805
18.980
19.215
19.460
19.680
19.920
20.145
20.380
20.625
20.865
21.095
21.330
21.555
21.785
22.010
22.245
22.475
22.510
22.710
22.945
23.175
23.400
23.630
23.870
24.260
24.515
24.710
24.970
25.410
25.575
25.855
26.325
26.540
26.775
26.965
27.250
27.485
27.715
27.930
28.180
28.415
28.645
28.860
28.905
29.100
29.355
29.560
29.805
