0.010
0.135
0.230
0.275
0.820
1.080
1.320
1.855
2.115
2.385
2.655
2.920
3.190
3.430
3.970
4.220
4.505
4.785
5.025
5.300
5.545
5.840
6.080
6.335
6.610
6.920
7.115
7.370
7.630
7.885
8.135
8.405
8.680
9.175
9.480
9.740
10.245
10.505
10.800
11.035
11.320
11.590
11.855
12.375
12.625
12.900
13.175
13.440
13.710
13.955
14.210
14.470
14.715
14.750
15.015
15.305
15.530
15.585
15.830
16.075
16.290
16.610
16.650
17.185
17.715
17.950
18.005
18.250
18.550
18.770
18.880
19.020
19.075
19.295
19.330
19.525
19.610
19.840
20.125
20.385
20.655
20.900
21.170
21.440
21.735
21.905
21.965
22.240
22.380
22.500
22.755
23.025
23.290
23.540
24.060
24.310
24.565
25.090
25.325
