0.010
0.115
0.245
0.355
0.460
0.705
0.820
0.940
1.045
1.155
1.385
1.505
1.625
1.735
1.850
2.080
2.195
2.305
2.545
2.665
2.755
2.890
3.005
3.230
3.350
3.470
3.585
3.695
3.930
4.150
4.390
4.510
4.620
4.740
4.850
4.970
5.075
5.195
5.315
5.430
5.545
5.775
5.995
6.235
6.325
6.360
6.465
6.700
6.930
7.040
7.165
7.370
7.615
7.850
8.080
8.250
8.290
8.390
8.540
8.805
9.005
9.215
9.400
9.465
9.525
9.680
9.875
9.920
10.090
10.440
10.600
10.845
11.080
11.440
11.540
11.580
11.770
12.075
12.230
12.515
12.695
12.925
13.075
13.155
13.270
13.385
13.435
13.500
13.645
14.075
14.220
14.360
14.435
14.540
14.645
14.690
14.765
14.805
15.005
15.155
15.225
15.465
15.520
15.690
15.925
16.070
16.385
16.485
16.820
17.000
17.080
17.280
17.410
17.530
17.570
17.765
17.830
17.960
18.230
18.470
18.925
19.160
19.205
19.435
19.615
19.725
19.830
20.080
20.195
20.325
20.540
20.625
20.760
21.000
21.225
21.500
21.695
21.815
21.930
22.015
22.155
22.395
22.615
22.860
22.970
23.085
23.315
23.535
23.780
23.895
24.000
24.165
24.245
24.355
24.455
24.705
24.815
24.910
25.045
25.160
25.385
25.505
25.625
25.740
25.850
26.080
26.310
26.550
26.665
26.775
27.005
27.230
27.350
27.470
27.590
27.695
27.930
28.150
28.390
28.510
28.595
28.740
28.850
29.075
29.320
29.430
29.540
29.775
