0.870
0.471
1.000
1.000
0.947
0.946
0.880
0.871
0.833
0.918
1.000
1.000
0.884
0.840
0.900
1.000
0.976
1.000
0.961
0.979
0.982
0.909
0.986
0.977
0.941
1.000
1.000
1.000
0.944
0.981
0.981
1.000
0.981
0.947
0.985
0.982
0.962
0.925
0.909
0.976
0.978
0.978
1.000
0.967
0.982
0.977
1.000
0.976
0.980
0.983
1.000
1.000
1.000
0.958
1.000
0.970
0.974
1.000
0.952
0.984
0.984
0.943
0.979
0.933
0.906
0.970
0.970
0.939
0.975
0.974
0.968
1.000
0.884
0.824
0.947
0.593
0.995
0.947
0.753
1.000
0.929
0.917
0.933
0.963
0.978
1.000
0.643
1.000
0.807
0.975
0.978
0.741
1.000
1.000
0.857
0.824
0.974
1.000
1.000
1.000
0.987
0.987
0.987
0.909
0.982
0.971
0.933
1.000
1.000
1.000
0.921
1.000
0.960
1.000
0.957
0.682
0.981
1.000
0.910
0.978
0.993
0.968
0.842
0.993
0.993
0.932
0.993
0.988
0.980
0.966
0.896
0.977
0.940
0.991
0.988
0.992
0.926
0.976
0.923
1.000
0.981
0.931
1.000
0.988
0.975
0.751
0.997
0.791
0.704
0.800
0.778
0.955
0.939
1.000
0.944
0.927
0.625
0.938
0.981
0.880
0.981
0.977
0.977
0.871
0.925
0.974
0.889
0.977
0.980
0.846
0.720
0.979
0.929
0.930
1.000
1.000
0.967
0.970
0.998
0.965
0.996
0.978
1.000
0.846
0.975
