0.200
0.370
0.540
0.700
0.870
1.040
1.200
1.400
1.540
1.700
1.870
2.020
2.200
2.370
2.540
2.710
2.820
2.870
3.050
3.210
3.370
3.540
3.710
3.870
4.060
4.200
4.320
4.370
4.540
4.710
4.800
4.870
5.040
5.210
5.390
5.540
5.710
5.880
6.040
6.210
6.380
6.540
6.880
7.050
7.210
7.390
7.540
7.710
7.880
7.980
8.050
8.210
8.380
8.560
8.710
8.880
9.050
9.210
9.390
9.560
9.720
9.880
10.050
10.210
10.380
10.550
10.740
10.880
11.060
11.220
11.380
11.550
11.720
11.880
12.050
12.220
12.340
12.390
12.550
12.720
12.890
13.050
13.220
13.390
13.540
13.720
14.050
14.220
14.390
14.560
14.730
14.780
14.900
15.060
15.220
15.390
15.560
15.720
15.780
15.900
16.020
16.220
16.500
16.570
16.730
16.890
17.060
17.230
17.280
17.400
17.560
17.730
17.890
18.070
18.230
18.400
18.570
18.730
18.810
18.890
19.230
19.400
19.560
19.740
19.900
20.070
20.220
20.400
20.530
20.730
20.900
21.070
21.240
21.400
21.570
21.910
22.070
22.230
22.410
22.570
22.740
22.910
23.070
23.230
23.400
23.570
23.740
23.910
