0.360
0.730
1.100
1.470
1.830
2.200
2.570
2.940
3.300
3.670
4.040
4.410
4.780
4.960
5.140
5.510
5.880
6.250
6.610
6.980
7.350
7.720
8.080
8.450
8.810
9.190
9.370
9.550
9.920
10.290
10.660
11.020
11.400
11.760
12.130
12.490
12.860
13.230
13.410
13.600
13.960
14.330
14.690
15.060
15.430
15.810
16.170
16.540
16.900
17.270
17.640
18.010
18.370
18.740
19.100
19.470
19.850
20.210
20.580
20.950
21.310
21.680
22.050
22.240
22.420
23.150
23.520
23.890
24.260
24.620
24.990
25.350
25.730
26.090
26.460
26.830
27.200
27.570
27.930
28.300
28.660
29.040
29.400
29.760
30.130
30.500
30.870
31.240
31.600
31.970
32.340
32.700
33.080
