0.200
0.370
0.570
0.760
0.960
1.150
1.350
1.550
1.740
1.940
2.140
2.330
2.530
2.720
2.920
3.120
3.310
3.510
3.710
3.900
4.100
4.290
4.490
4.680
4.880
5.080
5.280
5.470
5.550
5.670
5.860
6.060
6.250
6.450
6.650
6.840
6.910
7.040
7.240
7.430
7.630
7.820
8.020
8.220
8.410
8.610
8.810
9.000
9.200
9.390
9.590
9.780
9.980
10.180
10.300
10.380
10.570
10.640
10.770
10.960
11.160
11.350
11.550
11.650
11.750
11.950
12.140
12.340
12.530
12.680
12.730
12.920
13.020
13.120
13.320
13.510
13.700
13.910
14.100
14.300
14.380
14.490
14.690
14.880
15.080
15.280
15.400
15.480
15.670
15.740
15.870
16.060
16.260
16.450
16.650
16.750
16.850
17.040
17.100
17.240
17.440
17.630
17.830
18.020
18.230
18.420
18.610
18.810
19.010
19.140
19.200
19.400
19.590
19.790
19.980
20.180
20.380
20.570
20.770
20.970
21.160
21.360
21.550
21.750
21.950
22.140
22.340
22.540
22.730
22.930
23.120
23.310
23.410
23.510
23.600
23.700
23.800
23.900
24.000
24.090
24.190
24.290
24.390
24.490
24.580
24.680
24.780
24.880
