0.200
0.390
0.620
0.830
1.080
1.330
1.590
2.060
2.290
2.530
2.780
3.010
3.490
3.960
4.190
4.440
4.650
4.890
5.120
5.360
5.580
5.830
6.060
6.290
6.520
6.760
7.000
7.230
7.460
7.690
7.910
8.140
8.260
8.360
8.410
8.470
8.570
8.630
8.870
9.040
9.270
9.330
9.510
9.750
9.790
9.970
10.230
10.450
10.660
10.890
11.110
11.350
11.560
11.790
12.020
12.240
12.470
12.510
12.700
12.980
13.150
13.290
13.600
13.830
14.080
14.290
14.520
14.770
14.950
15.200
15.440
15.640
15.790
15.890
16.070
16.120
16.280
16.350
16.510
16.630
16.800
16.940
17.040
17.250
17.480
17.580
17.700
17.950
18.160
18.390
18.440
18.610
18.840
19.060
19.280
19.530
19.630
19.930
19.980
20.200
20.260
20.420
20.640
20.870
21.110
21.320
21.540
21.610
21.770
21.930
22.000
22.220
22.450
22.680
22.800
22.920
23.050
23.130
23.370
23.580
23.770
23.820
23.900
24.040
24.280
24.520
24.740
24.780
25.000
25.200
25.450
25.700
25.810
25.920
26.380
26.480
26.610
26.730
26.830
27.050
27.300
27.540
27.750
27.790
27.990
28.230
28.470
28.530
28.690
28.740
28.930
29.010
29.150
29.390
