0.200
0.240
0.400
0.540
0.850
1.030
1.170
1.330
1.490
1.640
1.790
1.940
2.240
2.390
2.580
2.720
2.880
3.030
3.180
3.350
3.510
3.650
3.820
3.970
4.140
4.440
4.730
4.900
5.220
5.390
5.530
5.750
5.850
6.010
6.090
6.150
6.320
6.640
6.790
6.950
7.230
7.390
7.710
7.880
8.020
8.200
8.310
8.520
8.650
8.810
8.950
9.130
9.280
9.430
9.740
9.890
10.220
10.380
10.530
10.690
10.850
11.020
11.160
11.320
11.640
11.790
11.940
12.250
12.400
12.720
12.900
13.030
13.350
13.520
13.660
13.820
14.140
14.280
14.400
14.440
14.740
14.900
15.070
15.210
15.370
15.530
15.720
15.850
15.990
16.150
16.320
16.470
16.560
16.640
16.770
16.930
17.240
17.390
17.690
17.870
18.020
18.360
18.520
18.580
18.670
18.830
18.970
19.140
19.290
19.460
19.600
19.770
19.920
20.250
20.550
20.880
21.040
21.190
21.350
21.480
21.660
21.960
22.000
22.290
22.440
22.760
22.930
23.070
23.400
23.570
23.730
23.890
24.050
24.190
24.340
24.510
24.820
24.970
25.290
25.460
25.540
25.930
26.090
26.190
26.250
26.400
26.730
26.860
27.050
27.360
27.480
27.640
27.800
27.970
28.440
28.600
28.740
28.910
29.230
29.380
