1.750
2.120
2.260
6.000
7.020
9.830
10.960
12.110
12.210
14.690
22.090
22.480
26.980
31.450
33.420
37.410
38.570
38.850
39.070
40.850
42.970
43.970
46.320
46.560
46.620
47.330
47.370
47.650
47.770
48.250
48.820
50.890
53.640
54.620
54.990
55.290
55.840
56.200
56.330
56.400
56.490
56.850
57.120
57.250
57.410
57.510
57.890
58.020
58.370
58.500
58.620
58.750
58.850
58.950
59.040
59.510
59.620
59.850
59.960
60.160
61.940
62.120
62.840
63.100
63.450
63.690
64.010
64.300
64.590
65.160
66.930
67.600
67.690
68.110
68.550
68.750
70.170
70.590
70.860
71.400
73.970
74.430
74.820
74.890
75.320
75.860
76.210
76.490
76.620
76.720
76.840
76.950
77.090
77.790
78.090
78.150
78.310
78.440
79.060
79.560
80.100
80.340
80.560
80.780
80.820
80.980
81.150
81.380
81.550
81.660
81.870
81.970
82.440
83.480
83.970
84.080
84.560
86.050
86.140
86.250
86.350
86.450
86.560
86.660
86.750
86.850
87.270
87.630
89.040
89.900
90.830
91.830
94.550
