1.820
2.290
15.640
23.980
24.370
28.860
30.140
30.310
32.270
39.270
44.640
44.970
45.410
47.300
49.240
49.480
50.930
51.070
56.700
62.200
62.520
62.800
64.620
64.750
66.300
66.440
66.640
69.930
72.210
73.140
75.320
80.890
83.330
84.170
85.070
89.570
89.700
89.860
89.930
91.610
92.620
92.900
93.570
94.170
94.560
94.800
94.890
95.100
95.280
96.960
100.190
100.490
102.680
103.100
103.500
103.920
107.040
107.420
108.000
108.670
109.430
109.510
110.150
110.470
111.430
111.550
113.080
114.040
114.720
116.550
119.930
120.910
121.240
121.650
122.370
123.330
123.520
123.670
124.290
125.590
125.690
125.910
127.530
128.110
128.710
130.190
130.950
131.540
132.240
134.210
134.260
134.870
136.390
136.920
137.630
138.450
140.390
140.600
141.290
141.690
143.500
143.560
143.990
144.230
144.290
144.350
144.410
144.470
144.540
144.660
144.720
144.780
146.680
