2.410
4.180
4.700
4.920
5.070
7.990
8.060
8.150
8.250
8.420
8.770
8.970
9.110
9.280
9.360
9.440
9.620
9.820
9.890
9.960
10.020
10.090
10.220
10.280
10.350
10.410
10.470
10.530
10.590
10.760
10.940
11.030
11.200
11.310
11.520
11.720
11.970
12.060
12.230
12.370
12.470
12.620
12.730
13.170
13.350
13.450
13.650
14.900
14.990
15.110
15.190
15.270
15.350
15.430
15.900
16.100
16.200
16.270
16.410
16.560
16.790
16.900
17.080
17.180
17.270
17.490
17.690
18.010
18.350
18.450
19.030
19.130
19.260
19.330
19.400
19.570
19.750
19.980
20.160
20.270
20.400
20.490
21.150
21.810
21.960
22.100
22.170
22.420
22.670
22.730
22.940
23.340
23.450
23.840
24.010
24.970
25.610
25.710
25.950
26.010
26.300
26.360
26.570
26.660
26.840
26.920
27.160
27.240
27.300
27.480
27.720
29.400
29.480
29.810
29.910
30.220
30.430
31.150
31.240
31.330
31.490
31.560
31.740
32.200
32.300
32.430
33.110
33.450
33.620
33.990
34.080
34.180
35.060
35.390
35.440
35.710
35.980
36.200
36.940
37.250
37.970
38.030
38.240
38.340
39.010
39.270
39.330
39.680
39.760
40.250
40.420
40.680
40.770
40.850
40.930
41.010
41.090
41.170
41.250
41.330
41.420
41.500
41.580
41.660
41.740
41.820
41.910
42.160
42.330
42.430
42.610
42.760
42.990
43.140
43.620
43.700
43.780
43.860
43.950
44.030
44.110
44.190
44.280
44.360
44.430
44.530
44.810
44.890
45.150
45.270
45.350
45.430
45.590
45.760
46.230
46.310
46.610
46.700
47.130
48.030
48.120
48.840
49.010
49.180
49.270
49.360
49.420
49.520
49.590
49.730
49.860
50.160
50.220
50.340
50.400
50.470
50.530
50.590
50.650
50.710
50.770
51.130
51.380
51.700
51.800
52.090
52.230
52.380
52.490
52.670
52.840
52.940
53.020
53.110
53.200
53.290
53.380
53.670
53.910
54.660
54.720
54.800
54.880
55.030
55.210
55.390
55.640
55.720
55.950
56.100
56.190
56.350
56.420
56.760
56.840
56.890
57.170
57.250
57.330
57.410
57.490
57.580
57.740
57.820
57.890
57.970
58.050
58.220
58.390
58.470
58.700
59.180
59.260
59.350
59.430
59.600
59.700
60.100
60.240
60.370
60.730
60.870
60.950
61.000
61.060
61.120
61.210
61.460
61.560
61.610
61.700
61.860
62.110
62.190
62.270
62.380
62.510
62.630
62.700
62.760
62.860
62.970
63.160
63.220
63.390
63.470
63.600
63.660
63.780
63.970
64.090
64.160
64.260
64.340
64.510
64.600
64.690
64.850
65.380
65.540
65.630
65.780
65.870
65.920
66.050
66.120
66.170
66.390
66.630
67.010
67.420
67.500
67.830
67.910
67.980
68.070
68.150
68.480
68.560
68.640
68.800
68.880
69.290
69.460
69.580
69.700
70.190
70.370
70.440
70.550
70.820
71.260
71.340
72.080
72.250
72.300
72.960
73.200
73.290
73.380
73.460
73.620
73.920
74.020
74.210
74.340
74.640
74.730
75.160
75.250
75.500
75.690
