0.462
0.182
0.475
0.579
0.600
0.596
0.568
0.505
0.456
0.824
0.606
0.698
0.773
0.592
0.545
0.704
0.810
0.726
0.709
0.636
0.806
0.500
0.524
0.659
0.737
0.692
0.812
0.794
0.729
0.667
0.735
0.860
0.772
0.635
0.677
0.705
0.661
0.556
0.641
0.646
0.694
0.533
0.576
0.579
0.552
0.655
0.423
0.603
0.626
0.770
0.643
0.713
0.583
0.712
0.766
0.455
0.514
0.853
0.581
0.730
0.716
0.484
0.673
0.803
0.492
0.916
0.857
0.782
0.714
0.871
0.746
0.847
0.347
0.321
0.515
0.509
0.659
0.577
0.449
0.776
0.258
0.553
0.581
0.690
0.750
0.902
0.321
0.717
0.834
0.582
0.702
0.410
0.947
0.671
0.651
0.778
0.748
0.748
0.759
0.795
0.859
0.571
0.530
0.696
0.767
0.757
0.769
0.690
0.634
0.786
0.761
0.695
0.846
0.632
0.723
0.520
0.402
0.652
0.620
0.846
0.804
0.500
0.696
0.731
0.799
0.530
0.736
0.784
0.543
0.689
0.355
0.760
0.541
0.778
0.596
0.732
0.583
0.565
0.148
0.767
0.790
0.710
0.563
0.078
0.389
0.370
0.325
0.340
0.475
0.513
0.429
0.367
0.804
0.731
0.357
0.297
0.308
0.667
0.673
0.698
0.766
0.808
0.710
0.337
0.387
0.805
0.710
0.717
0.837
0.308
0.340
0.702
0.333
0.680
0.473
0.773
0.779
0.633
0.672
0.613
0.825
0.486
0.700
0.340
0.827
