0.400
0.650
1.020
1.140
1.400
1.520
1.780
2.160
2.530
2.690
3.070
3.320
3.470
3.710
3.850
4.090
4.630
5.010
5.260
5.630
5.820
6.050
6.180
6.550
6.810
7.190
7.330
7.710
7.970
8.350
8.510
8.730
9.140
9.510
9.890
10.270
11.420
11.810
12.320
12.710
12.980
13.350
13.490
13.860
14.110
14.490
14.860
15.010
15.230
15.390
15.630
15.780
16.150
16.410
16.940
17.320
17.560
17.930
18.470
18.710
18.850
19.080
19.580
19.950
20.200
20.540
20.680
20.900
21.290
21.660
22.190
22.440
22.810
23.190
23.320
24.100
24.430
25.230
25.650
26.020
26.810
27.430
28.230
28.600
29.550
29.790
