0.040700
0.150133
0.261108
0.407027
0.653943
0.942741
1.331675
1.460836
1.735122
2.013761
2.587004
3.106551
3.489680
3.627548
3.872809
4.125326
4.255938
4.374941
4.488138
4.614396
4.885077
5.157163
5.421290
5.688319
5.935031
6.199158
6.338093
6.463285
6.581426
6.724510
7.220836
7.499476
7.789725
8.030632
8.278795
8.422469
8.547276
8.669181
8.823013
9.061018
9.293217
9.325145
9.706006
9.815666
10.082038
10.326415
10.865190
11.332537
11.762401
11.834578
12.108047
12.361108
12.373353
12.506006
12.610882
12.726415
12.873353
13.103966
13.381517
13.746823
13.857027
14.122333
14.403966
14.965190
15.487639
15.873353
15.991721
16.244782
16.479476
16.611199
16.732537
16.838659
16.965190
17.195802
17.461108
17.722333
17.946823
18.201925
18.436619
18.575666
18.701925
18.797843
18.948864
19.452945
19.714170
20.018251
20.279476
20.518251
20.653036
20.750904
20.985598
21.267231
21.518251
21.683557
21.930564
22.036233
22.316210
22.636619
23.429226
