0.280496
0.536619
0.802945
1.075394
1.343761
1.608455
1.878455
2.148455
2.430496
2.682537
2.943761
3.211108
3.475394
3.740700
4.009068
4.275394
4.568455
4.816210
5.079476
5.344782
5.606006
5.873353
6.139680
6.413149
6.698864
6.945802
7.209068
7.476415
7.740700
8.003966
8.273353
8.541721
8.833557
9.082537
9.342741
9.608455
9.871312
10.138659
10.408455
10.678455
10.968251
11.209068
11.471312
11.738455
12.004986
12.268455
12.538455
12.804986
13.091721
13.344782
13.608455
13.874374
14.141721
14.408455
14.675394
14.942741
15.223353
15.474374
