0.446415
0.492854
0.553807
0.620564
0.714895
0.790360
0.889045
1.211222
1.568455
1.878455
1.938297
1.967322
2.565235
2.840972
3.182015
3.237163
3.269090
3.534668
3.830723
4.148455
4.422832
4.480882
4.512809
4.798455
5.113625
5.431449
5.461925
5.781199
6.128455
6.412492
6.733217
7.022015
7.042333
7.711358
8.038455
8.388455
8.704011
8.722877
9.013127
9.048455
9.288455
9.348455
9.635712
9.693761
9.744555
10.030451
10.053671
10.348455
10.375848
10.663195
10.771312
11.004238
11.059385
11.130496
11.194351
11.316210
11.648455
11.676165
11.699385
11.968455
12.033172
12.319068
12.668455
12.982288
13.004056
13.300111
13.638455
13.725326
13.813852
13.993807
14.318455
14.530768
14.585916
14.641063
14.954532
14.980655
15.090950
15.254941
15.311539
15.617752
15.630814
15.938455
16.285326
16.638455
16.939839
17.268455
17.621925
17.974578
18.278455
18.293852
18.575394
18.605870
18.962877
19.346006
19.653671
19.898932
19.962786
19.980201
20.168455
20.261743
20.316891
20.700020
21.028455
21.328455
21.678455
21.698455
22.020655
22.313807
22.640337
22.658455
22.701290
22.961063
22.982832
23.319521
23.637344
23.662015
23.959521
23.989997
24.328455
24.362968
24.985553
25.021834
25.328455
25.358523
25.403512
25.616845
25.653127
26.005780
26.328455
26.346823
26.644328
27.010088
27.337639
27.648455
28.001925
28.318455
28.373353
29.015190
29.051925
29.300904
29.661108
