0.379
0.085
0.953
1.000
0.846
0.880
0.976
0.714
0.846
1.000
0.930
1.000
0.800
0.929
0.842
1.000
1.000
1.000
0.964
0.921
1.000
0.833
1.000
0.770
0.907
0.982
1.000
1.000
0.982
0.980
0.955
1.000
0.966
0.964
0.984
1.000
0.985
0.728
0.781
0.932
1.000
0.895
0.966
0.789
0.921
0.922
0.885
1.000
1.000
0.983
0.886
1.000
0.887
0.803
0.935
0.897
0.979
0.985
0.820
1.000
0.912
0.560
0.862
0.932
0.709
1.000
0.982
0.978
0.994
0.890
1.000
0.988
0.448
0.545
0.909
0.548
0.991
1.000
0.857
0.985
0.960
0.640
1.000
0.885
1.000
0.989
0.240
1.000
0.900
0.976
0.867
0.755
1.000
1.000
0.913
0.958
0.982
1.000
0.986
0.990
0.974
0.920
0.614
1.000
1.000
0.944
1.000
1.000
1.000
0.974
1.000
1.000
1.000
0.977
1.000
0.682
0.991
0.953
0.956
0.974
0.979
0.958
1.000
0.991
0.985
0.528
0.985
0.976
0.968
0.898
0.621
0.825
0.945
0.995
0.939
0.978
0.746
0.816
0.310
1.000
0.971
1.000
0.961
0.959
1.000
0.568
0.996
0.940
0.237
0.336
0.163
0.409
0.976
0.963
0.706
0.855
0.287
0.806
0.930
0.905
1.000
1.000
1.000
0.494
0.886
1.000
0.469
0.932
0.980
0.792
0.246
1.000
0.617
0.887
0.838
0.984
1.000
0.973
1.000
0.995
1.000
0.974
1.000
0.649
1.000
