0.430
0.510
0.750
1.070
1.370
1.660
1.960
2.280
2.570
2.870
3.170
3.480
3.780
4.080
4.390
4.690
4.990
5.290
5.610
5.890
6.200
6.490
6.720
6.790
6.900
7.110
7.410
7.710
8.010
8.080
8.190
8.310
8.620
8.910
9.220
9.380
9.510
9.630
9.830
10.130
10.460
10.740
11.040
11.340
11.650
11.950
12.260
12.400
12.560
12.870
13.170
13.480
13.780
14.090
14.390
14.690
14.990
15.300
15.620
15.890
16.200
16.500
16.790
17.110
17.410
17.730
18.040
18.320
18.620
18.940
19.070
19.230
19.520
19.650
19.820
20.150
20.300
20.450
20.750
