0.010
0.250
0.360
0.470
0.710
0.830
0.950
1.060
1.160
1.290
1.390
1.510
1.640
1.750
1.850
2.090
2.210
2.310
2.560
2.670
2.780
2.900
3.010
3.240
3.360
3.480
3.590
3.700
3.940
4.050
4.160
4.400
4.520
4.630
4.750
4.860
4.980
5.090
5.330
5.440
5.550
5.780
6.010
6.370
6.480
6.710
6.820
6.940
7.050
7.180
7.380
7.630
8.090
8.550
9.010
9.470
9.700
9.880
9.930
10.100
10.390
10.450
10.860
11.090
11.450
11.550
11.780
12.090
12.240
12.520
12.700
12.940
13.090
13.170
13.280
13.390
13.450
13.510
13.650
14.090
14.230
14.370
14.780
15.010
15.470
15.720
15.940
16.080
16.390
17.090
17.290
17.420
17.540
17.580
17.780
17.840
17.970
18.200
18.240
18.470
18.710
18.930
19.170
19.210
19.440
19.620
19.730
19.850
20.090
20.210
20.330
20.550
20.770
21.010
21.470
21.510
21.700
21.820
21.940
22.030
22.160
22.400
22.620
22.860
22.980
23.090
23.210
23.320
23.550
23.670
23.790
23.900
24.010
24.250
24.470
24.710
24.820
25.170
25.390
25.510
25.640
25.750
25.860
26.090
26.320
26.560
26.670
26.780
27.010
27.240
27.360
27.480
27.700
27.940
28.160
28.400
28.520
28.630
28.750
28.860
29.080
29.330
29.450
29.550
