0.050
0.660
1.260
1.870
2.440
3.050
3.640
4.260
4.860
5.460
6.050
6.660
7.250
7.850
8.340
8.540
9.840
10.460
10.510
11.050
11.650
12.260
12.860
13.430
14.030
15.230
15.830
16.450
17.030
17.430
17.500
17.580
17.640
18.130
18.350
18.400
19.120
20.020
20.670
21.250
21.300
21.870
22.460
23.070
23.630
24.240
24.840
25.460
26.060
26.100
26.670
27.280
27.680
27.820
28.410
28.670
31.760
31.910
32.030
32.120
32.260
32.450
32.580
32.680
32.810
32.920
33.030
33.160
33.360
33.480
33.590
33.710
33.830
33.960
34.050
34.300
34.500
34.630
34.740
35.120
35.210
35.320
35.420
35.550
35.670
35.930
36.020
36.230
36.350
36.480
36.720
36.830
36.950
37.050
37.340
37.560
37.810
38.050
38.310
38.890
39.510
39.620
39.740
39.860
39.970
40.100
40.210
40.430
40.550
40.680
40.800
40.910
41.040
41.140
41.250
41.370
41.470
41.590
41.720
41.840
41.960
42.070
42.180
42.290
42.410
42.540
42.660
42.810
42.880
43.000
43.120
43.250
43.380
43.490
43.610
43.720
43.830
43.950
44.050
44.210
44.290
44.410
44.530
44.650
44.790
44.880
45.000
45.120
45.240
45.370
45.590
45.700
45.820
45.940
45.990
46.090
46.130
46.540
47.420
47.550
47.650
47.750
47.890
48.110
48.220
48.320
48.450
48.560
48.660
48.790
48.880
49.000
49.110
49.220
49.340
49.450
49.580
49.670
49.790
49.930
50.020
50.120
50.160
50.260
50.380
50.610
50.720
50.840
51.090
51.190
51.310
51.430
51.570
51.660
51.770
51.880
52.010
52.100
52.230
52.350
52.460
52.570
52.690
52.800
52.960
53.190
53.460
53.720
54.040
54.740
