2.250
2.550
2.740
2.940
3.110
3.290
3.470
3.640
3.820
3.980
4.150
4.520
4.690
4.880
5.020
5.200
5.360
5.520
5.690
5.880
6.040
6.220
6.380
6.580
6.770
6.920
7.110
7.270
7.430
7.820
7.990
8.150
8.300
8.480
8.640
8.850
9.010
9.190
9.360
9.540
9.810
10.050
10.280
10.480
10.760
11.060
11.410
11.680
11.910
12.130
12.370
12.540
12.740
12.980
13.220
13.470
13.780
14.940
15.240
15.470
15.700
15.860
16.010
16.160
16.200
16.310
16.460
16.620
16.740
16.890
16.970
17.070
17.380
17.460
17.640
17.860
18.030
18.260
18.490
18.800
18.900
19.200
19.350
19.670
19.810
20.260
20.400
20.550
20.700
20.760
20.870
21.050
21.190
21.640
21.850
22.060
22.310
22.590
22.740
22.900
23.060
23.260
23.460
23.660
23.830
23.910
24.220
24.640
24.810
25.010
25.160
25.360
25.530
25.750
25.880
26.040
26.180
26.220
26.370
26.530
26.730
26.940
27.060
27.450
27.650
27.800
27.990
28.160
28.300
28.450
28.530
28.670
28.840
29.030
29.220
29.370
29.540
30.010
30.150
30.210
30.410
30.580
30.760
30.920
31.130
31.300
31.480
31.660
31.900
32.100
32.290
32.510
32.580
32.800
33.010
33.280
33.560
33.690
33.780
33.970
34.150
34.330
34.490
34.650
34.810
34.970
35.140
35.290
35.450
35.800
35.980
36.160
36.290
36.460
36.610
36.760
36.920
37.110
37.250
37.450
37.600
37.860
38.080
38.240
38.390
38.520
38.680
38.840
39.020
39.130
39.270
39.440
39.490
39.560
39.790
39.940
40.100
40.240
40.390
40.510
40.680
40.860
40.970
41.080
41.140
41.300
41.380
41.610
41.820
41.970
42.120
42.270
42.370
42.520
42.710
43.160
43.240
43.440
43.510
43.640
43.920
44.040
44.200
44.340
44.980
45.150
45.340
45.400
45.520
45.700
45.850
46.000
46.160
46.380
46.590
46.710
46.780
46.920
47.410
47.480
47.930
48.080
48.180
48.560
48.720
48.880
49.030
49.200
49.370
49.570
49.720
49.900
50.080
50.460
50.680
51.030
51.460
51.790
52.010
52.190
52.230
52.540
52.710
52.870
53.040
53.210
53.400
53.580
53.740
53.990
54.650
55.790
56.370
56.440
57.020
57.250
57.400
57.550
57.720
57.870
58.050
58.210
58.400
58.670
58.970
59.220
59.510
59.760
60.000
