0.927
1.000
0.969
0.940
0.833
0.789
0.853
0.877
0.755
0.921
0.878
0.909
0.764
0.768
0.821
0.932
0.882
0.951
0.924
0.818
0.816
0.825
0.977
0.815
0.826
0.921
0.930
0.969
0.917
0.885
0.878
0.848
0.805
0.948
0.866
0.960
0.961
0.929
0.732
0.944
0.938
0.873
0.819
0.854
1.000
0.843
0.925
0.982
0.871
0.807
0.967
0.928
0.983
0.901
0.958
0.977
0.957
0.854
0.857
0.907
0.859
0.933
0.900
0.833
0.761
0.859
0.928
0.873
0.925
0.853
0.953
0.922
0.885
0.722
0.836
0.481
0.983
0.990
0.768
0.913
0.789
0.547
1.000
0.863
0.898
0.864
0.833
0.976
0.684
1.000
0.980
0.770
1.000
0.987
0.650
0.903
0.905
0.949
0.988
0.929
0.944
0.899
0.968
0.933
0.878
0.949
1.000
0.980
1.000
0.902
0.974
0.961
1.000
0.961
0.929
0.455
0.887
0.865
0.870
0.939
1.000
0.962
0.941
0.975
0.913
0.882
0.883
0.915
0.846
0.864
0.838
0.893
0.856
0.922
0.901
0.939
0.800
0.854
0.667
1.000
0.843
0.928
0.991
0.972
0.966
0.783
0.997
0.781
0.767
0.912
0.571
0.917
0.735
0.910
0.864
0.930
0.857
1.000
0.925
0.659
0.957
0.864
0.924
0.814
0.873
0.956
0.733
0.773
0.815
0.838
0.604
0.900
0.717
0.918
0.923
0.905
0.928
0.944
0.953
0.863
0.901
0.932
1.000
0.812
1.000
