0.093
0.244
0.302
0.430
0.522
0.615
0.685
0.743
0.836
0.952
0.987
1.091
1.126
1.184
1.289
1.358
1.405
1.533
1.660
1.707
1.765
1.858
1.950
2.009
2.067
2.171
2.276
2.380
2.485
2.635
2.752
2.868
2.984
3.065
3.123
3.181
3.228
3.379
3.448
3.495
3.541
3.750
3.866
3.971
4.075
4.238
4.296
4.354
4.505
4.656
4.702
4.772
4.841
4.888
4.957
5.004
5.074
5.120
5.248
5.306
5.480
5.608
5.700
5.956
6.002
6.107
6.153
6.235
6.304
6.432
6.467
6.525
6.641
6.687
6.815
6.850
6.943
6.978
7.012
7.094
7.187
7.256
7.488
7.616
7.755
7.825
7.999
8.115
8.255
8.313
8.394
8.440
8.731
8.870
8.940
8.975
9.067
9.149
9.218
9.276
9.346
9.439
9.567
9.660
9.694
9.834
9.880
9.950
9.996
