0.116
0.360
0.464
0.697
0.824
1.045
1.207
1.393
1.509
1.753
1.869
2.125
2.218
2.438
2.554
2.798
2.937
3.146
3.262
3.495
3.611
3.808
4.307
4.528
4.656
4.911
5.016
5.248
5.341
5.573
5.619
5.689
5.921
6.037
6.281
6.397
6.618
6.734
6.792
6.954
7.059
7.303
7.430
7.628
7.686
7.790
8.057
8.115
8.348
8.464
8.696
8.824
9.183
9.404
9.520
9.752
9.868
10.112
10.228
10.484
10.588
10.832
10.925
11.169
11.285
11.633
11.889
11.981
12.214
12.330
12.527
12.562
12.690
12.922
13.038
13.247
13.386
13.595
13.758
13.978
14.106
14.222
14.303
14.362
14.431
14.536
14.640
14.675
14.745
14.965
15.360
15.476
15.685
15.813
16.045
16.173
16.370
16.428
16.509
16.742
16.776
16.881
17.078
17.218
17.427
17.589
17.775
17.961
18.135
18.274
18.483
18.611
18.866
18.947
19.203
19.307
19.563
19.656
19.888
20.004
20.259
20.364
20.538
20.596
20.689
20.933
21.049
21.281
21.397
21.653
21.757
21.989
22.094
22.349
22.454
22.651
22.790
22.895
22.999
23.127
23.336
23.464
23.708
23.824
24.056
24.160
24.381
24.509
24.741
24.857
25.066
25.182
25.391
25.519
25.716
26.053
26.494
26.622
26.807
26.900
27.237
27.307
27.446
28.026
28.166
28.282
28.862
28.990
29.199
29.536
29.687
