0.058
0.093
0.302
0.348
0.488
0.650
1.579
1.753
2.101
2.264
2.763
2.995
3.158
3.355
3.599
3.820
4.969
6.339
6.490
6.560
6.711
6.792
6.861
6.943
7.012
7.094
7.175
7.326
7.419
7.825
7.976
8.057
8.115
8.348
8.499
8.742
9.056
9.207
9.346
9.520
9.601
9.683
9.834
9.996
10.147
10.333
10.472
10.623
10.786
10.948
11.029
11.447
11.552
11.738
11.854
12.016
12.167
12.295
12.376
12.446
12.632
12.806
12.934
12.968
13.084
13.247
13.444
13.537
13.607
13.700
13.735
13.886
14.013
14.164
14.211
14.338
14.478
14.524
14.745
14.872
15.058
15.174
15.755
15.964
16.509
17.136
17.461
17.543
17.694
17.786
18.611
18.762
18.797
18.843
19.006
19.040
19.156
19.249
19.400
19.714
20.329
