0.035
0.302
0.569
0.824
1.103
1.370
1.649
1.916
2.183
2.450
2.728
2.995
3.135
3.262
3.541
3.808
4.075
4.342
4.621
4.888
5.155
5.306
5.422
5.700
5.968
6.235
6.513
6.653
6.780
7.047
7.326
7.454
7.860
7.999
8.127
8.406
8.661
8.940
9.218
9.381
9.485
9.752
10.019
10.298
10.565
10.832
11.029
11.378
11.645
11.784
11.923
12.190
12.458
12.725
12.992
13.270
13.537
13.804
14.071
14.350
14.489
14.617
14.884
15.023
15.151
15.302
15.430
15.697
15.975
16.242
16.788
17.055
17.322
17.601
17.868
18.135
18.379
18.669
18.936
19.122
19.354
19.482
19.760
19.981
20.294
20.434
20.561
20.840
21.107
21.374
21.641
21.920
22.187
22.454
22.732
22.999
23.266
23.533
23.673
23.812
23.951
24.079
24.346
24.625
24.752
24.811
24.892
25.159
25.426
25.704
25.879
25.983
26.250
26.784
27.051
27.318
27.597
27.725
27.876
28.003
28.096
28.410
28.677
28.793
29.083
29.211
29.489
29.756
