0.313
0.488
0.662
0.848
1.033
1.405
1.567
1.741
2.125
2.299
2.473
2.833
3.030
3.181
3.390
3.564
3.715
3.913
4.284
4.447
4.632
5.178
5.364
5.724
6.072
6.107
6.269
6.606
6.815
7.187
7.349
7.523
7.906
8.081
8.615
8.812
8.963
8.998
9.358
9.509
9.694
9.903
10.066
10.240
10.414
10.960
11.146
11.505
11.854
12.399
12.608
12.968
13.131
13.305
13.688
13.862
14.234
14.396
14.745
15.128
15.290
15.476
15.836
16.022
16.196
16.405
16.742
16.927
17.287
17.473
17.636
18.019
18.181
18.379
18.739
18.901
19.087
19.656
19.830
20.538
20.910
21.072
21.258
21.629
21.804
21.978
22.523
22.709
23.069
23.255
23.429
23.789
23.963
24.160
24.520
24.694
24.869
25.426
25.612
25.960
26.308
26.506
26.854
27.051
27.237
27.411
27.585
27.759
28.305
28.491
28.851
29.037
29.199
29.396
29.745
29.942
30.128
30.302
30.476
30.662
31.208
31.393
