0.093
0.383
0.639
0.917
1.184
1.463
1.602
1.730
1.997
2.264
2.543
2.798
2.972
3.077
3.344
3.622
3.762
3.889
4.156
4.412
4.574
4.702
4.957
5.236
5.503
5.782
5.921
6.049
6.316
6.571
6.734
6.861
7.117
7.396
7.663
7.941
8.081
8.208
8.475
8.731
8.893
9.009
9.276
9.543
9.810
10.089
10.240
10.368
10.635
10.902
11.041
11.169
11.436
11.714
11.981
12.249
12.388
12.516
12.794
13.050
13.201
13.328
13.595
13.874
14.129
14.408
14.559
14.675
14.942
15.197
15.360
15.488
15.743
16.022
16.289
16.567
16.707
16.834
17.101
17.357
17.519
17.647
17.903
18.181
18.448
18.727
18.866
18.994
19.261
19.528
19.667
19.807
20.062
20.341
