1.858
1.916
1.962
2.009
2.055
2.101
2.148
2.194
2.241
2.287
2.334
2.380
3.680
3.808
3.936
8.591
8.719
8.847
8.975
9.114
9.242
9.369
9.497
9.625
9.764
9.915
10.043
10.147
10.286
10.437
10.565
10.670
10.797
10.937
11.064
11.192
11.320
11.447
11.587
11.714
11.842
11.970
12.109
12.237
12.365
12.516
12.643
12.759
12.887
13.015
13.142
13.270
13.410
13.537
13.665
13.793
13.932
14.083
14.211
14.315
14.443
14.594
14.733
14.838
14.965
15.093
15.232
15.360
15.488
15.615
15.743
15.882
16.010
16.138
16.266
16.405
16.533
16.684
16.811
16.916
17.055
17.183
17.310
17.438
17.578
17.705
17.833
17.961
18.088
18.216
18.483
18.622
18.773
18.901
19.006
19.133
19.261
19.400
19.528
19.656
19.783
19.911
20.039
20.178
20.306
20.434
20.561
20.701
21.084
21.223
21.351
21.478
21.606
21.745
21.873
22.001
22.129
22.256
22.384
22.651
22.790
22.941
23.069
23.174
23.301
23.429
23.557
23.684
23.824
23.951
24.079
24.207
24.346
24.474
24.602
24.729
24.869
25.147
25.252
25.379
25.519
25.646
25.774
25.913
26.030
26.169
26.297
26.424
26.552
26.819
26.958
27.098
27.225
27.330
27.469
27.597
27.725
27.852
27.992
28.119
28.247
28.375
28.514
28.642
28.770
28.897
29.037
29.315
