0.163
0.197
0.546
0.871
1.045
1.161
1.486
1.753
1.974
2.159
2.380
2.682
2.879
2.984
3.320
3.587
3.901
4.180
4.505
4.795
4.992
5.074
5.387
5.724
5.898
5.979
6.258
6.455
6.571
6.757
6.885
6.931
7.036
7.163
7.349
7.477
7.721
7.755
7.988
8.057
8.336
8.568
8.928
9.149
9.218
9.520
9.752
9.799
10.112
10.356
10.704
10.960
11.029
11.215
11.297
11.610
11.877
12.086
12.190
12.434
12.481
12.783
13.073
13.317
13.398
13.665
13.886
13.967
14.176
14.257
14.524
14.826
15.047
15.139
15.418
15.604
15.662
15.720
15.906
15.999
16.196
16.242
16.579
16.730
17.148
17.392
17.473
17.717
17.949
18.030
18.297
18.611
18.831
18.913
19.098
