0.209
0.441
0.615
0.673
0.720
0.778
1.033
1.335
1.858
1.916
1.974
2.078
2.148
2.194
2.276
2.392
2.450
2.485
2.705
2.740
2.786
2.995
3.042
3.111
3.204
3.286
3.506
3.727
4.319
4.400
4.540
4.714
4.783
5.062
5.166
5.375
5.422
5.468
5.561
5.770
5.921
6.084
6.130
6.258
6.536
6.792
6.861
7.047
7.210
7.709
7.825
8.034
8.127
8.324
8.673
8.719
8.789
8.847
8.905
9.009
9.056
9.149
9.207
9.265
9.346
9.416
9.567
9.694
9.741
9.822
9.857
10.077
10.391
10.588
10.693
11.111
11.297
11.610
11.935
12.040
12.109
12.202
12.260
12.318
12.353
12.655
12.759
13.084
13.154
13.375
13.526
13.584
13.816
14.002
14.036
14.396
14.930
15.047
15.325
15.441
15.523
15.627
15.813
15.859
16.173
16.417
16.660
16.893
16.962
17.032
17.067
17.264
17.322
17.485
17.566
17.694
18.193
18.332
18.367
18.727
18.785
18.924
19.110
19.284
19.598
19.679
19.946
20.178
20.283
20.550
20.654
20.735
20.852
20.944
20.979
21.235
21.328
21.478
22.024
22.210
22.326
22.361
22.825
22.883
23.011
23.243
23.406
23.441
23.615
23.742
23.812
23.870
24.102
24.265
24.451
