0.325
1.219
1.451
1.683
1.800
1.916
2.032
2.148
2.380
2.496
2.612
2.728
2.833
2.949
3.065
3.181
3.297
3.413
3.529
3.646
3.762
3.878
3.994
4.098
4.214
4.331
4.447
4.563
4.679
4.795
4.934
5.190
5.840
6.072
6.293
6.409
6.525
6.641
6.757
6.989
7.105
7.221
7.338
7.454
7.570
7.686
7.802
7.918
8.034
8.150
8.255
8.371
8.487
8.603
8.719
8.835
8.951
9.067
9.183
9.300
9.416
9.555
9.660
9.868
9.903
10.449
10.681
10.913
11.029
11.146
11.262
11.378
11.610
11.726
11.842
11.958
12.074
12.179
12.295
12.411
12.527
12.643
12.759
12.875
12.992
13.108
13.224
13.340
13.444
13.572
13.677
13.793
13.909
14.025
14.164
14.489
15.070
15.302
15.534
15.650
15.755
15.871
15.987
16.219
16.335
16.451
16.567
16.684
16.800
16.916
17.032
17.148
17.264
17.380
17.496
17.601
17.717
17.833
17.949
18.065
18.181
18.297
18.413
18.530
18.646
18.773
18.947
19.006
19.040
19.215
19.377
19.470
19.691
19.911
20.143
20.259
20.376
20.492
20.608
20.840
20.956
21.072
21.188
21.304
21.420
21.537
21.641
21.757
21.873
21.989
22.105
22.221
22.338
22.454
22.570
22.686
22.802
22.918
23.023
23.139
23.255
23.394
23.684
23.754
23.824
23.905
24.126
24.172
24.300
24.532
24.764
24.880
24.996
25.112
25.228
25.449
25.565
25.681
25.797
25.913
26.030
26.146
26.262
26.378
26.494
26.610
26.726
26.842
26.947
27.063
27.179
27.295
27.411
27.527
27.643
27.759
27.876
28.003
28.177
28.235
28.270
28.444
28.653
28.700
28.920
29.141
29.373
29.489
29.605
29.722
29.838
30.070
30.186
30.302
30.418
30.534
30.650
30.766
30.883
30.987
31.103
31.219
31.335
31.451
31.568
31.684
31.800
31.916
32.032
32.148
32.264
32.369
32.496
32.624
32.821
32.949
32.984
33.019
33.054
33.135
33.263
33.309
33.448
33.530
33.762
33.994
34.110
34.226
34.342
34.458
34.691
34.795
34.923
35.027
35.143
35.260
35.376
35.492
35.608
35.724
35.840
35.956
36.072
36.188
36.293
36.409
36.525
36.641
36.757
36.873
36.989
37.105
37.245
37.500
37.930
38.150
38.383
38.603
38.719
38.835
38.951
39.068
39.300
39.416
39.532
39.648
39.764
39.880
39.996
40.112
40.229
40.345
40.461
40.565
40.681
40.797
40.914
41.030
41.146
41.262
41.378
41.494
41.610
41.726
41.854
42.109
42.214
42.284
42.365
42.539
42.585
42.760
42.992
43.224
43.340
43.456
43.572
43.688
43.921
44.037
44.153
44.269
44.373
44.489
44.606
44.722
44.838
44.954
45.070
45.186
45.302
45.418
45.534
45.639
45.755
45.871
45.987
46.103
46.219
46.335
46.475
46.695
47.160
47.287
47.380
47.613
47.845
47.961
48.065
48.181
48.298
48.530
48.646
48.762
48.878
48.994
49.110
49.226
49.342
49.459
49.575
49.691
49.795
49.911
50.027
50.143
50.260
50.376
50.492
50.608
50.724
50.840
50.956
51.084
51.258
51.316
51.409
51.560
51.688
51.734
51.873
51.989
52.222
52.454
52.570
52.686
52.802
52.918
53.150
53.267
53.383
53.499
53.615
53.719
53.835
53.952
54.068
54.184
54.300
54.416
54.532
54.648
54.764
54.880
54.985
55.113
55.217
55.333
55.449
55.565
55.693
55.902
55.995
56.146
56.390
56.610
56.842
57.075
57.191
57.295
57.411
57.539
57.760
57.876
57.992
58.108
58.224
58.340
58.456
58.572
58.688
58.805
58.921
59.037
59.141
59.257
59.373
59.490
59.606
59.722
59.838
59.954
