0.093
0.348
0.615
0.882
1.138
1.405
1.672
1.939
2.194
2.461
2.728
2.995
3.251
3.518
3.785
4.052
4.319
4.574
4.841
5.108
5.364
5.631
5.898
6.153
6.432
6.687
6.954
7.221
7.477
7.744
8.011
8.290
8.557
8.707
9.021
9.311
9.497
9.868
10.101
10.136
10.391
10.670
10.867
11.076
11.180
11.447
11.714
11.981
12.237
12.504
12.783
13.026
13.293
13.537
13.827
14.095
14.350
14.605
14.896
15.139
15.406
15.673
15.929
16.196
16.463
16.730
17.009
17.125
17.450
17.531
17.752
17.926
18.054
18.228
18.321
18.460
18.843
19.342
19.377
19.598
19.749
19.795
19.900
20.167
20.422
20.689
20.956
21.235
21.362
21.455
21.745
22.013
22.152
22.280
22.535
22.802
23.046
23.174
23.591
23.835
24.114
24.381
