0.128
0.163
0.290
0.360
0.580
1.010
1.300
1.440
1.707
1.869
2.159
2.322
2.554
2.752
3.019
3.123
3.204
3.460
3.634
4.075
4.505
4.934
5.224
5.387
5.666
5.828
6.130
6.246
6.513
6.699
6.978
7.140
7.454
7.570
8.022
8.324
8.464
8.754
8.893
8.928
9.207
9.358
9.543
9.660
9.799
10.170
10.228
10.519
10.670
11.099
11.529
11.970
12.167
12.260
12.411
12.701
12.864
13.142
13.293
13.746
14.025
14.164
14.617
15.047
15.464
15.697
15.871
16.196
16.358
16.521
16.788
17.218
17.647
18.088
18.530
18.947
19.215
19.389
19.667
19.841
19.958
20.120
20.283
20.526
20.689
21.153
21.595
22.036
22.465
22.744
22.837
23.197
23.359
23.731
23.800
23.951
24.218
24.369
24.648
25.101
25.484
25.542
25.844
26.262
26.413
26.691
26.865
27.109
27.295
27.725
27.945
28.154
28.595
29.025
29.455
29.745
29.896
30.186
30.337
30.627
30.766
30.952
31.219
31.649
32.090
32.520
32.949
33.239
33.402
33.681
33.843
34.145
34.284
34.563
34.737
