0.058
0.093
0.128
0.209
0.267
0.313
0.488
0.569
0.604
0.673
0.778
0.917
1.138
1.254
1.335
1.463
1.649
1.707
1.800
1.869
1.962
2.032
2.148
2.218
2.322
2.357
2.577
2.612
2.659
2.728
2.810
2.856
2.902
3.007
3.077
3.251
3.332
3.448
3.553
3.622
3.704
3.878
3.924
4.040
4.110
4.203
4.249
4.365
4.505
4.563
4.609
4.876
4.992
5.039
5.132
5.341
5.422
5.468
5.584
5.666
5.747
5.840
5.991
6.095
6.142
6.304
6.420
6.583
6.699
6.757
6.861
6.954
7.047
7.129
7.175
7.256
7.372
7.465
7.512
7.593
7.779
7.814
7.906
8.115
8.220
8.417
8.487
8.684
8.882
9.091
9.160
9.242
9.323
9.369
9.543
9.625
9.868
10.019
10.194
10.263
10.391
10.507
10.612
10.716
10.820
10.855
10.925
11.006
11.064
11.134
11.355
11.459
11.598
11.691
11.761
11.877
11.923
12.016
12.086
12.272
12.318
12.353
12.504
12.748
12.794
12.841
12.945
13.061
13.108
13.166
13.351
13.491
13.619
13.769
13.804
13.862
13.897
14.211
14.245
14.315
14.524
14.594
14.721
14.791
14.896
14.942
15.244
15.325
15.615
15.650
15.755
15.894
15.952
16.022
16.126
16.231
16.347
16.475
16.556
16.765
16.893
16.985
17.032
17.194
17.241
17.380
17.485
17.612
17.659
17.728
17.868
17.995
18.042
18.123
18.251
18.344
18.379
18.692
18.739
18.797
18.913
19.017
19.156
19.249
19.470
19.679
19.714
20.027
20.143
20.434
20.538
20.654
20.770
20.805
20.968
21.014
21.084
21.211
21.362
21.513
21.560
21.595
21.664
21.780
21.815
21.885
21.943
22.094
22.140
22.280
22.349
22.384
22.639
22.674
22.837
22.895
22.988
23.139
23.290
23.382
23.568
23.638
23.731
23.870
23.917
24.126
24.323
24.381
24.497
24.602
24.706
24.845
24.950
25.031
25.089
25.136
25.379
25.635
25.890
26.076
26.134
26.273
26.343
26.413
26.552
26.691
26.900
27.051
27.121
27.225
27.283
27.365
27.446
27.574
27.713
27.841
27.957
28.073
28.189
28.282
28.433
28.607
28.688
28.793
28.932
29.060
29.222
29.315
29.605
