0.081
0.139
0.372
0.662
0.824
0.940
1.091
1.207
1.347
1.474
1.625
1.741
1.846
1.892
2.020
2.299
2.438
2.508
2.566
2.705
2.786
2.833
2.972
3.042
3.088
3.239
3.309
3.379
3.518
3.646
3.913
4.063
4.191
4.354
4.470
4.609
4.644
4.737
5.016
5.155
5.294
5.410
5.550
5.689
5.828
6.107
6.246
6.385
6.653
6.792
6.943
6.989
7.047
7.187
7.326
7.465
7.593
7.744
7.883
7.999
8.057
8.173
8.359
8.591
8.766
8.916
8.951
9.114
9.392
9.601
9.810
9.880
9.915
10.066
10.194
10.368
10.449
10.751
10.960
11.146
11.273
11.413
11.540
11.691
11.831
12.028
12.086
12.225
12.365
12.655
12.899
13.177
13.468
13.514
13.619
13.746
13.874
13.944
14.002
14.153
14.280
14.420
14.547
14.826
14.965
15.105
15.174
15.372
15.499
15.650
15.708
15.778
15.906
16.045
16.173
16.324
16.475
16.602
16.730
16.776
17.078
17.310
17.485
17.601
17.636
17.833
18.123
18.402
18.553
18.657
18.750
18.808
18.947
19.098
19.215
19.354
19.470
19.749
19.888
20.004
20.074
20.155
20.259
20.387
20.550
20.677
20.817
20.956
21.072
21.362
21.502
21.641
21.804
21.908
22.013
22.198
22.338
22.384
22.442
22.512
22.570
22.721
22.837
22.883
22.918
23.011
23.150
23.290
23.557
23.696
23.824
23.986
24.091
24.218
24.300
24.358
24.474
24.509
24.636
24.776
24.892
25.043
25.194
25.287
25.437
25.902
26.030
26.169
26.285
26.343
26.517
26.552
26.854
27.353
27.539
28.061
28.189
28.456
28.607
28.677
28.723
28.886
28.990
29.141
29.443
