0.406
0.755
1.022
1.057
1.091
1.254
1.695
1.869
2.043
2.937
3.123
3.332
3.680
3.715
3.855
3.913
4.272
4.783
5.283
5.712
6.107
6.223
6.409
6.780
6.850
6.989
7.361
7.581
7.732
7.860
7.895
8.789
8.963
9.160
9.334
9.509
9.868
10.054
10.217
10.403
10.588
10.728
10.925
11.285
11.447
11.807
11.900
12.341
12.666
12.887
13.444
13.793
14.327
14.373
14.547
15.755
16.138
16.312
16.475
16.602
16.660
16.916
17.183
17.543
17.903
18.170
18.448
19.110
19.470
19.853
20.143
20.236
20.364
20.561
20.921
21.119
21.281
21.490
21.699
22.779
22.918
23.092
23.266
23.626
23.812
24.160
24.346
24.520
24.845
25.101
25.542
25.821
26.285
26.552
26.691
26.947
27.051
27.098
27.283
27.434
27.585
27.713
28.119
28.270
28.456
28.653
28.804
29.176
29.524
