0.035
0.360
0.697
1.010
1.324
1.358
1.498
1.672
1.997
2.334
2.647
2.984
3.042
3.228
3.320
3.413
3.657
3.994
4.063
4.296
4.609
4.923
5.271
5.329
5.596
5.782
5.909
6.153
6.235
6.548
7.198
7.523
7.721
7.848
8.162
8.487
8.673
8.800
9.137
9.451
9.625
10.089
10.403
10.739
10.971
11.064
11.215
11.262
11.355
11.389
11.540
11.575
11.703
12.016
12.353
12.643
12.992
13.317
13.560
13.653
13.967
14.280
14.559
14.617
14.838
15.012
15.267
15.557
15.604
15.906
16.196
16.231
16.556
16.881
17.206
17.531
17.845
18.170
18.506
18.831
19.145
19.482
19.795
20.132
20.399
20.793
21.119
21.339
21.745
22.036
22.082
22.245
22.384
22.721
22.953
23.023
23.057
23.243
23.359
23.673
23.986
24.335
24.660
24.741
24.834
24.973
25.147
25.275
25.588
25.902
26.157
26.564
26.877
27.051
27.202
27.330
27.516
27.818
28.154
28.375
28.468
28.700
28.816
28.955
29.106
29.385
29.443
