0.081
0.255
0.464
0.685
0.871
0.917
1.033
1.265
1.451
1.649
1.800
2.043
2.078
2.252
2.450
2.624
2.833
2.868
3.042
3.088
3.204
3.262
3.460
3.634
3.796
4.017
4.063
4.203
4.458
4.644
4.841
5.016
5.213
5.422
5.596
5.631
5.817
6.002
6.200
6.397
6.618
6.792
6.931
7.175
7.221
7.361
7.581
7.767
7.825
7.953
7.999
8.162
8.208
8.359
8.568
8.742
8.905
8.940
9.207
9.358
9.543
9.706
9.927
10.124
10.298
10.449
10.519
10.565
10.681
10.751
10.890
11.064
11.273
11.436
11.494
11.691
11.865
12.016
12.214
12.434
12.516
12.608
12.655
12.829
12.864
13.015
13.224
13.270
13.398
13.572
13.839
13.990
14.060
14.187
14.373
14.582
14.965
15.151
15.360
15.615
15.743
15.790
15.952
16.184
16.370
16.544
16.730
16.765
16.927
17.032
17.067
17.160
17.299
17.334
17.508
17.728
17.763
18.112
18.309
18.553
18.739
18.924
18.982
19.098
19.156
19.331
19.400
19.540
19.714
19.900
20.120
20.306
20.492
20.550
20.701
20.933
21.119
21.304
21.339
21.490
21.687
22.082
22.152
22.291
22.326
22.500
22.698
22.860
22.930
23.081
23.301
23.487
23.684
23.719
23.859
24.067
24.242
24.451
24.485
24.660
24.845
25.054
25.228
25.275
25.437
25.472
25.507
25.635
25.855
26.030
26.064
26.204
26.273
26.401
26.436
26.598
26.680
26.796
26.842
27.028
27.191
27.376
27.550
27.585
27.620
27.748
28.026
28.177
28.363
28.433
28.537
28.665
28.723
28.909
29.141
29.280
29.524
29.722
