0.186
0.279
0.499
0.569
0.639
0.697
0.894
1.022
1.312
1.440
1.486
1.591
1.904
1.950
2.043
2.078
2.264
2.380
2.624
2.682
2.728
2.763
2.798
2.879
3.065
3.239
3.471
3.506
3.646
3.680
3.727
3.773
3.924
3.982
4.087
4.122
4.238
4.284
4.458
4.644
4.702
4.795
4.888
4.934
5.027
5.108
5.155
5.306
5.468
5.642
5.700
5.851
5.968
6.200
6.502
6.641
6.699
6.896
6.943
6.989
7.082
7.175
7.279
7.326
7.384
7.500
7.570
7.872
8.022
8.197
8.231
8.371
8.777
8.870
8.963
9.079
9.137
9.183
9.404
9.671
9.973
10.043
10.194
10.240
10.356
10.414
10.577
10.646
10.774
10.867
10.937
11.157
11.192
11.227
11.285
11.355
11.401
11.610
11.761
11.877
12.121
12.225
12.272
12.341
12.411
12.458
12.539
12.748
12.794
12.992
13.096
13.305
13.398
13.468
13.804
13.944
14.071
14.408
14.443
14.478
14.698
14.791
14.907
14.977
15.395
15.441
15.581
15.871
16.045
16.149
16.242
16.451
16.893
16.951
17.229
17.357
17.519
17.554
17.624
17.670
17.879
17.949
18.146
18.390
18.553
18.588
18.622
18.855
18.959
19.133
19.307
19.342
19.609
19.691
19.760
20.016
20.120
20.259
20.573
20.712
20.782
20.863
20.991
21.095
21.490
21.537
21.618
21.722
21.757
22.047
22.152
22.291
22.581
22.790
22.976
23.092
23.174
23.278
23.487
23.800
23.847
23.928
24.300
24.416
24.451
24.648
24.903
25.124
25.554
25.693
25.855
25.937
25.972
26.239
26.355
26.459
26.610
27.016
27.074
27.179
27.214
27.249
27.353
27.504
27.597
27.690
27.864
28.108
28.386
28.653
29.176
29.338
29.489
