0.720
1.080
1.811
1.916
1.962
2.090
2.229
2.357
2.705
2.752
2.833
3.065
3.204
3.437
4.017
4.180
4.354
4.574
4.667
4.772
4.888
5.120
5.422
5.526
5.759
6.130
6.339
6.455
6.594
6.711
6.873
6.908
7.512
8.266
8.510
8.719
8.766
9.021
9.288
9.520
9.660
9.776
9.903
9.961
10.159
10.263
10.368
10.658
10.855
11.029
11.273
11.308
11.482
11.564
11.680
11.842
12.063
12.214
12.434
12.574
12.794
12.887
13.201
13.351
13.468
13.584
13.700
13.886
14.048
14.245
14.350
14.489
14.652
14.780
14.954
15.139
15.267
15.453
15.604
15.639
15.743
15.778
15.964
16.091
16.266
16.405
16.544
16.695
16.939
17.206
17.450
17.554
17.670
18.019
18.054
18.390
18.855
19.215
19.435
20.050
20.155
20.643
20.817
21.107
21.664
21.827
21.908
22.117
22.558
22.709
22.999
23.626
24.578
25.205
25.635
26.389
26.506
26.610
26.796
26.924
27.016
27.133
27.225
27.400
27.585
27.748
28.282
29.037
29.222
29.687
29.861
30.093
30.267
30.975
31.231
31.475
32.009
32.125
32.334
32.403
32.508
32.833
32.926
33.042
33.170
33.588
33.727
34.099
34.215
34.424
34.644
35.074
35.190
35.445
35.643
36.130
36.362
36.548
36.780
36.920
37.036
37.082
37.210
38.174
41.691
41.773
42.493
42.806
42.864
43.131
43.178
43.514
48.646
49.180
49.633
49.911
50.016
50.143
50.248
50.376
