0.046
0.139
0.244
0.372
0.418
0.488
0.522
0.580
0.697
0.755
0.801
0.917
0.964
1.080
1.161
1.242
1.347
1.428
1.463
1.614
1.683
1.788
1.916
1.985
2.078
2.148
2.218
2.322
2.485
2.601
2.635
2.740
2.798
2.868
3.123
3.274
3.320
3.367
3.402
3.564
3.611
3.704
3.738
3.808
3.855
3.901
4.017
4.075
4.296
4.342
4.412
4.516
4.609
4.702
4.807
4.911
4.957
5.120
5.201
5.364
5.399
5.433
5.526
5.584
5.654
5.712
5.840
5.909
6.002
6.037
6.095
6.165
6.223
6.316
6.385
6.606
6.653
6.687
6.722
6.757
6.850
6.908
7.001
7.082
7.152
7.268
7.338
7.372
7.500
7.616
7.674
7.732
7.790
7.860
7.906
7.953
7.988
8.057
8.092
8.208
8.243
8.301
8.359
8.464
8.510
8.626
8.684
8.731
8.766
8.882
8.940
9.033
9.102
9.137
9.265
9.392
9.555
9.648
9.683
9.752
9.822
9.868
9.961
