0.104
0.186
0.313
0.383
0.522
0.604
0.673
0.708
0.778
0.848
0.894
0.929
1.010
1.080
1.149
1.265
1.324
1.567
1.672
1.741
1.881
2.194
2.334
2.380
2.496
2.531
2.670
2.775
2.810
2.914
2.995
3.146
3.181
3.332
3.495
3.587
3.657
3.715
3.820
3.855
3.994
4.133
4.296
4.447
4.481
4.632
4.772
4.818
4.946
4.992
5.201
5.306
5.387
5.550
5.631
5.677
5.817
5.979
6.095
6.177
6.223
6.304
6.362
6.397
6.536
6.606
6.664
6.815
6.978
7.012
7.059
7.117
7.233
7.314
7.372
7.477
7.581
7.779
7.988
8.034
8.115
8.220
8.278
8.313
8.440
8.522
8.615
8.673
8.777
9.009
9.079
9.218
9.253
9.439
9.555
9.625
9.752
9.880
