0.174
0.430
0.673
0.929
1.440
1.602
1.707
1.950
2.206
2.461
2.705
2.961
3.367
3.471
3.727
3.982
4.238
4.493
4.737
4.992
5.503
5.666
5.770
6.026
6.269
6.525
6.780
7.024
7.430
7.535
7.790
8.046
8.313
8.568
8.812
9.067
9.567
9.729
9.834
10.089
10.344
10.588
10.844
11.099
11.494
11.610
11.854
12.109
12.376
12.632
12.875
13.131
13.642
13.804
13.909
14.153
14.408
14.571
14.663
14.907
15.163
15.325
15.569
15.673
15.824
15.929
16.080
16.184
16.440
16.707
16.939
17.194
17.461
17.717
17.961
18.216
18.471
18.739
18.971
19.249
19.389
19.482
19.656
19.749
19.876
19.992
20.259
20.503
20.770
21.014
21.269
21.525
21.780
22.036
22.291
22.535
22.802
23.046
23.313
23.464
23.557
23.812
23.975
24.067
24.323
24.578
24.845
25.078
25.333
25.588
25.844
26.099
26.355
26.610
26.865
27.109
27.376
27.527
27.620
27.794
27.887
28.038
28.131
28.398
28.642
28.909
29.141
29.408
29.663
29.919
30.047
30.163
30.418
30.674
30.836
30.929
31.184
31.440
31.602
31.695
31.858
31.951
32.113
32.206
32.369
32.461
32.717
32.972
33.216
33.472
33.727
33.982
34.238
34.482
34.737
34.992
35.248
35.503
35.666
35.759
35.910
36.014
36.270
36.525
37.036
37.280
37.547
37.790
38.058
38.301
38.557
38.812
39.068
39.323
39.578
39.741
39.834
40.089
40.333
40.600
40.856
41.111
41.343
41.610
41.854
42.005
42.109
42.365
42.620
42.876
43.131
43.386
43.642
43.804
43.897
44.037
44.153
44.315
44.397
44.652
44.907
45.174
45.418
45.674
45.929
46.184
46.440
46.695
46.939
47.206
47.450
47.961
48.228
48.379
48.982
49.238
49.493
49.749
49.993
50.120
50.248
50.422
50.503
50.759
51.014
51.270
51.513
51.780
51.931
52.024
52.175
52.280
52.535
52.791
53.046
53.301
53.545
53.812
53.952
54.068
54.323
54.567
54.787
54.834
55.078
55.345
55.589
55.856
56.007
