7.129
7.384
7.512
7.616
7.755
7.883
8.011
8.115
8.255
8.371
8.499
8.615
8.731
8.858
9.091
9.590
9.718
9.845
10.089
10.194
10.588
10.704
10.832
10.960
11.064
11.192
11.320
11.564
11.819
12.063
12.318
12.562
12.678
12.934
13.142
13.375
13.502
13.619
13.746
13.862
13.990
14.118
14.245
14.350
14.489
14.605
14.745
14.849
14.988
15.116
15.232
15.337
15.464
15.592
15.720
15.824
15.964
16.091
16.219
16.335
16.463
16.579
16.707
16.823
16.951
17.078
17.206
17.310
17.438
17.566
17.694
17.798
17.937
18.054
18.193
18.297
18.437
18.553
18.680
18.797
18.924
19.064
19.180
19.273
19.412
19.540
19.667
19.772
19.911
20.027
20.155
20.271
20.410
20.526
20.666
20.770
20.910
21.026
21.153
21.258
21.397
21.513
21.548
21.641
21.745
21.896
22.013
22.140
22.245
22.384
22.500
22.628
22.709
22.756
22.872
22.999
23.127
23.220
23.359
23.487
23.603
23.719
23.859
23.975
24.102
24.218
24.346
24.474
24.602
24.718
24.845
24.961
25.101
25.205
25.333
25.461
25.588
25.693
25.832
25.948
26.076
26.192
26.320
26.448
26.575
26.680
26.819
26.947
27.167
27.307
27.434
27.562
27.667
27.806
27.922
28.050
28.166
28.305
28.410
28.549
28.665
28.793
28.920
29.153
29.280
29.408
29.524
29.640
29.780
29.896
30.023
30.140
30.267
30.395
30.511
30.627
30.755
30.894
31.010
31.126
31.266
31.417
31.626
31.881
31.997
32.113
32.241
32.357
32.496
32.601
32.740
32.821
32.868
32.984
33.088
33.228
33.355
33.472
33.576
33.727
33.843
33.971
34.087
34.215
34.342
34.470
34.586
34.702
34.807
34.842
34.958
35.051
35.201
35.352
35.457
35.550
35.701
35.817
35.944
36.061
36.188
36.304
36.432
36.525
36.560
36.676
36.815
36.920
37.036
37.152
37.291
37.407
37.523
37.663
37.790
37.895
38.023
38.162
38.266
38.406
38.522
38.650
38.777
38.893
38.998
39.126
39.265
39.393
39.497
39.636
39.764
39.857
39.996
40.136
40.240
40.391
40.496
40.647
40.751
40.983
41.123
41.239
41.355
41.471
41.610
41.726
41.866
41.970
42.098
42.225
42.353
42.434
42.481
42.597
42.725
42.957
43.085
43.224
43.340
43.445
43.584
43.700
43.828
43.944
44.060
44.188
44.327
44.431
44.571
44.687
44.815
44.919
45.058
45.198
45.302
45.418
45.546
45.674
45.801
45.906
46.045
46.161
46.289
46.405
46.533
46.672
46.788
46.893
47.020
47.160
47.287
47.357
47.404
47.520
47.624
47.775
47.891
48.135
48.274
48.390
48.681
48.913
49.168
49.656
49.818
49.911
50.039
50.271
50.387
50.515
50.887
51.130
51.165
51.630
51.873
52.013
52.257
52.361
52.489
52.616
52.837
53.092
53.127
53.336
53.592
53.835
53.986
54.219
54.323
54.462
54.579
54.811
55.066
55.101
55.310
55.565
55.798
55.948
56.192
56.297
56.436
56.564
56.784
57.028
57.063
57.272
57.411
57.527
57.771
57.922
58.154
58.259
58.398
58.746
59.002
59.048
59.246
59.397
59.501
59.745
59.896
60.128
60.233
60.720
60.976
61.219
61.359
61.475
61.719
61.870
62.102
62.206
62.462
62.694
62.949
62.984
63.193
63.332
63.449
63.681
63.843
64.075
64.180
64.447
64.668
64.923
64.958
65.155
65.306
65.411
65.654
65.817
66.049
66.142
66.281
66.641
66.885
66.932
67.129
67.280
67.384
67.628
67.779
68.011
68.116
68.615
69.103
69.254
69.358
69.602
69.753
69.985
70.089
70.229
70.345
70.577
70.832
70.879
71.076
71.227
71.332
71.564
71.726
71.959
72.063
72.202
72.319
72.562
73.050
73.305
73.549
73.700
73.932
74.037
74.165
74.292
74.524
74.780
74.815
75.024
75.163
75.267
75.511
75.674
75.894
75.999
76.254
76.498
76.742
76.986
77.137
77.241
77.485
77.636
77.740
77.880
77.984
78.228
78.472
78.716
78.959
79.110
79.215
79.459
79.610
79.714
79.842
79.946
80.202
80.446
80.689
80.933
81.177
81.432
81.572
81.688
81.816
81.920
82.175
82.408
82.663
82.907
83.046
83.151
83.406
83.545
83.650
83.789
83.894
84.138
84.381
84.637
84.869
85.020
85.124
85.368
85.542
85.624
85.763
85.867
85.995
86.111
86.355
86.610
86.843
86.994
87.098
87.342
87.493
87.597
87.713
87.841
87.980
88.085
88.329
88.573
88.828
89.072
89.316
89.571
89.815
90.070
