0.215
0.815
1.395
1.995
2.560
3.160
3.735
4.335
4.920
5.515
6.090
6.690
7.270
7.650
7.725
7.785
7.860
8.030
8.340
8.545
9.815
10.425
10.780
10.995
11.585
12.175
12.770
13.325
13.920
14.490
15.095
15.685
16.285
16.855
17.245
17.355
17.450
17.940
18.150
18.900
19.785
20.405
20.995
21.590
22.170
22.775
23.320
23.930
24.510
25.115
25.700
26.305
26.895
27.290
27.345
27.420
27.515
28.015
28.265
29.985
31.105
31.295
31.435
31.550
31.645
31.775
31.870
31.965
32.075
32.195
32.315
32.430
32.535
32.660
32.860
32.975
33.085
33.200
33.315
33.425
33.540
33.765
33.865
33.965
34.015
34.095
34.215
34.330
34.450
34.560
34.670
34.770
34.875
35.005
35.120
35.235
35.350
35.465
35.580
35.675
35.785
35.910
36.025
36.135
36.255
36.370
36.480
36.585
36.720
36.970
37.210
37.460
37.715
38.000
38.275
38.885
38.990
39.110
39.235
39.335
39.465
39.560
39.675
39.790
39.905
40.030
40.145
40.260
40.380
40.485
40.600
40.705
40.815
40.935
41.055
41.170
41.275
41.390
41.510
41.610
41.730
41.855
41.970
42.080
42.190
42.300
42.425
42.535
42.675
42.790
42.905
43.005
43.120
43.230
43.340
43.460
43.570
43.685
43.805
43.920
44.030
44.145
44.265
44.385
44.500
44.615
44.725
44.840
44.950
45.070
45.190
45.335
45.665
45.780
45.950
46.335
46.635
46.760
46.860
46.960
47.100
47.190
47.305
47.425
47.520
47.640
47.755
47.850
47.980
48.065
48.185
48.295
48.400
48.515
48.630
48.735
48.840
48.960
49.070
49.180
49.290
49.420
49.535
49.645
49.765
49.875
49.990
50.095
50.205
50.330
50.450
50.565
50.680
50.790
50.900
51.005
51.130
51.230
51.355
51.455
51.575
51.685
51.800
51.910
52.045
52.295
52.560
52.820
53.125
53.815
54.605
