0.185
2.260
2.370
2.660
2.855
3.050
3.225
3.395
3.565
3.735
3.910
4.070
4.240
4.405
4.600
4.770
4.945
5.080
5.265
5.420
5.580
5.750
5.930
6.095
6.260
6.420
6.620
6.800
6.950
7.140
7.290
7.445
7.640
7.830
7.995
8.150
8.300
8.480
8.635
8.840
8.990
9.175
9.340
9.520
9.770
10.015
10.245
10.440
10.715
11.005
11.280
11.355
11.615
11.840
12.055
12.285
12.455
12.655
12.890
13.115
13.375
13.680
14.005
14.090
14.200
14.465
14.715
14.815
15.105
15.335
15.555
15.705
15.860
16.000
16.040
16.150
16.270
16.305
16.450
16.575
16.720
16.790
16.900
17.020
17.200
17.235
17.450
17.670
17.825
18.065
18.105
18.280
18.530
18.595
18.685
18.980
19.140
19.215
19.300
19.445
19.585
19.640
19.725
19.800
19.870
20.020
20.160
20.305
20.450
20.495
20.630
20.785
20.940
21.140
21.375
21.580
21.785
21.840
22.025
22.310
22.460
22.600
22.775
22.955
23.155
23.335
23.520
23.565
23.710
23.755
23.905
23.940
24.305
24.485
24.675
24.820
25.020
25.185
25.400
25.525
25.690
25.810
26.015
26.170
26.360
26.535
26.685
26.745
26.880
27.065
27.260
27.410
27.600
27.760
27.900
28.035
28.130
28.255
28.440
28.620
28.800
28.955
29.115
29.295
29.440
29.475
29.575
29.715
29.770
29.970
30.135
30.305
30.470
30.510
30.670
30.845
31.010
31.200
31.435
31.620
31.815
32.025
32.105
32.300
32.520
32.785
33.055
33.185
33.270
33.455
33.625
33.815
33.970
34.125
34.285
34.440
34.605
34.755
34.910
35.070
35.255
35.425
35.590
35.735
35.895
36.045
36.195
36.355
36.530
36.680
36.865
37.010
37.270
37.305
37.485
37.640
37.790
37.915
38.075
38.230
38.405
38.510
38.655
38.820
38.875
38.940
39.150
39.300
39.460
39.605
39.750
39.865
40.040
40.215
40.320
40.425
40.485
40.635
40.715
40.880
40.950
40.985
41.150
41.300
41.440
41.595
41.685
41.835
42.045
42.145
42.295
42.420
42.470
42.540
42.745
42.800
42.925
43.060
43.205
43.325
43.490
43.625
43.790
43.990
44.110
44.245
44.290
44.415
44.595
44.660
44.775
44.940
45.100
45.245
45.400
45.625
45.820
45.935
46.010
46.145
46.180
46.380
46.635
46.695
46.850
46.975
47.140
47.285
47.390
47.575
47.750
47.920
48.075
48.220
48.340
48.380
48.550
48.600
48.750
48.890
49.065
49.100
49.245
49.400
49.615
49.835
49.980
50.180
50.360
50.600
50.920
51.145
51.315
51.480
51.655
51.820
51.985
52.150
52.315
52.495
52.670
52.830
53.075
53.725
54.310
54.845
55.190
55.410
55.485
55.815
56.050
56.085
56.270
56.420
56.570
56.730
56.880
57.065
57.210
57.400
57.595
57.670
57.955
58.200
58.485
58.730
58.790
