0.220
0.350
0.905
1.330
1.820
2.295
2.530
2.640
2.780
3.095
3.245
3.730
4.210
4.380
4.515
4.660
5.135
5.185
5.570
5.915
6.055
6.535
6.850
6.980
7.295
7.435
7.900
8.215
8.345
8.680
8.820
9.165
9.295
9.580
9.760
10.045
10.205
10.655
10.850
10.985
11.155
11.605
11.945
12.105
12.390
12.585
12.740
12.895
13.040
13.365
13.535
13.745
13.815
14.010
14.285
14.320
14.460
14.800
14.950
14.985
15.275
15.425
15.730
15.885
16.175
16.365
16.500
16.650
16.810
17.130
17.265
17.500
17.575
17.760
17.965
18.045
18.190
18.255
18.380
18.515
18.695
19.000
19.160
19.195
19.500
19.650
19.685
19.800
19.955
20.090
20.435
20.565
20.630
20.895
20.990
21.130
21.355
21.395
21.515
21.805
21.970
22.040
22.130
22.300
22.460
22.690
22.885
23.360
23.395
23.655
23.820
24.135
24.280
24.590
24.735
24.790
25.035
25.185
25.350
25.475
25.625
25.915
25.985
26.080
26.160
26.430
26.565
26.665
26.930
27.045
27.410
27.505
27.845
27.990
28.290
28.435
28.470
28.930
29.255
