0.185
0.320
0.375
2.560
2.750
3.085
3.265
3.760
3.955
4.125
4.300
4.460
4.735
5.520
6.120
6.285
6.440
6.610
6.970
8.055
8.785
9.135
9.315
9.495
9.660
9.990
10.175
10.355
10.545
10.730
11.000
11.210
11.385
11.575
11.725
11.925
12.420
12.605
12.785
12.960
13.175
13.565
13.735
13.885
14.265
14.310
14.930
14.995
15.715
16.015
17.100
17.945
17.980
19.825
19.980
20.135
20.245
20.310
20.635
20.725
20.770
21.460
21.640
21.980
22.420
23.810
24.010
24.205
24.395
26.920
27.470
29.555
29.710
29.980
30.745
30.935
31.095
31.255
31.575
31.810
32.090
32.465
33.820
34.835
35.370
35.575
36.440
36.545
37.845
38.190
38.510
38.830
39.015
39.315
39.615
39.950
40.085
40.230
40.380
40.595
40.775
41.220
41.400
41.555
41.725
41.900
42.065
42.230
42.395
42.550
42.980
43.530
44.100
45.150
45.240
46.295
47.405
48.080
48.290
48.780
48.955
49.530
49.745
49.945
50.290
51.210
51.395
51.870
52.170
52.325
52.465
52.625
52.810
52.885
52.935
53.070
53.490
53.580
54.335
54.760
55.070
55.405
55.765
56.145
56.720
56.890
57.230
57.285
57.485
57.650
57.800
57.950
58.105
58.265
58.765
59.345
59.545
60.465
