0.185
0.340
0.390
0.470
0.530
0.600
0.655
0.725
0.775
0.855
0.915
0.980
1.045
1.110
1.175
1.240
1.290
1.350
1.485
1.545
1.805
1.925
2.050
2.170
2.300
2.440
2.555
2.695
2.800
2.920
2.965
3.040
3.140
3.275
3.385
3.510
3.625
3.745
3.860
3.995
4.120
4.245
4.370
4.500
4.630
4.745
4.855
4.985
5.115
5.245
5.355
5.475
5.595
5.715
5.845
5.970
6.080
6.215
6.350
6.470
6.590
6.715
6.830
6.965
7.065
7.195
7.320
7.425
7.535
7.665
7.775
7.915
8.035
8.155
8.285
8.410
8.525
8.640
8.755
8.805
8.890
9.010
9.135
9.250
9.380
9.505
9.625
9.740
9.870
9.985
10.110
10.240
10.370
10.490
10.605
10.730
10.865
10.970
11.095
11.205
11.350
11.470
11.595
11.725
11.845
11.965
12.090
12.200
12.325
12.445
12.565
12.670
12.720
12.810
12.930
13.060
13.170
13.295
13.415
13.550
13.675
13.805
13.915
14.050
14.180
14.305
14.415
14.530
14.660
14.785
14.900
15.030
15.140
15.265
15.390
15.510
15.630
15.760
15.870
16.000
16.115
16.240
16.355
16.470
16.595
16.725
16.855
16.985
17.100
17.230
17.345
17.460
17.575
17.715
17.830
17.950
18.070
18.195
18.315
18.430
18.560
18.680
18.810
18.940
19.050
19.165
19.285
19.380
19.515
19.560
19.640
19.765
19.890
20.010
20.145
20.270
20.380
20.505
20.550
20.630
20.765
20.885
21.000
21.125
21.255
21.360
21.485
21.620
21.740
21.865
21.990
22.115
22.230
22.355
22.480
22.610
22.725
22.850
22.970
23.100
23.220
23.335
23.450
23.580
23.700
23.830
23.950
24.080
24.200
24.310
24.440
24.490
24.575
24.625
24.705
24.830
24.945
25.070
25.190
25.300
25.410
25.540
25.650
25.780
25.900
26.025
26.155
26.255
26.390
26.510
26.640
26.765
26.875
27.000
27.120
27.235
27.360
27.480
27.600
27.715
27.850
27.975
28.095
28.200
28.325
28.380
28.460
28.575
28.715
28.870
28.970
29.085
29.200
29.320
29.455
29.575
29.700
29.830
29.955
30.075
30.200
30.320
30.435
30.555
30.690
30.815
30.930
31.045
31.165
31.280
31.405
31.525
31.650
31.770
31.895
32.015
32.130
32.260
32.385
32.515
32.635
32.755
32.885
33.010
33.110
33.245
33.365
33.480
33.615
33.750
33.870
33.990
34.110
34.225
34.360
34.475
34.605
34.725
34.850
34.980
35.090
35.200
35.245
35.345
35.480
35.600
35.710
35.835
35.950
36.055
36.180
36.250
36.335
36.465
36.585
36.695
36.815
36.945
37.060
