0.185
0.345
1.660
2.120
2.600
3.070
4.400
4.710
4.875
5.345
5.820
7.130
7.600
8.065
8.550
9.470
11.385
12.655
13.105
13.585
14.080
15.150
15.440
15.920
16.370
16.865
17.745
18.170
18.650
19.150
19.630
20.510
22.305
23.280
23.685
24.140
24.580
25.075
26.040
26.500
26.930
27.425
27.870
28.320
29.225
29.675
29.920
30.105
30.585
31.045
31.535
32.005
32.455
32.930
33.405
34.705
35.180
35.640
35.825
36.140
37.505
37.940
38.165
38.385
38.910
40.240
40.705
41.185
41.610
41.665
41.745
44.405
47.235
50.685
53.280
54.260
56.315
56.570
57.090
57.710
