0.221
0.778
1.324
1.556
1.811
2.067
2.310
2.833
3.344
3.611
3.855
4.087
4.331
4.853
5.375
5.642
5.898
6.142
6.385
6.873
7.140
7.396
7.663
7.906
8.150
8.394
8.916
9.427
9.462
9.706
9.950
10.182
10.426
10.693
10.913
11.180
11.436
11.680
11.923
12.156
12.411
12.934
13.444
13.700
13.944
14.222
14.443
14.721
14.930
15.197
15.430
15.697
15.940
16.184
16.440
16.951
17.473
17.728
17.984
18.251
18.483
18.994
19.493
19.760
20.004
20.213
20.259
20.492
21.014
21.525
21.769
22.024
22.338
22.512
22.790
23.011
23.057
23.278
23.545
23.777
24.009
24.253
24.288
24.509
25.020
25.519
25.786
26.041
26.273
26.506
27.016
27.295
27.516
27.759
28.003
28.247
28.502
28.990
29.513
29.768
30.023
30.279
30.523
30.557
