0.302
0.430
0.488
0.546
0.580
0.639
0.673
0.708
0.743
0.789
0.824
0.871
0.906
0.952
0.998
1.045
1.091
1.138
1.184
1.219
1.451
1.683
1.800
1.916
2.032
2.148
2.380
2.496
2.612
2.728
2.833
2.949
3.065
3.181
3.297
3.413
3.529
3.646
3.762
3.878
3.994
4.110
4.214
4.331
4.447
4.563
4.679
4.795
4.923
5.074
5.132
5.190
5.224
5.283
5.317
5.364
5.399
5.433
5.480
5.515
5.561
5.608
5.654
5.700
5.747
5.793
5.840
6.072
6.304
6.420
6.525
6.641
6.757
6.989
7.105
7.221
7.338
7.454
7.570
7.686
7.802
7.918
8.034
8.150
8.266
8.371
8.487
8.603
8.719
8.835
8.951
9.067
9.183
9.300
9.416
9.532
9.660
9.718
9.776
9.834
9.868
9.903
9.938
9.973
10.008
10.054
10.089
10.136
10.182
10.228
10.263
10.310
10.356
10.403
10.449
10.681
10.913
11.029
11.146
11.262
11.378
11.610
11.726
11.842
11.958
12.074
12.179
12.295
12.411
12.527
12.643
12.759
12.875
12.992
13.108
13.224
13.340
13.456
13.572
13.688
13.793
13.909
14.025
14.153
14.280
14.362
14.396
14.454
14.489
14.524
14.559
14.594
14.629
14.675
14.710
14.756
14.803
14.849
14.896
14.942
14.988
15.035
15.070
15.302
15.534
15.650
15.766
15.882
15.987
16.219
16.335
16.451
16.567
16.684
16.800
16.916
17.032
17.148
17.264
17.380
17.496
17.612
17.717
17.833
17.949
18.065
18.181
18.297
18.413
18.530
18.646
18.762
18.866
18.947
19.006
19.040
19.075
19.180
19.215
19.249
19.284
19.331
19.377
19.412
19.458
19.505
19.551
19.598
19.644
19.691
19.911
20.143
20.259
20.376
20.492
20.608
20.840
20.956
21.072
21.188
21.304
21.420
21.537
21.653
21.769
21.885
21.989
22.105
22.221
22.338
22.454
22.570
22.686
22.802
22.918
23.034
23.139
23.255
23.382
23.510
23.591
23.626
23.684
23.719
23.754
23.789
23.824
23.859
23.905
23.940
23.986
24.033
24.079
24.126
24.172
24.218
24.265
24.300
24.532
24.764
24.880
24.996
25.112
25.228
25.449
25.565
25.681
25.797
25.913
26.030
26.146
26.262
26.378
26.494
26.610
26.726
26.842
26.958
27.063
27.179
27.295
27.411
27.527
27.643
27.759
27.876
28.003
28.154
28.212
28.270
28.305
28.444
28.479
28.514
28.561
28.607
28.642
28.688
28.735
28.781
28.828
28.874
28.920
29.153
29.385
29.489
29.605
29.722
29.838
30.070
30.186
30.302
30.418
30.534
30.650
30.766
30.883
30.999
31.115
31.231
31.335
31.451
31.568
31.684
31.800
31.916
32.032
32.148
32.264
32.380
32.496
32.612
32.740
32.798
32.856
32.914
32.949
32.984
33.019
33.054
33.088
33.135
33.170
33.216
33.263
33.309
33.355
33.402
33.448
33.495
33.530
33.762
33.994
34.110
34.226
34.342
34.458
34.691
34.807
34.923
35.039
35.143
35.260
35.376
35.492
35.608
35.724
35.840
35.956
36.072
36.188
36.304
36.409
36.525
36.641
36.757
36.873
36.989
37.105
37.233
37.384
37.442
37.500
37.535
37.593
37.628
37.674
37.709
37.744
37.790
37.825
37.872
37.918
37.965
38.011
38.058
38.104
38.150
38.383
38.615
38.731
38.835
38.951
39.068
39.300
39.416
39.532
39.648
39.764
39.880
39.996
40.112
40.229
40.345
40.461
40.577
40.681
40.797
40.914
41.030
41.146
41.262
41.378
41.494
41.610
41.726
41.842
41.970
42.028
42.086
42.144
42.179
42.214
42.249
42.284
42.318
42.365
42.400
42.446
42.493
42.527
42.574
42.620
42.667
42.713
42.760
42.992
43.224
43.340
43.456
43.572
43.688
43.921
44.037
44.153
44.269
44.385
44.489
44.606
44.722
44.838
44.954
45.070
45.186
45.302
45.418
45.534
45.650
45.755
45.871
45.987
46.103
46.219
46.335
46.463
46.614
46.672
46.730
46.765
46.823
46.858
46.939
46.974
47.020
47.055
47.102
47.148
47.195
47.241
47.287
47.334
47.380
47.613
47.845
47.961
48.077
48.193
48.309
48.530
48.646
48.762
48.878
48.994
49.110
49.226
49.342
49.459
49.575
49.691
49.807
49.923
50.027
50.143
50.260
50.376
50.492
50.608
50.724
50.840
50.956
51.072
51.200
51.258
51.316
51.351
51.409
51.444
51.479
51.525
51.560
51.595
51.641
51.688
51.722
51.769
51.815
51.862
51.908
51.955
52.001
52.222
52.454
52.570
52.686
52.802
52.918
53.150
53.267
53.383
53.499
53.615
53.719
53.835
53.952
54.068
54.184
54.300
54.416
54.532
54.648
54.764
54.880
54.996
55.113
55.229
55.333
55.449
55.565
55.681
55.821
55.902
55.937
55.995
56.030
56.065
56.099
56.134
56.250
56.297
56.332
56.378
56.471
56.517
56.564
56.610
56.842
57.075
57.191
57.307
57.423
57.527
57.771
57.887
57.992
58.108
58.224
58.340
58.456
58.572
58.688
58.805
58.921
59.037
59.153
59.269
59.373
59.490
59.606
59.722
59.838
59.954
