0.255
0.557
0.592
0.848
1.138
1.173
1.602
2.043
2.937
3.471
3.773
3.820
4.075
4.679
5.120
5.271
5.399
5.526
5.817
6.095
6.409
7.036
7.291
7.338
7.628
7.883
8.185
8.626
8.777
9.067
9.636
9.950
9.985
10.797
10.832
11.076
11.738
12.272
12.550
13.108
13.142
13.433
13.711
14.002
14.292
14.594
14.884
15.151
15.209
15.743
16.033
16.335
16.370
16.637
16.916
16.974
17.694
17.821
18.332
18.367
18.541
18.657
18.704
18.959
19.226
19.574
19.830
20.445
21.026
21.328
21.641
21.885
22.210
22.756
22.802
23.057
23.115
23.336
23.406
23.650
23.998
24.509
24.706
24.845
25.728
25.995
26.273
26.587
27.458
27.748
28.317
28.386
28.491
28.642
28.897
29.222
29.791
