0.030
0.640
1.240
1.860
2.430
2.470
3.040
3.630
3.690
4.240
4.280
4.840
5.440
6.030
6.640
7.240
7.620
7.710
7.770
7.840
7.880
8.330
8.530
9.830
10.450
10.500
11.040
11.640
12.240
12.850
12.890
13.420
13.460
14.020
14.610
15.220
15.820
16.440
17.010
17.060
17.420
17.490
17.540
17.580
17.630
17.670
18.120
18.340
18.400
19.110
20.000
20.630
21.240
21.290
21.850
22.440
23.060
23.620
24.230
24.830
25.440
26.040
26.090
26.660
27.260
27.300
27.670
27.730
27.810
27.900
28.400
28.660
31.750
31.890
32.010
32.110
32.250
32.300
32.440
32.570
32.670
32.800
32.910
33.020
33.150
33.350
33.470
33.580
33.700
33.810
33.950
34.040
34.160
34.280
34.380
34.480
34.620
34.730
34.850
34.970
35.090
35.130
35.200
35.300
35.410
35.540
35.660
35.770
35.890
35.930
36.000
36.120
36.220
36.340
36.460
36.570
36.710
36.820
36.930
37.040
37.150
37.290
37.330
37.550
37.790
38.040
38.300
38.340
38.870
39.500
39.600
39.720
39.850
39.960
40.090
40.190
40.300
40.420
40.540
40.670
40.790
40.900
41.020
41.130
41.240
41.360
41.460
41.580
41.710
41.830
41.940
42.060
42.170
42.280
42.400
42.530
42.650
42.690
42.770
42.810
42.870
42.990
43.110
43.220
43.270
43.370
43.480
43.600
43.700
43.930
44.040
44.170
44.210
44.280
44.390
44.520
44.630
44.750
44.790
44.870
44.990
45.110
45.230
45.360
45.580
45.680
45.810
45.930
45.970
46.080
46.120
46.530
46.710
47.400
47.530
47.630
47.740
47.880
47.990
48.090
48.210
48.310
48.440
48.550
48.650
48.780
48.870
48.990
49.100
49.210
49.330
49.440
49.570
49.660
49.780
49.900
50.010
50.110
50.150
50.250
50.370
50.600
50.720
50.830
50.930
51.080
51.180
51.300
51.410
51.530
51.570
51.650
51.760
51.870
52.000
52.090
52.220
52.340
52.450
52.560
52.680
52.790
52.930
52.970
53.180
53.450
53.720
54.030
54.730
