0.010
0.110
0.220
0.280
0.430
0.530
0.640
0.860
0.970
1.080
1.150
1.260
1.310
1.360
1.480
1.690
1.740
1.790
1.880
1.930
2.110
2.330
2.380
2.510
2.560
2.740
2.790
2.980
3.060
3.160
3.210
3.380
3.430
3.610
3.800
3.860
4.040
4.250
4.350
4.460
4.510
4.670
4.720
4.880
5.100
5.300
5.370
5.520
5.570
5.620
5.710
5.760
5.920
5.970
6.080
6.170
6.390
6.460
6.600
6.790
6.890
7.010
7.270
7.320
7.440
7.490
7.660
7.880
8.060
8.110
8.220
8.310
8.420
8.550
8.690
8.740
8.790
8.970
9.060
9.160
9.380
9.440
9.610
9.670
9.730
9.840
