0.010
0.180
0.270
0.450
0.560
0.610
0.740
0.790
0.850
1.030
1.120
1.170
1.410
1.460
1.640
1.720
1.770
2.020
2.260
2.310
2.360
2.540
2.590
2.830
2.900
3.070
3.160
3.210
3.290
3.470
3.520
3.580
3.750
3.990
4.040
4.090
4.170
4.330
4.500
4.650
4.940
5.100
5.150
5.210
5.410
5.460
5.530
5.580
5.710
5.810
6.090
6.140
6.230
6.320
6.390
6.440
6.670
6.720
6.920
6.990
7.210
7.260
7.310
7.490
7.570
7.760
7.810
7.860
7.950
8.120
8.170
8.220
8.420
8.590
8.640
8.730
9.020
9.240
9.300
9.350
9.530
9.590
9.640
9.750
9.910
9.990
