0.010
0.090
0.180
0.440
0.490
0.540
0.790
0.880
0.930
1.120
1.170
1.240
1.290
1.590
1.660
1.830
1.940
2.180
2.300
2.520
2.650
2.700
2.890
2.980
3.230
3.280
3.340
3.580
3.690
3.740
3.920
4.040
4.110
4.200
4.270
4.330
4.420
4.550
4.620
4.700
4.750
4.990
5.090
5.140
5.260
5.320
5.370
5.460
5.680
5.800
5.990
6.040
6.500
6.790
6.850
6.900
6.950
7.130
7.190
7.250
7.500
7.570
7.800
7.850
7.910
8.000
8.120
8.170
8.270
8.400
8.500
8.550
8.610
8.810
8.860
8.960
9.200
9.250
9.310
9.520
9.570
9.670
9.790
9.920
