0.010
0.270
0.540
0.790
0.950
1.080
1.350
1.620
1.840
1.900
2.040
2.170
2.240
2.310
2.430
2.700
2.970
3.110
3.240
3.400
3.520
3.790
4.060
4.320
4.600
4.870
5.130
5.280
5.400
5.670
5.940
6.220
6.490
6.620
6.750
7.030
7.290
7.430
7.570
7.840
7.970
8.020
8.100
8.380
8.630
8.920
9.190
9.340
9.390
9.460
9.600
9.730
9.910
10.000
10.270
10.540
10.700
10.810
10.890
10.960
11.010
11.080
11.350
11.620
11.760
11.900
12.160
12.430
12.700
12.970
13.240
13.520
13.780
13.930
14.050
14.320
14.470
14.600
14.750
14.870
15.000
15.130
15.270
15.400
15.550
15.680
15.950
16.100
16.210
16.490
16.760
17.030
17.300
17.570
17.840
18.010
18.110
18.350
18.400
18.650
18.910
19.080
19.330
19.460
19.730
19.810
19.960
20.010
20.270
20.410
20.540
20.810
21.080
21.350
21.620
21.690
21.890
22.160
22.430
22.570
22.620
22.700
22.970
23.240
23.510
23.650
23.790
23.920
24.050
24.330
24.600
24.730
24.780
24.870
24.960
25.140
25.410
25.680
25.830
25.880
25.950
26.220
26.490
26.650
26.760
26.970
27.030
27.140
27.300
27.570
27.700
27.840
27.980
28.070
28.120
28.380
28.590
28.650
28.760
28.930
29.050
29.190
29.460
29.730
