0.090
0.280
0.460
0.630
0.810
0.980
1.160
1.340
1.520
1.690
1.870
2.040
2.220
2.390
2.570
2.750
2.930
3.100
3.280
3.450
3.630
3.810
3.990
4.160
4.340
4.520
4.720
4.870
5.060
5.220
5.350
5.580
5.770
5.920
6.100
6.280
6.470
6.630
6.980
7.170
7.340
7.550
7.690
7.850
8.040
8.230
8.400
8.590
8.750
8.940
9.100
9.460
9.800
10.000
10.160
10.370
10.510
10.620
10.700
10.870
11.050
11.220
11.410
11.570
11.740
11.930
12.130
12.280
12.630
12.990
13.190
13.340
13.500
13.690
13.880
14.040
14.240
14.390
14.580
14.750
14.940
15.060
