0.240
0.360
0.530
0.680
0.830
1.140
1.270
1.600
1.920
1.970
2.250
2.580
2.750
2.900
3.060
3.370
3.510
3.830
4.140
4.190
4.330
4.450
4.610
4.660
4.920
5.060
5.370
5.520
5.670
5.820
6.130
6.270
6.560
6.610
6.920
7.160
7.250
7.500
7.570
7.900
8.120
8.210
8.260
8.420
8.520
8.570
8.870
9.090
9.190
9.430
9.520
9.570
9.830
10.060
10.160
10.480
10.820
11.040
11.140
11.380
11.470
11.790
11.860
12.030
12.120
12.440
12.810
13.120
13.300
13.350
13.430
13.480
13.650
13.700
13.760
13.960
14.070
14.120
14.320
14.390
14.730
14.960
15.060
15.370
