0.060
0.120
0.420
0.680
0.970
1.020
1.620
2.200
2.270
2.550
3.190
3.500
3.810
3.860
4.040
4.120
4.450
4.760
5.070
5.130
5.700
6.030
6.310
6.360
6.610
6.660
6.960
7.280
7.540
7.590
7.890
8.190
8.490
8.540
8.790
9.110
9.410
9.460
9.720
9.790
10.030
10.080
10.330
10.640
10.810
10.960
11.100
11.250
11.300
11.530
11.580
11.700
11.850
12.020
12.150
12.310
12.360
12.450
12.500
12.610
12.740
12.790
12.920
13.050
13.220
13.370
13.520
13.570
13.670
13.940
13.990
14.120
14.220
14.270
14.440
14.560
14.740
14.850
14.900
