0.060
0.240
0.300
0.550
0.760
1.000
1.230
1.480
1.710
1.940
2.160
2.210
2.420
2.610
2.660
2.880
3.120
3.360
3.410
3.590
3.820
4.030
4.080
4.290
4.510
4.750
4.990
5.230
5.460
5.690
5.930
6.160
6.390
6.630
6.860
7.090
7.330
7.440
7.550
7.670
7.770
7.990
8.040
8.250
8.490
8.720
8.960
9.180
9.410
9.470
9.660
9.880
10.040
10.120
10.360
10.590
10.810
11.050
11.270
11.330
11.500
11.750
11.970
12.060
12.200
12.410
12.460
12.670
12.890
13.120
13.340
13.390
13.590
13.820
14.060
14.290
14.530
14.670
14.750
14.980
15.220
15.270
15.340
15.450
15.670
15.850
15.910
16.070
16.130
16.180
16.370
16.570
16.620
16.830
16.950
17.060
17.110
17.300
17.420
17.520
17.760
17.980
18.210
18.450
18.620
18.680
18.900
18.950
19.060
19.150
19.270
19.380
19.610
19.840
20.080
20.300
20.540
20.770
21.000
21.170
21.230
21.460
21.680
21.730
21.920
21.970
22.160
22.390
22.510
22.620
22.750
22.850
22.930
23.060
23.110
23.310
23.420
23.550
23.790
24.010
24.240
24.290
24.470
24.630
24.680
24.730
24.940
25.110
25.170
25.400
25.630
25.860
26.090
26.320
26.560
26.790
27.020
27.070
27.250
27.420
27.480
27.710
27.910
27.960
28.040
28.170
28.220
28.410
28.630
28.860
29.090
29.320
29.550
29.780
