0.035
0.279
0.406
0.650
0.940
1.335
1.474
1.741
1.916
2.009
2.589
3.100
3.437
3.495
3.634
3.878
4.133
4.272
4.377
4.621
4.888
5.074
5.155
5.422
5.689
5.944
6.200
6.339
6.478
6.583
6.722
7.221
7.500
7.790
7.930
8.034
8.278
8.440
8.557
8.673
8.824
9.067
9.300
9.706
9.822
10.019
10.077
10.321
10.855
11.297
11.331
11.761
11.842
12.109
12.365
12.725
12.875
13.096
13.375
13.746
13.862
14.013
14.118
14.269
14.396
14.965
15.476
15.871
15.999
16.242
16.475
16.834
16.951
17.206
17.461
17.728
17.949
18.204
18.437
18.797
18.947
19.447
19.714
19.772
20.016
20.283
20.515
20.654
20.759
20.979
21.258
21.513
21.699
21.931
22.024
22.152
22.314
22.639
23.429
24.253
25.008
