0.035
0.174
1.533
1.997
2.276
2.485
2.972
3.100
4.319
4.807
5.294
5.770
7.117
7.593
8.069
8.568
9.497
11.447
12.748
13.212
13.700
14.199
15.581
16.080
16.544
17.009
17.043
17.949
18.379
18.878
19.377
19.865
20.770
22.593
23.591
24.009
24.265
24.462
24.915
25.414
25.612
26.413
26.877
27.318
27.841
28.270
29.663
30.116
30.557
31.045
31.521
32.009
32.496
32.601
32.949
33.437
33.913
34.122
35.248
35.736
36.200
36.386
36.711
38.104
38.545
38.777
39.010
39.544
40.902
41.366
41.866
42.295
42.353
42.446
45.151
48.030
54.207
