0.973
1.000
1.000
1.000
0.944
0.982
0.938
0.968
0.780
0.958
1.000
0.948
0.941
0.925
0.879
0.983
0.975
1.000
0.981
0.979
0.983
0.966
0.983
0.977
0.978
0.982
1.000
1.000
0.984
0.940
0.980
0.980
1.000
0.982
0.985
0.964
1.000
1.000
1.000
1.000
0.974
1.000
0.939
0.955
0.979
1.000
1.000
0.977
0.964
1.000
0.941
0.948
0.955
1.000
0.981
0.929
0.974
1.000
0.949
0.983
0.968
0.963
0.973
0.981
0.955
0.978
0.970
0.960
0.974
0.979
0.985
1.000
0.800
1.000
0.963
0.753
0.995
0.981
0.814
0.993
0.981
0.857
0.846
0.962
1.000
0.979
0.722
0.986
0.988
0.971
1.000
0.765
1.000
1.000
0.800
0.962
0.965
1.000
1.000
0.992
1.000
0.986
1.000
0.875
1.000
0.969
0.933
0.974
1.000
1.000
1.000
1.000
1.000
0.979
0.957
0.455
0.978
0.989
0.936
1.000
0.993
0.963
0.833
0.969
0.993
0.950
0.979
0.988
0.982
0.991
0.850
0.994
0.940
0.986
0.979
0.992
0.968
0.987
0.889
0.996
0.968
1.000
0.989
0.939
0.946
0.956
0.997
0.722
0.667
0.933
0.889
0.963
0.976
0.980
0.967
0.974
0.808
0.939
0.981
0.920
0.981
0.976
0.976
0.957
0.935
0.972
0.929
1.000
0.959
0.875
0.640
0.977
0.864
0.927
1.000
1.000
0.968
0.969
0.997
0.962
1.000
1.000
1.000
0.938
0.974
