0.010
0.140
0.345
0.460
0.680
0.815
1.040
1.385
1.740
1.860
2.115
2.210
2.430
2.550
2.790
3.155
3.250
3.490
3.605
3.805
3.990
4.205
4.300
4.555
4.645
5.000
5.325
5.600
5.910
6.025
6.270
6.385
6.610
6.765
6.945
7.050
7.290
7.420
7.610
7.675
7.775
8.035
8.105
8.375
8.595
8.695
8.810
9.170
9.400
9.740
9.855
10.100
10.220
10.475
10.585
10.825
10.915
11.180
11.270
11.515
11.610
11.815
11.975
12.205
12.315
12.510
12.670
12.915
13.030
13.230
13.380
13.585
13.745
13.970
14.215
14.300
14.415
14.525
14.660
14.735
14.955
15.250
15.360
15.670
15.800
16.025
16.160
16.360
16.500
16.760
16.870
17.060
17.210
17.365
17.405
17.580
17.765
17.930
18.115
18.265
18.470
18.605
18.900
18.970
19.190
19.645
19.870
19.990
20.245
20.355
20.535
20.695
21.015
21.265
21.395
21.645
21.750
21.985
22.085
22.340
22.440
22.640
22.875
22.995
23.090
23.210
23.400
23.465
23.700
23.815
23.920
24.020
24.155
24.375
24.515
24.640
24.725
24.840
25.050
25.175
25.385
25.515
25.710
25.755
25.870
26.045
26.105
26.485
26.600
26.790
26.895
27.225
27.290
27.440
27.530
28.010
28.150
28.265
28.645
28.860
28.900
28.975
29.185
29.525
29.595
29.670
29.955
