0.010
0.130
0.350
0.590
0.800
1.015
1.260
1.485
1.935
2.150
2.390
2.605
2.840
3.045
3.270
3.475
3.720
3.930
4.170
4.385
4.615
4.855
4.950
5.350
5.590
5.780
5.850
6.275
6.390
6.485
6.630
6.720
7.015
7.215
7.405
7.640
8.130
8.565
8.815
9.050
9.275
9.505
9.990
10.090
10.200
10.300
10.495
11.125
11.320
11.390
11.615
11.815
12.025
12.195
12.305
12.515
12.735
12.990
13.205
13.475
13.675
13.710
14.205
14.630
14.825
15.050
15.320
15.545
15.775
15.980
16.490
16.700
16.930
17.205
17.460
17.585
17.905
17.955
18.320
18.590
18.780
19.105
19.240
19.295
19.610
19.765
19.965
20.200
20.655
20.950
21.065
21.135
21.605
21.860
22.055
22.320
22.515
22.585
22.815
22.990
23.265
23.340
23.940
24.165
24.390
24.860
25.105
25.345
25.830
26.280
26.345
26.485
26.715
26.975
27.190
27.755
27.895
28.120
28.590
28.715
29.080
29.555
29.795
30.020
30.270
30.495
30.715
30.950
