0.010
0.285
0.555
0.805
1.095
1.365
1.635
1.910
2.180
2.440
2.715
2.985
3.260
3.530
3.800
4.070
4.335
4.610
4.880
5.145
5.415
5.685
5.955
6.225
6.495
6.635
6.765
7.040
7.310
7.585
7.855
7.985
8.030
8.120
8.395
8.660
8.935
9.205
9.390
9.475
9.740
9.930
10.010
10.285
10.555
10.825
11.020
11.095
11.365
11.635
11.770
11.910
12.180
12.445
12.720
12.985
13.260
13.530
13.795
13.970
14.065
14.335
14.480
14.610
14.875
15.015
15.145
15.285
15.415
15.570
15.690
15.965
16.105
16.235
16.505
16.775
17.050
17.315
17.585
17.855
18.125
18.360
18.395
18.665
18.935
19.105
19.340
19.475
19.745
20.015
20.285
20.425
20.560
20.825
21.095
21.365
21.635
21.905
22.175
22.445
22.715
22.985
23.255
23.525
23.665
23.800
23.935
24.065
24.340
24.610
24.790
24.885
25.150
25.420
25.695
25.870
25.965
26.235
26.500
26.775
27.045
27.315
27.585
27.855
27.990
28.080
28.130
28.395
28.665
28.770
28.935
29.070
29.210
29.475
29.745
