0.425
0.750
1.065
1.365
1.655
1.960
2.275
2.570
2.870
3.170
3.470
3.780
4.075
4.385
4.680
4.990
5.290
5.605
5.885
6.200
6.490
6.720
6.795
6.865
7.110
7.400
7.705
8.015
8.075
8.185
8.300
8.620
8.905
9.215
9.380
9.515
9.630
9.825
9.980
10.125
10.450
10.715
11.035
11.340
11.650
11.945
12.260
12.560
12.870
13.170
13.475
13.780
14.090
14.385
14.685
14.985
15.295
15.620
15.905
16.195
16.495
16.790
17.100
17.405
17.715
18.030
18.320
18.620
18.920
19.230
19.520
19.655
19.825
20.150
20.295
20.440
20.745
