0.010
0.080
0.340
0.605
0.870
1.135
1.395
1.660
1.925
2.190
2.450
2.715
2.980
3.245
3.505
3.775
4.035
4.315
4.565
4.830
5.090
5.355
5.620
5.885
6.150
6.425
6.675
6.940
7.205
7.470
7.730
8.005
8.270
8.540
8.695
8.815
9.010
9.060
9.300
9.495
9.760
9.855
10.025
10.115
10.380
10.660
10.905
11.060
11.175
11.435
11.700
11.965
12.225
12.490
12.765
13.020
13.285
13.530
13.810
13.855
14.075
14.340
14.605
14.880
15.135
15.395
15.660
15.920
16.185
16.450
16.715
16.990
17.110
17.230
17.440
17.510
17.740
17.935
18.040
18.205
18.300
18.445
18.565
18.830
18.965
19.090
19.355
19.620
19.725
19.890
20.150
20.250
20.410
20.680
20.940
21.210
21.355
21.440
21.730
21.995
22.260
22.525
22.790
23.030
23.330
23.580
23.845
24.110
24.370
