0.165
0.550
1.675
2.045
2.800
3.540
4.295
4.685
4.860
5.045
5.425
5.800
6.180
6.550
6.920
7.295
7.660
8.045
8.430
8.795
9.160
9.360
9.550
9.925
10.295
10.680
11.050
11.435
11.800
12.175
12.545
12.930
13.300
13.490
13.675
13.980
14.050
14.790
15.550
16.295
16.675
17.040
17.425
17.805
19.295
19.660
20.045
20.415
20.805
21.545
22.305
22.495
22.670
23.425
23.800
24.175
24.925
25.680
26.055
26.425
26.805
27.165
27.550
28.300
29.055
29.800
30.165
30.550
30.930
31.680
32.050
32.425
32.800
33.170
33.550
33.915
