0.010
0.140
0.345
0.570
0.860
1.005
1.290
1.430
1.695
1.865
2.035
2.145
2.305
2.545
2.750
3.005
3.110
3.185
3.450
3.615
4.060
4.510
4.825
4.930
5.150
5.215
5.370
5.650
5.815
6.110
6.245
6.495
6.690
6.900
6.965
7.125
7.435
7.470
7.580
7.915
8.030
8.315
8.450
8.495
8.745
8.910
9.090
9.190
9.350
9.530
9.645
9.725
9.785
9.995
10.215
10.510
10.655
11.090
11.535
11.960
12.150
12.250
12.400
12.690
12.850
13.130
13.280
13.735
14.010
14.145
14.595
15.030
15.360
15.450
15.730
15.860
16.180
16.345
16.440
16.505
16.640
16.780
17.205
17.470
17.630
18.070
18.425
18.515
18.835
18.930
18.990
19.200
19.370
19.660
19.830
20.105
20.265
20.505
20.705
20.740
21.135
21.575
21.930
22.020
22.445
22.725
22.825
23.180
23.340
23.390
23.630
23.715
23.770
24.200
24.350
24.635
25.085
25.470
25.530
25.820
25.950
25.995
26.240
26.400
26.680
26.845
27.095
27.280
27.710
27.925
28.140
28.580
29.010
29.440
29.725
29.885
30.170
30.330
30.635
30.760
30.935
31.105
31.200
31.635
32.075
32.510
32.940
33.230
33.385
33.670
33.830
34.130
34.265
34.540
34.725
34.975
