0.010
0.240
0.285
0.830
1.075
1.325
1.865
2.125
2.400
2.665
2.930
3.435
3.980
4.225
4.515
4.795
5.035
5.270
5.555
5.860
6.090
6.350
6.615
6.920
7.125
7.370
7.640
7.890
8.145
8.415
8.690
9.180
9.465
9.725
10.250
10.480
10.515
10.805
11.045
11.330
11.600
11.860
12.385
12.635
12.910
13.185
13.410
13.445
13.720
13.965
14.475
14.725
15.005
15.320
15.540
15.595
15.840
16.080
16.620
17.190
17.720
17.980
18.255
18.555
18.795
18.885
19.080
19.305
19.620
19.850
20.130
20.390
20.910
21.175
21.440
21.745
21.910
21.975
22.250
22.385
22.505
23.030
23.280
23.550
24.070
24.320
24.570
25.105
