0.025
0.355
0.685
1.005
1.345
1.675
1.990
2.325
2.645
2.970
3.020
3.215
3.305
3.420
3.645
3.980
4.290
4.615
4.945
5.265
5.315
5.575
5.775
6.220
6.535
6.870
7.095
7.195
7.515
7.705
7.830
8.150
8.480
8.655
8.805
9.115
9.440
9.595
10.080
10.395
10.735
10.955
11.045
11.255
11.375
11.525
11.685
12.010
12.345
12.635
12.985
13.310
13.540
13.640
13.955
14.275
14.535
14.595
14.825
14.940
15.260
15.585
15.895
16.225
16.550
16.870
17.200
17.520
17.840
18.165
18.500
18.815
19.145
19.470
19.790
20.120
20.445
20.775
21.110
21.325
21.425
21.740
22.070
22.230
22.385
22.705
22.930
23.040
23.215
23.355
23.660
23.980
24.315
24.390
24.650
24.710
24.965
25.140
25.290
25.585
25.895
26.135
26.240
26.545
26.865
27.045
27.185
27.375
27.505
27.810
28.150
28.365
28.465
28.695
28.810
29.095
29.370
29.435
29.765
