0.010
0.075
0.255
0.465
0.700
0.870
1.050
1.260
1.455
1.630
1.835
1.870
2.070
2.235
2.455
2.625
2.860
3.020
3.080
3.215
3.255
3.445
3.630
4.015
4.060
4.210
4.390
4.460
4.625
4.830
5.005
5.215
5.425
5.615
5.795
6.000
6.185
6.395
6.620
6.775
7.170
7.205
7.375
7.575
7.760
7.810
7.940
7.995
8.155
8.360
8.585
8.750
8.930
9.120
9.355
9.540
9.705
9.905
10.130
10.300
10.690
10.750
10.880
11.050
11.120
11.275
11.430
11.470
11.845
11.925
12.010
12.425
12.595
12.645
12.810
13.005
13.395
13.565
13.610
13.825
14.000
14.175
14.365
14.585
14.950
15.140
15.350
15.545
15.770
15.935
16.145
16.250
16.380
16.535
16.770
16.920
17.005
17.145
17.315
17.745
17.940
18.100
18.315
18.540
18.725
18.915
19.095
19.135
19.350
19.550
19.720
19.890
19.925
20.120
20.480
20.685
20.935
20.985
21.110
21.285
21.330
21.500
21.680
21.890
22.095
22.305
22.485
22.700
22.785
22.850
23.080
23.295
23.485
23.675
23.860
24.065
24.305
24.475
24.835
25.075
25.215
25.260
25.460
25.640
25.845
26.015
26.055
26.175
26.430
26.665
26.830
27.175
27.405
27.580
27.735
28.165
28.345
28.420
28.525
28.720
29.050
29.135
29.510
29.715
