0.010
0.070
0.390
0.750
1.070
1.240
1.285
1.705
1.825
2.030
2.765
2.920
3.320
3.700
3.840
4.165
4.255
4.770
5.150
5.245
5.690
5.870
6.090
6.235
6.395
6.605
6.775
6.840
6.975
7.340
7.570
7.715
7.840
7.885
8.600
8.775
8.955
9.145
9.315
9.495
9.740
9.855
10.040
10.210
10.400
10.570
10.735
10.915
11.270
11.440
11.890
12.145
12.335
12.665
12.875
13.420
13.775
14.005
14.135
14.320
14.540
14.860
15.040
15.220
15.570
15.765
16.125
16.310
16.460
16.590
16.650
16.895
16.980
17.180
17.520
17.705
17.895
18.165
18.435
18.580
18.995
19.105
19.265
19.455
19.825
20.005
20.110
20.215
20.350
20.555
20.910
21.285
21.480
22.035
22.365
22.765
22.825
22.905
23.080
23.260
23.455
23.610
23.800
24.075
24.155
24.335
24.510
24.680
24.840
25.090
25.230
25.425
25.530
25.600
25.805
26.270
26.540
26.670
26.930
27.035
27.265
27.425
27.575
27.735
27.990
28.100
28.450
28.630
28.795
29.165
29.200
29.375
29.515
