0.010
0.415
0.690
0.765
0.865
1.185
1.545
1.855
2.540
2.815
3.160
3.215
3.510
3.805
4.055
4.120
4.395
4.460
4.495
4.770
5.085
5.335
5.405
5.750
5.995
6.110
6.325
6.385
6.710
7.015
7.690
7.945
8.010
8.365
8.695
8.985
9.020
9.265
9.320
9.605
9.670
9.720
10.005
10.325
10.635
10.775
10.830
10.980
11.105
11.165
11.295
11.620
11.675
11.940
12.010
12.300
12.645
12.960
13.140
13.205
13.275
13.610
13.700
13.790
13.975
14.295
14.505
14.615
14.930
15.065
15.230
15.595
15.910
16.260
16.370
16.615
16.915
17.210
17.595
17.950
18.255
18.550
18.950
19.315
19.625
19.870
19.935
20.140
20.235
20.295
20.605
20.675
20.935
21.000
21.305
21.650
21.995
22.290
22.635
22.675
22.935
23.295
23.440
23.635
23.935
24.225
24.305
24.960
25.000
25.300
25.335
25.635
25.985
26.305
26.620
26.920
26.970
27.310
27.625
27.980
28.345
28.985
29.025
29.275
29.550
