1.720
1.770
1.825
1.880
1.930
1.985
2.045
2.570
2.955
3.070
3.320
3.635
3.795
3.880
3.955
4.290
4.565
4.805
4.840
5.100
5.135
5.230
5.385
5.475
5.555
5.645
5.730
5.955
6.005
6.060
6.110
6.165
6.230
6.730
6.770
7.125
7.250
7.520
7.770
8.040
8.285
8.340
8.445
8.565
8.690
8.775
8.865
9.130
9.215
9.300
9.370
9.550
9.880
10.420
10.915
11.165
11.660
11.860
11.965
12.495
12.975
13.015
13.305
13.540
13.815
14.045
14.115
14.555
14.605
15.125
15.165
15.395
15.645
15.820
15.895
16.145
16.405
16.505
16.645
16.900
16.935
17.185
17.470
17.620
17.730
17.995
18.245
18.790
19.290
19.560
19.800
19.945
20.015
20.305
20.605
20.745
20.850
21.130
21.340
21.620
21.875
21.930
22.160
22.410
22.465
22.940
23.395
23.455
23.495
23.730
23.980
24.260
24.500
24.740
24.990
25.280
25.535
25.930
26.015
26.205
26.315
26.490
26.570
26.645
27.120
27.170
27.460
27.685
27.720
27.920
28.045
28.170
28.360
28.425
28.685
28.915
29.150
29.425
29.675
29.995
30.270
30.530
30.700
30.795
31.300
31.660
31.850
32.080
32.200
32.350
32.610
32.845
33.090
33.360
33.605
33.905
34.195
34.395
34.465
34.550
34.625
34.715
34.885
35.230
35.485
35.880
35.930
36.010
36.055
36.270
36.350
36.530
36.580
36.790
36.845
37.050
37.310
37.365
37.575
37.630
37.835
38.150
38.380
39.150
39.685
40.215
40.250
40.435
40.505
40.820
40.945
41.145
41.255
41.780
42.120
42.300
42.335
42.555
42.835
43.085
43.270
43.345
43.620
43.785
43.850
44.135
44.300
44.385
44.655
44.910
45.120
45.175
45.400
45.695
45.785
45.830
45.955
46.165
46.215
46.395
46.465
46.795
47.000
47.520
47.840
48.065
48.105
48.505
48.585
48.855
49.315
49.595
49.650
50.095
50.130
50.555
50.665
50.930
51.455
51.550
51.720
52.215
52.540
52.630
52.740
53.030
53.270
53.545
53.780
53.825
54.020
54.075
54.115
54.245
54.520
54.585
54.840
55.055
55.290
55.530
55.615
55.885
56.360
56.410
56.880
56.965
57.170
57.220
58.010
58.140
58.270
58.535
58.795
59.060
59.320
59.590
59.815
59.965
60.080
60.300
60.490
60.575
60.740
60.845
61.095
61.360
61.630
61.815
61.880
62.170
62.215
62.415
62.655
62.690
62.905
63.055
63.245
63.280
63.620
63.720
64.015
64.315
64.585
64.720
64.900
65.150
65.420
65.555
65.685
65.955
66.185
66.220
66.350
66.485
66.765
67.020
67.155
67.290
67.400
67.485
67.560
69.130
