0.010
0.135
0.195
2.410
2.615
2.955
3.140
3.640
3.850
4.020
4.195
4.360
4.645
5.440
6.055
6.225
6.380
6.555
6.920
6.955
8.040
8.590
8.770
8.945
9.135
9.315
9.500
9.670
10.005
10.195
10.380
10.570
10.760
11.035
11.255
11.425
11.625
11.780
11.980
12.485
12.675
12.860
13.035
13.255
13.650
13.830
13.985
14.365
15.115
15.850
16.155
16.325
16.505
17.265
17.335
18.125
20.040
20.195
20.470
20.965
21.005
21.705
21.890
22.065
22.225
22.395
22.680
24.105
24.295
27.840
27.990
29.805
29.965
30.125
30.405
31.180
31.375
31.535
31.695
32.035
32.265
32.860
32.940
34.320
35.360
35.905
36.995
37.100
38.420
39.105
39.430
39.620
39.925
40.235
40.570
40.710
40.860
41.015
41.235
41.380
41.870
42.055
42.210
42.395
42.565
42.730
42.900
43.075
43.665
44.805
45.885
45.975
47.245
48.180
48.870
49.080
49.585
50.350
50.385
50.560
51.130
52.090
52.255
52.555
52.890
53.040
53.200
53.505
53.775
54.390
54.480
55.250
55.685
56.005
56.350
56.715
57.100
57.685
57.860
58.210
58.265
58.465
58.635
58.785
58.940
59.255
59.775
60.365
