0.010
0.215
0.765
1.315
1.540
1.795
2.060
2.290
2.815
3.350
3.590
3.845
4.085
4.310
4.835
5.355
5.635
5.880
6.135
6.370
6.865
7.135
7.390
7.655
7.900
8.150
8.375
8.910
9.415
9.700
9.940
10.165
10.415
10.685
10.915
11.175
11.420
11.675
11.915
12.160
12.410
12.920
13.425
13.700
13.940
14.205
14.440
14.705
14.925
15.190
15.420
15.455
15.685
15.925
16.105
16.175
16.430
16.935
17.475
17.720
17.970
18.235
18.465
18.975
19.500
19.755
19.995
20.250
20.480
20.995
21.525
21.770
22.020
22.495
22.770
23.000
23.265
23.530
23.770
24.000
24.265
24.500
25.005
25.520
25.770
26.035
26.265
26.490
26.525
27.005
27.275
27.505
27.760
28.005
28.235
28.490
28.985
29.515
29.760
30.015
30.275
30.535
