0.010
0.220
0.460
0.700
2.655
3.640
4.370
4.405
4.615
4.650
5.640
6.135
7.595
8.085
8.380
8.800
9.060
9.300
9.780
10.015
10.260
10.505
11.000
11.480
11.970
12.220
12.470
14.655
14.910
15.150
16.625
18.370
19.310
20.020
20.260
21.150
21.240
21.770
23.195
23.250
23.740
24.450
24.710
24.940
25.425
25.665
25.915
26.160
26.600
26.655
27.100
27.145
27.620
27.865
28.120
31.305
31.970
32.325
34.380
35.215
35.850
35.955
36.505
36.920
39.140
39.845
40.100
40.445
40.765
43.030
43.710
44.005
44.265
44.485
44.725
45.215
45.455
45.685
46.175
46.420
46.670
47.170
47.375
47.410
47.685
48.140
48.380
48.630
49.120
49.370
49.600
49.640
53.770
54.005
54.050
54.250
54.285
54.510
55.005
55.260
55.480
55.515
55.945
56.000
56.245
56.440
56.505
56.960
57.185
57.430
58.720
60.620
60.880
61.110
61.150
61.835
62.095
62.345
62.815
63.540
63.810
64.035
64.080
64.780
65.040
65.275
65.770
66.490
66.765
67.010
67.485
67.725
67.960
68.215
68.695
69.675
69.925
70.165
71.165
72.130
73.075
74.100
75.100
76.075
77.045
77.510
77.755
77.990
