0.010
0.180
0.335
0.610
0.690
0.915
1.170
1.260
1.365
1.485
1.690
1.795
1.835
2.075
2.280
2.430
3.120
3.230
3.650
3.895
4.055
4.265
4.605
4.720
4.930
5.195
5.325
5.870
5.930
6.650
7.485
7.760
8.020
8.055
8.215
8.295
8.850
9.390
10.310
10.345
10.785
10.865
11.165
11.500
12.460
13.435
13.495
14.005
14.050
14.415
14.680
14.780
15.310
15.585
16.085
16.205
16.320
21.915
25.605
25.690
26.185
28.915
29.225
29.580
29.780
29.835
29.940
30.190
30.315
30.400
30.505
30.540
30.650
30.850
31.015
31.195
31.430
31.470
32.945
33.230
33.890
33.970
34.240
34.400
34.660
34.905
35.600
36.060
36.230
36.270
36.535
36.710
37.095
37.415
38.485
38.540
39.030
39.175
39.265
40.495
41.045
42.105
42.450
42.620
42.810
43.120
43.295
43.735
43.930
44.005
44.080
44.370
44.585
44.660
44.895
44.980
45.160
45.245
45.440
45.530
46.135
46.325
46.515
46.695
47.425
47.965
48.220
48.320
