0.699
0.156
0.980
0.965
0.905
0.917
0.957
0.952
0.814
0.949
0.981
0.980
0.792
0.972
0.960
1.000
0.953
1.000
0.952
1.000
1.000
0.780
1.000
0.836
0.980
0.982
1.000
1.000
0.937
0.965
0.964
1.000
0.968
0.982
1.000
0.983
0.905
0.931
0.819
0.958
0.902
0.958
0.970
0.939
0.985
0.944
0.872
1.000
1.000
0.950
0.875
0.966
0.951
0.902
0.968
0.947
0.963
1.000
0.797
0.985
0.935
0.660
0.860
0.871
0.682
0.964
0.960
0.953
0.983
0.980
0.993
1.000
0.593
0.698
0.940
0.724
0.990
0.973
0.875
0.993
1.000
1.000
0.929
0.897
1.000
1.000
0.388
1.000
0.655
1.000
1.000
0.755
1.000
1.000
0.913
0.958
0.982
1.000
1.000
1.000
0.988
1.000
1.000
0.857
1.000
1.000
1.000
1.000
0.944
0.950
1.000
1.000
1.000
0.950
1.000
0.824
1.000
0.988
0.933
1.000
1.000
0.875
0.889
0.956
1.000
0.750
1.000
0.971
0.931
0.973
0.847
0.907
0.979
0.994
0.932
0.957
0.918
0.927
0.440
1.000
0.946
0.992
0.942
0.913
0.967
0.848
1.000
0.874
0.259
0.396
0.189
0.403
1.000
1.000
0.722
0.929
0.351
0.914
0.967
0.958
1.000
1.000
0.959
0.577
0.742
0.840
0.461
0.959
0.962
0.917
0.282
0.978
0.444
0.709
0.944
1.000
1.000
0.963
1.000
1.000
1.000
0.957
1.000
0.686
1.000
