0.190
0.460
0.600
1.650
1.740
1.800
1.890
2.100
5.250
5.560
5.610
6.000
8.020
8.180
8.390
8.560
10.530
11.250
11.290
12.040
12.290
12.570
13.480
13.520
13.850
14.050
14.260
14.470
16.280
16.560
17.870
18.090
18.310
18.390
19.120
20.240
20.450
20.680
20.930
22.770
23.220
23.260
23.430
23.560
23.700
23.850
23.980
24.080
24.250
24.380
24.490
24.660
24.830
24.950
25.110
25.230
25.370
25.510
25.660
25.820
25.890
25.970
26.200
26.380
27.330
27.660
27.840
27.990
28.230
28.400
28.630
28.900
30.170
30.390
30.590
32.500
32.890
33.050
33.230
33.400
33.510
33.590
33.700
33.910
34.080
34.240
34.410
37.000
37.090
37.250
38.380
38.440
38.700
39.410
39.640
39.840
40.010
40.220
41.100
41.420
41.660
43.920
44.240
44.480
46.060
46.230
48.710
49.250
49.330
49.420
49.600
50.090
50.230
51.360
51.540
52.350
52.560
52.740
52.840
53.220
53.380
54.200
54.400
54.730
54.880
55.060
55.200
55.390
55.510
55.870
56.110
56.670
56.710
56.840
57.050
57.200
57.390
57.570
57.760
57.910
58.080
58.160
58.300
58.530
58.620
58.700
58.830
58.890
58.960
59.290
59.690
