0.480000
0.637000
0.804000
0.999600
1.568000
1.764000
2.048200
2.156000
2.688000
3.192000
4.106200
4.200000
4.331600
4.804000
5.032000
5.504000
5.605600
6.008000
6.452000
8.153600
8.584000
8.848000
9.284000
9.359000
9.792000
9.819600
10.222667
10.552622
10.750600
11.211200
11.270000
11.671800
15.508000
15.672000
16.150400
16.199400
16.372000
16.724000
16.914800
17.360000
17.768000
17.865400
18.355400
18.648000
19.248000
19.502000
19.808000
19.980000
20.222000
20.684000
21.158200
21.596000
22.824200
23.024000
23.284800
23.863000
24.012000
24.470000
24.722000
27.140000
30.684000
30.842044
31.336000
31.564533
32.031022
32.292711
38.465000
39.219600
39.366600
42.247800
42.267400
42.362044
42.734667
42.964000
43.443400
43.698200
45.560200
45.800000
46.017156
46.054133
46.711200
47.187000
47.376800
49.305333
49.836000
50.568267
51.058000
51.263800
53.643111
54.382667
57.414844
57.457511
57.858578
58.071911
58.114000
58.466800
58.594200
58.839911
60.745689
61.189422
61.769400
61.906600
62.438133
62.661200
64.523111
64.989600
65.532600
65.709000
66.218600
66.444000
