0.185
0.385
0.970
2.085
2.465
3.600
4.895
4.970
5.200
6.180
7.045
9.600
9.945
10.060
10.805
11.505
11.825
12.030
12.085
12.120
12.845
13.750
14.400
14.665
15.120
15.930
16.785
17.065
21.705
23.920
25.520
25.705
26.040
27.195
27.420
27.635
27.865
29.070
31.180
32.165
32.685
33.515
35.960
36.220
36.590
38.595
40.815
41.720
42.070
42.465
44.185
45.750
46.385
46.940
47.455
56.225
56.710
57.040
58.345
58.825
59.810
60.730
61.410
61.885
62.810
62.915
63.640
64.380
64.925
65.070
65.945
67.675
67.810
68.190
68.290
69.345
70.220
70.740
71.855
71.930
72.085
73.000
75.020
78.460
