1.000
0.875
1.000
0.941
0.917
0.944
1.000
0.800
0.903
0.936
0.904
0.921
0.967
0.969
0.985
1.000
1.000
1.000
1.000
1.000
1.000
0.857
0.931
0.952
0.756
0.925
0.895
0.294
0.864
0.625
0.444
0.422
0.875
0.962
0.921
1.000
0.571
0.921
1.000
0.913
0.913
1.000
0.577
0.797
0.608
0.833
0.542
0.673
0.385
0.760
0.775
0.833
0.938
0.588
0.500
0.421
0.571
0.400
0.667
0.500
0.975
0.909
1.000
0.927
0.915
0.891
0.952
0.966
0.923
1.000
1.000
0.885
0.619
0.700
0.902
0.792
0.868
0.973
0.762
0.875
1.000
0.903
1.000
0.983
0.909
0.881
0.967
0.816
0.941
0.968
0.873
0.764
0.907
0.933
0.853
0.766
0.818
0.790
0.820
0.856
0.936
0.857
0.829
0.882
0.932
0.833
0.679
0.860
0.900
0.753
0.875
0.789
0.807
0.917
0.878
0.982
0.882
0.783
0.929
0.861
0.813
0.720
0.846
0.708
0.875
0.727
0.827
0.659
0.758
0.840
0.714
0.671
0.782
0.849
0.750
0.836
0.679
0.694
0.865
0.840
0.727
0.972
0.800
0.820
0.810
0.592
0.803
0.845
0.708
0.979
0.852
0.990
0.886
0.845
0.957
0.875
0.938
0.467
0.132
0.368
0.925
0.905
0.957
0.938
0.900
0.822
0.878
0.769
0.847
0.781
0.626
1.000
0.680
0.831
0.594
0.206
0.636
0.797
0.807
0.949
0.413
0.962
0.833
0.959
0.167
0.796
0.945
0.804
1.000
0.811
0.852
0.950
0.844
0.812
0.878
0.940
0.841
0.854
0.871
0.798
0.969
0.929
0.891
0.845
0.756
1.000
1.000
1.000
1.000
1.000
0.778
1.000
1.000
0.909
1.000
0.571
0.900
1.000
1.000
0.824
0.818
0.741
0.977
0.959
0.742
0.867
0.679
0.800
1.000
0.750
0.744
1.000
0.755
0.800
0.857
0.861
0.694
0.552
0.789
1.000
0.766
0.847
0.533
0.901
0.839
0.914
0.831
0.787
0.757
0.789
0.807
0.821
0.754
0.860
0.699
0.795
0.425
0.942
0.885
0.870
0.758
0.726
0.664
0.650
0.760
0.651
0.607
0.675
0.714
0.625
0.889
0.923
0.698
0.710
0.643
0.861
0.814
0.929
0.779
0.929
0.826
0.633
0.860
0.913
0.708
0.780
0.945
0.545
0.486
0.878
0.700
0.651
0.719
0.724
0.890
0.911
0.646
0.710
0.486
0.700
0.865
0.960
0.879
0.983
0.869
0.994
0.960
1.000
1.000
1.000
0.951
0.685
0.000
0.825
0.829
0.944
0.071
0.650
0.865
0.818
0.886
