0.977
1.000
0.900
0.941
0.917
0.889
1.000
0.954
0.935
0.936
0.942
0.895
0.934
0.969
0.985
1.000
1.000
1.000
1.000
1.000
1.000
0.857
0.931
0.952
0.910
0.962
0.974
0.353
0.773
0.719
0.889
1.000
0.875
1.000
1.000
1.000
0.929
0.947
0.741
1.000
0.957
1.000
1.000
0.942
0.863
0.958
0.500
0.982
0.923
0.707
0.688
0.792
0.677
0.765
0.708
0.921
1.000
1.000
1.000
1.000
0.975
0.795
1.000
0.836
0.872
0.891
0.881
0.931
0.731
1.000
0.955
0.885
0.952
0.900
0.804
0.811
1.000
0.973
0.762
0.958
1.000
0.903
0.800
0.983
0.909
0.949
0.967
0.974
1.000
1.000
0.667
0.800
0.814
0.900
0.667
0.662
0.909
0.548
0.480
0.644
0.872
0.702
0.829
0.529
0.781
0.852
0.528
0.825
0.783
0.659
0.607
0.579
0.841
0.764
0.646
0.768
0.897
0.663
0.940
0.747
0.853
0.747
0.923
0.692
0.844
0.758
0.815
0.795
0.736
0.693
0.732
0.557
0.628
0.822
0.625
0.795
0.481
0.750
0.811
0.740
0.662
0.887
0.817
0.742
0.857
0.845
0.758
0.873
0.955
0.916
0.764
0.970
0.897
0.633
0.907
0.773
0.691
0.800
1.000
0.807
0.900
0.855
0.957
0.979
0.671
0.696
0.857
0.788
0.702
0.796
0.970
0.879
0.534
0.714
0.248
0.059
0.591
0.824
0.596
0.888
0.698
0.915
0.667
0.966
0.944
0.852
0.509
0.732
1.000
0.747
0.778
0.950
0.719
0.636
0.730
0.920
0.773
0.688
0.871
0.651
0.458
0.786
0.858
0.761
0.800
1.000
1.000
0.973
1.000
1.000
0.778
1.000
1.000
0.818
0.944
0.571
0.800
1.000
1.000
0.745
0.568
0.630
0.953
0.928
0.483
0.800
0.462
0.700
0.933
0.549
0.628
1.000
0.695
0.782
0.667
0.855
0.750
0.517
0.763
0.806
0.691
0.625
0.873
0.639
0.791
0.900
0.701
0.773
0.730
0.876
0.538
0.511
0.734
0.730
0.691
0.730
0.890
0.821
0.818
0.511
0.706
0.496
0.439
0.379
0.463
0.401
1.000
0.975
1.000
0.958
0.815
0.662
0.907
0.823
1.000
0.889
0.829
0.786
0.740
0.768
0.681
0.796
0.940
0.913
0.979
0.763
0.909
0.727
1.000
0.902
0.733
0.837
0.844
0.603
0.740
0.684
0.385
0.892
1.000
0.873
0.775
0.940
0.853
1.000
0.600
0.981
0.950
1.000
1.000
1.000
0.893
0.587
1.000
0.681
0.501
0.823
0.357
0.537
0.577
0.636
0.841
