0.977
1.000
0.900
0.941
0.750
0.944
1.000
0.846
0.903
0.957
0.962
0.947
1.000
0.969
1.000
1.000
1.000
1.000
1.000
1.000
1.000
0.857
0.931
0.952
0.731
0.943
0.737
0.118
0.909
0.906
0.667
0.250
0.812
1.000
1.000
1.000
0.429
0.868
1.000
0.957
0.957
1.000
0.769
0.725
0.451
0.958
0.708
0.709
0.077
0.813
0.800
0.854
0.877
0.441
0.500
0.526
0.000
0.133
0.000
0.464
0.975
0.955
1.000
0.927
0.915
0.848
0.929
0.862
0.731
0.971
1.000
0.885
0.905
0.900
0.882
0.811
0.868
0.919
0.762
0.917
1.000
0.871
1.000
0.967
1.000
0.915
0.967
0.737
0.941
1.000
0.937
0.891
0.930
0.967
0.867
0.805
0.932
0.839
0.920
0.900
0.957
0.917
0.871
0.926
0.973
0.926
0.774
0.930
0.967
0.871
0.964
0.816
0.875
0.944
0.963
1.000
0.956
0.904
1.000
0.886
0.947
0.853
0.954
0.785
0.984
0.848
0.951
0.841
0.868
0.893
0.875
0.684
0.949
0.918
0.806
0.890
0.704
0.903
0.932
0.860
0.870
1.000
0.883
0.876
0.917
0.775
0.955
0.930
0.877
0.979
0.880
0.990
0.951
0.890
0.994
0.920
0.969
0.333
0.208
0.439
0.900
0.840
0.957
0.872
0.871
0.785
0.857
0.971
0.847
0.737
0.505
1.000
0.680
0.878
0.743
0.912
0.682
0.919
0.947
0.969
0.175
0.764
0.804
0.966
0.333
0.870
0.855
0.857
1.000
0.789
0.926
0.950
0.844
0.709
0.892
0.935
0.920
0.903
0.903
0.917
0.917
1.000
0.883
0.915
0.822
1.000
1.000
1.000
1.000
1.000
0.778
1.000
1.000
0.891
1.000
0.679
0.900
1.000
1.000
0.863
0.864
0.741
0.977
0.866
0.854
0.800
0.628
0.800
1.000
0.823
0.876
1.000
0.855
0.818
0.905
0.873
0.694
0.552
0.868
1.000
0.830
0.892
0.727
0.948
0.910
0.971
0.870
0.752
0.905
0.938
0.901
0.922
0.906
0.888
0.837
0.902
0.685
0.953
0.906
0.896
0.609
0.426
0.668
0.422
0.401
0.609
0.786
0.825
0.810
0.646
0.944
0.908
0.884
0.839
0.821
0.861
0.900
0.964
0.857
0.911
0.870
0.735
0.940
0.935
0.958
0.983
0.964
0.705
0.800
0.878
0.867
0.767
0.891
0.845
0.945
0.975
0.800
0.882
0.570
0.782
0.820
0.960
0.966
0.933
0.834
0.994
1.000
1.000
1.000
1.000
0.966
0.815
0.133
0.839
0.871
0.965
0.071
0.875
0.692
0.788
0.909
