0.195
2.405
2.600
2.780
2.950
3.135
3.300
3.845
4.015
4.185
4.355
4.640
4.875
5.060
5.245
5.430
6.070
6.220
6.375
6.555
6.950
8.030
8.395
8.585
8.765
8.950
9.130
9.320
9.485
9.655
10.190
10.375
10.560
10.760
11.030
11.240
11.415
11.610
12.670
12.860
13.030
13.245
13.640
13.815
13.975
15.100
15.840
15.875
16.150
16.320
16.495
16.675
16.830
16.980
19.120
19.310
19.515
19.690
20.035
21.725
21.880
22.050
22.215
22.380
22.525
23.905
24.095
24.295
24.495
24.695
24.910
27.825
27.985
29.085
29.620
29.790
29.960
30.115
30.275
30.400
31.175
31.370
31.525
31.690
32.255
32.410
32.555
32.940
33.655
33.815
33.980
34.140
34.310
37.105
38.055
38.435
38.600
38.770
38.940
39.090
39.245
39.445
39.605
39.760
39.915
40.080
40.230
40.560
40.700
40.850
41.015
41.220
41.375
41.900
42.045
42.205
42.375
42.550
42.720
42.895
43.060
43.225
45.870
45.965
47.040
47.230
47.265
47.405
47.575
47.745
47.885
48.020
48.175
48.360
48.435
48.500
48.675
48.865
49.070
49.225
49.390
49.580
49.790
49.980
50.385
50.565
50.710
51.145
52.085
52.245
52.395
52.550
52.720
52.865
53.030
53.190
53.345
53.505
54.475
55.240
55.395
55.680
56.010
56.345
56.740
56.935
57.090
57.250
57.390
58.255
58.460
58.625
58.780
58.935
59.095
59.245
59.395
59.770
60.380
60.590
60.950
61.135
61.500
61.675
