0.891
0.538
0.853
0.800
0.833
0.831
0.889
0.855
0.930
0.917
0.880
0.805
0.955
0.855
0.940
0.856
0.872
0.893
0.857
0.956
0.959
0.852
0.792
0.947
0.950
0.824
0.946
0.842
0.875
0.944
0.939
0.982
0.926
0.916
0.976
0.911
0.960
0.853
0.923
0.831
0.953
0.833
0.926
0.909
0.857
0.893
0.893
0.671
0.923
0.904
0.778
0.904
0.728
0.889
0.932
0.820
0.844
0.972
0.867
0.899
0.940
0.704
0.909
0.915
0.961
0.979
0.898
0.946
0.883
0.988
0.932
0.959
0.670
0.702
0.857
0.952
0.844
0.883
0.767
0.873
0.802
0.735
0.636
0.932
0.895
0.969
0.698
0.794
0.961
0.889
0.891
0.893
0.989
0.842
0.926
0.875
0.892
0.955
0.909
0.938
0.892
0.881
0.927
1.000
0.873
0.822
0.933
0.800
0.714
0.922
0.886
0.876
0.833
0.615
0.800
0.933
0.811
0.899
0.830
0.855
0.873
0.806
0.586
0.840
0.898
0.753
0.948
0.910
0.948
0.883
0.946
0.909
0.906
0.902
0.930
0.882
0.878
0.918
0.740
0.953
0.938
0.909
0.717
0.643
0.772
0.617
0.663
0.745
0.821
0.825
0.810
0.667
0.926
0.908
0.930
0.855
0.857
0.889
0.857
0.929
0.844
0.946
0.841
0.735
0.940
0.913
0.896
0.949
0.927
0.727
0.886
0.833
0.721
0.891
0.828
0.904
0.975
0.800
0.857
0.922
0.968
0.875
0.673
0.848
0.909
