0.060
0.110
0.290
0.470
0.630
0.820
0.950
1.000
1.180
1.340
1.520
1.570
1.680
1.870
2.040
2.180
2.230
2.390
2.570
2.730
2.780
2.900
2.950
3.090
3.270
3.430
3.620
3.800
3.960
4.140
4.330
4.490
4.680
4.860
5.010
5.060
5.200
5.380
5.540
5.590
5.750
5.870
5.920
6.040
6.130
6.240
6.500
6.600
6.810
6.950
7.130
7.310
7.490
7.660
7.830
8.000
8.180
8.350
8.530
8.700
8.870
8.920
9.050
9.240
9.400
9.580
9.740
9.910
9.960
10.110
10.280
10.450
10.620
10.790
10.970
11.150
11.330
11.490
11.540
11.650
11.700
11.850
12.040
12.210
12.390
12.560
12.730
12.780
12.920
13.090
13.250
13.430
13.600
13.760
13.810
13.960
14.070
14.130
14.300
14.660
14.840
15.010
