0.170
0.300
0.400
0.630
0.890
1.140
1.400
1.630
1.680
1.880
2.130
2.360
2.610
2.840
3.100
3.330
3.380
3.560
3.800
3.850
4.060
4.290
4.340
4.530
4.760
5.010
5.250
5.480
5.730
5.960
6.200
6.440
6.670
6.920
7.150
7.400
7.630
7.850
8.090
8.210
8.320
8.370
8.440
8.530
8.580
8.710
8.820
8.930
9.010
9.230
9.300
9.350
9.490
9.540
9.730
9.780
9.960
10.160
10.210
10.430
10.660
10.710
10.890
11.120
11.360
11.580
11.820
12.050
12.280
12.330
12.500
12.550
12.750
12.930
12.990
13.040
13.200
13.250
13.350
13.400
13.480
13.650
13.700
13.750
13.890
13.940
14.140
14.350
14.400
14.590
14.790
14.840
15.040
15.090
15.280
15.510
15.560
15.740
15.790
15.900
15.980
16.180
16.230
16.280
16.390
16.460
16.590
16.640
16.710
16.760
16.880
16.930
17.060
17.110
17.160
17.380
17.620
17.710
17.820
17.870
18.070
18.120
18.310
18.550
18.600
18.780
19.010
19.240
19.450
19.500
19.700
19.810
19.950
20.120
20.170
20.390
20.440
20.620
20.840
20.890
21.080
21.260
21.310
21.530
21.750
21.830
21.980
22.030
22.160
22.220
22.440
22.490
22.680
22.920
23.050
23.150
23.200
23.290
23.380
23.590
23.640
23.690
23.820
23.870
24.030
24.080
24.170
24.310
24.570
24.620
24.800
25.030
25.080
25.290
25.500
25.580
25.750
25.920
26.010
26.130
26.240
26.480
26.530
26.700
26.810
26.860
26.920
27.050
27.160
27.390
27.520
27.620
27.880
28.110
28.160
28.230
28.340
28.410
28.590
28.640
28.720
28.840
28.890
29.060
29.110
29.310
29.360
29.410
29.530
29.770
