0.190
0.510
0.670
0.990
1.160
1.330
1.480
1.650
1.820
1.960
2.300
2.470
2.610
2.760
2.930
3.110
3.270
3.410
3.730
4.060
4.220
4.370
4.550
4.730
5.040
5.200
5.380
5.680
5.990
6.350
6.460
6.630
6.800
7.100
7.160
7.270
7.320
7.440
7.620
7.770
7.930
8.090
8.430
8.780
9.080
9.270
9.740
10.060
10.250
10.380
10.900
11.240
11.350
11.690
11.860
12.340
12.400
12.670
12.770
12.990
13.130
13.310
13.630
13.820
13.960
14.300
14.630
14.730
14.790
14.930
15.070
15.130
15.290
15.610
15.770
15.910
16.270
16.610
16.920
17.060
17.240
17.580
18.080
18.180
18.220
18.270
18.720
18.880
19.030
19.200
19.510
19.830
20.160
20.480
20.640
20.970
21.120
21.450
21.610
21.950
22.080
22.410
22.730
22.920
23.040
23.380
23.540
23.700
23.940
24.010
24.340
24.500
24.670
24.840
24.990
25.140
25.320
25.450
25.920
26.090
26.260
26.580
26.740
27.060
27.210
27.370
27.560
27.670
27.980
28.050
28.330
28.520
28.680
28.810
28.950
29.130
29.300
29.470
29.590
29.790
29.920
30.130
30.230
30.390
30.570
30.730
30.930
31.060
