0.060
0.240
0.280
0.440
0.500
1.080
1.330
1.530
1.880
1.970
2.120
2.270
2.400
2.490
2.930
3.440
3.690
3.980
4.150
4.230
5.040
5.170
5.560
5.780
5.990
6.090
6.230
6.450
6.620
7.380
7.540
7.640
7.890
8.410
8.690
9.180
9.220
9.550
9.750
10.050
10.250
10.480
10.530
10.800
11.090
11.160
11.330
11.560
11.860
12.050
12.170
12.390
12.640
12.910
13.420
13.720
13.960
14.210
14.740
15.000
15.210
16.110
16.240
16.650
17.190
17.760
17.960
18.260
18.550
18.880
19.310
19.630
19.820
19.860
20.130
20.390
20.820
20.940
21.040
21.170
21.440
22.110
22.250
22.390
22.510
22.880
23.040
23.200
23.290
23.550
23.760
24.070
24.310
24.570
25.350
