0.080
0.120
0.260
0.300
0.550
0.650
0.780
0.910
1.120
1.170
1.240
1.450
1.690
1.790
1.860
2.020
2.150
2.200
2.300
2.650
2.730
3.140
3.230
3.320
3.440
3.870
4.120
4.880
4.980
5.060
5.460
5.570
5.980
6.080
6.290
6.410
6.750
7.040
7.160
7.250
7.450
7.500
7.580
7.620
7.670
7.810
7.910
8.100
8.200
8.410
8.940
9.090
9.150
9.240
9.530
9.610
9.860
9.960
10.250
10.620
10.710
10.840
10.910
10.990
11.120
11.350
11.670
11.900
11.950
12.000
12.490
12.730
12.780
12.820
12.930
13.150
13.230
13.630
13.800
13.880
14.140
14.190
14.310
14.510
14.710
14.800
14.880
14.920
15.240
15.810
15.890
15.930
16.010
16.460
16.790
17.020
17.180
17.360
17.480
17.820
18.320
18.780
18.890
19.010
19.150
19.230
19.470
19.600
19.710
19.880
19.940
20.140
20.440
20.520
20.650
20.750
21.070
21.760
21.930
22.080
22.130
22.380
22.660
22.880
22.980
23.270
23.910
24.480
24.830
24.930
25.680
25.950
26.050
26.140
26.260
26.410
26.680
27.110
27.260
27.580
27.710
27.780
27.940
28.270
28.430
28.590
28.770
28.850
