0.170
0.700
1.170
1.660
2.150
2.500
2.640
3.120
3.620
4.100
4.430
4.560
5.040
5.100
5.490
6.000
6.080
6.480
6.800
6.930
7.390
7.870
8.190
8.330
8.810
9.160
9.290
9.590
9.770
10.060
10.220
10.700
11.020
11.190
11.650
12.000
12.160
12.460
12.650
13.110
13.450
13.620
13.950
14.100
14.420
14.560
14.910
15.060
15.100
15.400
15.550
16.020
16.330
16.500
16.650
16.800
16.890
16.960
17.430
17.690
17.930
18.150
18.240
18.370
18.460
18.880
19.420
19.710
19.850
20.170
20.320
20.670
20.790
21.130
21.240
21.300
21.380
21.600
21.760
22.070
22.560
22.690
23.640
23.690
23.950
24.110
24.590
24.640
24.900
24.970
25.050
25.110
25.350
25.500
25.800
26.040
26.420
26.510
26.760
26.910
26.960
27.400
27.880
27.970
28.220
28.370
28.520
28.830
29.330
