4.590
4.740
4.830
4.980
8.400
9.120
9.270
9.350
9.440
9.630
9.730
9.960
10.030
10.100
10.230
10.510
13.970
15.010
15.300
15.380
15.460
20.620
20.710
23.620
23.740
24.130
28.080
31.660
32.760
34.690
35.960
36.240
36.520
36.640
36.730
38.860
38.940
39.030
39.870
39.950
40.040
40.110
40.210
40.280
40.380
40.450
41.230
41.310
41.400
41.480
41.650
41.730
41.810
41.900
41.980
42.060
42.230
42.310
42.480
47.460
47.580
50.670
50.800
50.990
51.050
51.120
51.180
51.230
51.370
51.420
51.480
51.540
51.610
51.980
52.450
52.660
53.100
53.360
53.450
53.630
53.890
53.990
54.090
54.280
54.460
54.570
54.640
54.890
55.310
55.490
55.890
56.320
57.550
57.850
57.960
58.220
58.300
58.400
58.470
58.550
58.630
58.720
58.800
58.880
59.150
59.230
59.550
60.020
60.190
60.280
60.440
60.620
61.410
61.580
63.590
63.720
63.780
64.180
64.320
64.770
65.080
65.270
65.370
65.450
65.540
65.630
65.720
65.810
65.970
67.320
67.550
67.800
69.450
70.010
70.220
70.930
71.690
71.880
72.070
72.250
73.350
74.250
74.380
74.490
74.590
74.680
