0.380
0.435
0.500
0.575
0.695
0.775
0.920
1.080
1.145
1.225
1.270
1.385
1.560
1.625
1.715
1.805
1.850
1.885
2.015
2.055
2.145
2.225
2.345
2.390
2.475
2.555
2.650
2.740
2.775
2.875
2.945
3.100
3.175
3.275
3.375
3.430
3.485
3.900
3.990
4.080
4.135
4.215
4.320
4.515
4.620
4.695
4.790
4.890
4.970
5.030
5.095
5.180
5.240
5.320
5.515
5.640
5.735
5.790
5.860
5.955
6.035
6.100
6.170
6.240
6.305
6.400
6.480
6.575
6.610
6.670
7.710
7.745
7.815
7.905
8.020
8.125
8.185
8.230
8.340
8.425
8.490
8.530
8.650
8.725
8.825
8.985
9.065
9.170
9.215
9.285
9.345
9.380
9.465
9.555
9.650
9.760
9.825
9.875
9.970
10.045
10.135
10.215
10.290
10.360
10.510
10.605
10.730
10.855
10.915
11.010
11.165
11.255
11.305
11.395
11.555
11.595
11.665
11.725
11.760
11.840
11.995
12.055
12.135
12.205
12.300
12.380
12.470
12.525
12.600
12.660
12.725
12.840
12.945
13.005
13.090
13.230
13.340
13.385
13.450
13.505
13.590
13.700
13.840
13.925
14.030
14.085
14.160
14.270
14.305
14.375
14.560
14.600
14.740
14.800
14.850
14.905
14.970
15.050
15.095
