0.455
0.530
0.580
0.910
0.950
1.115
1.210
1.350
1.475
1.545
1.680
1.825
2.065
2.145
2.270
2.420
2.620
2.655
2.775
2.920
2.985
3.110
3.215
3.645
3.685
3.880
4.055
4.265
4.350
4.515
4.605
4.760
4.915
5.185
5.315
5.385
5.920
6.145
6.395
6.515
6.560
6.635
7.485
7.545
7.790
8.055
8.205
8.275
8.680
8.840
9.200
9.375
9.545
10.300
10.350
10.490
10.655
10.855
11.155
11.255
11.510
12.440
12.620
13.090
13.430
14.045
14.290
14.405
14.780
15.025
15.325
15.590
25.600
26.015
27.250
27.600
27.770
28.280
28.440
28.770
28.910
29.230
29.285
29.600
29.655
29.830
29.920
30.230
30.390
30.495
30.530
30.645
30.840
30.895
31.005
31.195
31.490
33.215
33.405
33.750
33.880
34.390
34.900
35.080
35.255
35.305
35.410
35.475
35.590
35.890
36.055
36.265
36.525
36.695
37.405
38.540
39.020
39.170
39.255
39.555
39.825
40.335
40.490
40.860
41.555
41.735
41.915
42.440
42.620
42.740
42.800
43.105
43.320
43.735
43.795
43.920
44.075
44.370
44.420
44.565
44.650
44.885
44.970
45.060
45.145
45.240
45.330
45.430
45.540
45.620
45.745
45.800
45.930
45.980
46.115
46.165
46.505
46.725
46.880
47.065
47.240
47.410
47.480
47.590
47.670
47.780
47.850
47.965
48.155
48.245
48.310
