0.270
0.420
1.490
1.660
1.950
5.170
5.530
5.940
8.180
11.340
12.100
12.340
12.630
13.740
13.940
14.140
14.360
14.570
16.150
16.450
18.280
18.490
19.320
19.770
19.990
20.210
20.680
20.910
21.170
23.540
23.710
23.850
24.000
24.150
24.280
24.380
24.560
24.800
24.960
25.150
25.260
25.440
25.550
25.710
25.850
25.990
26.310
27.690
27.860
28.030
28.220
28.380
28.610
28.870
29.030
29.310
30.600
30.820
31.020
33.550
33.710
33.890
34.000
34.190
34.420
34.590
34.740
34.920
37.830
38.970
39.040
39.300
40.030
40.270
40.460
40.640
40.850
41.740
42.090
42.320
44.640
45.190
46.820
46.980
47.110
50.060
50.150
50.240
50.410
50.490
50.910
51.070
52.240
52.390
53.230
53.450
53.720
53.790
54.130
54.300
55.120
55.300
55.650
55.800
56.000
56.150
56.450
56.550
56.830
57.070
57.820
58.030
58.170
58.370
58.540
58.750
59.340
59.530
59.830
59.910
