0.190
2.410
2.600
2.790
3.640
3.840
4.010
4.200
4.360
4.640
5.440
5.890
6.050
6.210
6.380
6.550
6.940
8.410
8.590
8.770
9.660
10.000
10.190
10.370
10.570
10.760
11.030
11.250
11.420
11.610
12.510
12.670
12.860
13.030
13.250
13.630
13.820
13.990
14.380
15.100
15.860
16.150
16.830
17.320
18.130
20.990
21.710
21.880
22.050
22.220
22.380
23.910
27.990
30.280
30.410
31.190
31.360
31.530
32.260
32.930
33.650
34.300
37.100
38.430
38.600
38.770
39.100
39.430
39.610
39.930
40.090
40.230
40.570
41.010
41.380
41.890
42.210
42.560
42.730
42.900
43.060
45.960
47.250
48.170
48.360
48.500
48.680
48.820
48.860
49.080
49.230
49.390
49.580
49.810
49.990
50.380
50.560
51.140
52.090
52.260
52.410
52.560
52.720
52.880
53.040
53.190
53.510
54.470
55.240
55.400
55.550
55.680
56.000
56.340
56.730
58.250
58.460
59.100
59.250
59.770
60.600
60.950
61.500
