0.170
0.360
0.560
0.760
0.970
1.160
1.370
1.560
1.770
1.960
2.170
2.370
2.570
2.770
2.970
3.160
3.370
3.570
3.770
3.970
4.170
4.370
4.570
4.760
4.970
5.170
5.370
5.570
5.770
5.970
6.170
6.370
6.570
6.770
6.830
6.970
7.170
7.370
7.570
7.770
7.970
8.170
8.370
8.570
8.770
8.970
9.170
9.370
9.570
9.770
9.970
10.170
10.300
10.380
10.570
10.650
10.770
10.970
11.170
11.370
11.580
11.680
11.780
11.970
12.180
12.380
12.570
12.730
12.770
12.980
13.070
13.180
13.370
13.580
13.770
13.970
14.180
14.370
14.460
14.570
14.770
14.980
15.160
15.380
15.500
15.580
15.780
15.850
15.980
16.180
16.380
16.540
16.580
16.780
16.980
17.180
17.230
17.380
17.580
17.780
17.930
17.980
18.180
18.380
18.580
18.620
18.780
18.980
19.180
19.310
19.380
19.580
19.780
19.980
20.180
20.380
20.580
20.780
20.980
21.180
21.380
21.580
21.780
21.980
22.180
22.380
22.580
22.780
22.980
23.180
23.380
23.570
23.670
23.770
23.870
23.980
24.070
24.180
24.280
24.370
24.480
24.580
24.670
24.780
24.870
24.980
25.070
25.180
25.390
