0.990
1.170
1.290
1.410
1.540
1.660
1.710
1.780
1.890
2.010
2.130
2.240
2.370
2.420
2.490
2.600
2.730
2.780
2.850
2.960
3.090
3.140
3.310
3.490
3.790
3.830
4.200
4.560
4.800
4.890
4.930
5.100
5.180
5.810
5.990
6.160
6.280
6.340
6.690
7.020
7.060
7.410
7.760
7.800
7.950
8.060
8.100
8.830
9.190
9.370
9.410
9.530
9.900
10.260
10.620
10.800
10.970
11.330
11.510
11.680
12.050
12.380
12.760
12.950
13.120
13.160
13.470
13.570
13.650
14.180
14.360
14.530
14.890
15.230
15.550
15.710
15.870
15.950
16.120
16.190
16.260
16.340
16.430
16.960
17.100
17.310
17.400
17.440
17.730
18.020
18.140
18.330
18.380
18.640
18.780
18.850
19.360
19.520
19.750
19.840
20.000
20.180
20.220
20.520
20.900
21.290
21.490
21.700
21.740
22.110
22.200
22.550
22.990
23.400
23.450
23.890
24.330
24.430
24.620
24.790
24.900
25.230
25.450
25.570
25.820
25.900
26.110
26.340
26.560
26.790
27.000
27.230
27.440
27.640
27.740
27.840
27.940
28.030
28.130
28.220
28.400
28.570
28.750
28.930
29.100
29.280
29.650
29.810
30.000
30.180
30.270
30.360
30.540
30.630
30.720
30.890
30.980
31.070
31.250
31.430
31.610
31.780
31.950
32.130
32.300
32.490
32.660
32.840
33.020
33.210
33.390
33.480
33.570
33.660
33.740
33.830
33.930
34.100
34.270
34.460
34.640
34.810
34.980
35.170
35.350
35.520
35.710
35.880
36.060
36.240
36.420
36.600
36.770
36.950
37.130
37.290
37.470
37.660
37.830
38.020
38.190
38.370
38.560
38.730
