0.120
0.270
2.340
2.930
4.300
4.770
6.110
6.830
7.340
7.720
8.340
8.460
8.700
9.100
9.590
9.750
9.830
9.970
10.200
10.410
10.590
10.720
10.840
11.060
11.590
12.170
12.700
12.930
13.140
13.300
13.490
13.660
13.890
14.210
14.250
14.560
14.660
14.910
15.400
15.910
16.160
16.360
17.580
18.130
18.400
18.650
18.910
19.090
19.260
19.670
19.800
19.930
20.150
20.330
20.470
20.610
20.740
20.890
20.930
21.170
21.750
21.790
22.320
22.510
23.360
23.640
23.780
23.930
24.260
24.320
24.810
24.930
25.330
25.920
26.090
26.360
26.580
26.620
26.840
27.290
27.430
27.680
27.920
28.530
28.650
28.860
28.940
29.130
29.440
29.760
29.910
29.950
30.540
30.650
30.740
30.850
30.940
31.250
31.350
31.950
32.280
32.610
32.880
32.950
33.040
33.180
33.300
33.470
33.960
34.440
34.570
34.680
34.810
34.950
35.140
35.290
35.440
35.850
36.240
36.960
37.090
37.210
37.340
37.470
37.600
37.710
37.830
38.060
38.250
38.330
38.600
38.840
38.980
39.050
39.200
39.350
39.710
39.800
39.880
39.960
40.570
40.970
41.130
41.270
41.670
41.780
41.980
42.220
42.380
42.850
42.980
43.310
43.660
43.980
44.250
44.650
44.820
45.480
45.610
45.700
45.790
45.920
46.390
46.980
47.140
47.510
47.630
47.980
48.170
48.420
48.610
48.870
49.020
49.170
49.490
49.650
49.900
50.070
50.190
50.280
50.390
50.750
50.850
51.250
52.000
52.320
52.420
52.700
52.830
52.990
53.260
53.510
53.920
54.030
54.310
54.550
54.750
55.020
55.410
56.000
56.260
56.520
57.010
57.220
57.510
57.890
58.000
58.230
58.430
58.580
58.700
58.920
59.260
59.510
59.630
59.930
60.020
60.110
60.210
60.280
60.420
60.620
60.820
60.920
61.020
61.080
61.190
61.350
61.520
61.680
61.850
62.030
62.270
62.410
62.520
62.770
62.880
63.110
63.280
63.370
63.530
63.650
63.770
63.930
64.280
64.530
64.600
64.780
64.830
65.000
65.290
65.370
65.540
65.700
66.050
66.240
67.070
67.330
67.400
67.700
67.810
68.330
68.540
68.650
68.750
68.790
68.870
68.970
69.150
69.230
69.800
69.910
70.420
70.660
70.750
71.050
71.120
71.710
71.950
72.020
72.300
72.490
72.660
73.050
73.140
73.340
73.550
73.790
73.970
74.080
74.170
74.250
74.390
74.800
75.010
75.230
75.420
75.730
76.420
76.690
76.900
77.100
77.310
77.420
77.830
77.940
78.040
78.150
78.260
78.360
78.460
78.570
78.670
78.980
79.090
79.190
79.300
79.400
79.510
79.710
79.820
80.030
80.080
80.260
80.340
80.450
80.660
80.850
80.950
84.120
84.460
85.170
86.520
86.770
87.030
87.370
87.470
87.720
89.450
94.500
95.690
97.430
97.540
99.380
102.590
107.030
107.110
107.530
107.610
108.360
108.440
108.950
109.020
109.110
109.190
109.280
110.110
110.610
110.690
110.860
111.020
111.450
111.600
111.690
112.180
112.270
112.360
112.440
112.520
112.600
112.690
113.270
113.360
113.440
113.520
113.770
113.850
113.930
114.020
114.110
114.180
114.270
114.350
114.440
114.530
114.600
114.690
114.940
115.020
115.100
115.190
115.270
115.360
115.440
115.520
115.610
115.690
115.780
115.860
115.940
116.020
116.100
116.190
116.440
116.520
116.610
116.690
116.770
116.860
116.940
117.020
117.110
117.180
117.270
117.350
117.440
117.520
117.610
117.690
117.770
117.860
117.940
118.020
118.110
118.190
118.450
118.520
118.610
118.690
118.770
118.860
118.950
119.020
119.120
119.190
119.280
119.360
119.620
119.690
119.950
120.020
120.120
120.190
120.280
120.360
120.450
120.530
120.610
120.700
120.950
121.030
121.110
121.190
121.280
121.360
121.460
121.530
121.790
121.860
121.950
122.030
122.110
122.190
122.290
122.370
122.460
122.530
122.620
122.690
122.780
122.860
122.950
123.020
123.120
123.210
123.290
123.360
123.450
123.530
123.610
123.700
123.870
123.960
124.040
124.120
124.200
124.290
124.360
124.450
124.530
124.620
124.700
124.790
124.870
124.960
125.040
125.130
125.200
125.290
125.370
125.550
125.630
125.710
125.790
125.870
125.960
126.040
126.130
126.200
126.300
126.380
126.550
126.630
126.710
126.790
126.870
127.050
127.130
127.210
127.300
127.380
127.460
127.540
127.630
127.710
127.800
127.880
127.980
128.050
128.140
128.210
128.300
128.380
128.470
128.550
128.710
128.800
128.880
129.050
129.140
129.220
129.300
129.380
129.550
129.720
130.660
131.310
131.390
131.470
131.640
131.720
131.810
132.050
132.370
132.560
132.650
132.720
132.810
132.890
132.980
133.060
133.140
133.220
133.310
133.390
133.480
133.580
133.720
133.800
133.890
134.000
134.100
134.150
134.230
134.380
134.490
134.700
134.740
134.810
135.040
135.150
135.220
135.310
135.460
135.650
135.860
136.000
136.160
136.650
136.900
137.490
137.650
137.900
138.150
138.570
138.650
138.740
139.320
139.820
139.920
140.500
140.600
140.860
141.080
141.190
141.250
141.330
141.400
141.490
141.570
141.610
141.790
141.980
142.120
142.180
142.240
142.330
142.430
142.660
142.700
142.760
142.960
143.000
143.070
143.160
143.240
143.320
143.410
143.490
143.580
143.670
143.770
143.830
143.920
143.990
144.080
144.190
144.360
144.430
144.500
144.630
144.690
144.900
145.800
145.880
145.970
146.300
146.380
146.560
146.640
146.720
146.800
146.880
146.970
147.050
147.140
147.310
147.390
147.480
147.560
147.640
147.730
147.810
147.970
148.220
148.310
148.390
148.470
148.560
148.640
148.730
148.820
148.900
148.970
149.150
149.230
149.310
149.390
149.480
149.560
149.680
149.780
149.870
149.940
150.020
150.100
150.190
150.280
150.320
150.650
150.730
150.820
150.900
150.980
151.060
151.150
151.280
151.350
151.440
151.730
151.800
152.410
152.490
152.570
152.650
152.740
152.820
152.910
152.990
153.090
153.350
153.850
153.910
153.990
154.080
154.460
154.570
154.920
155.170
155.250
155.330
155.460
155.550
155.600
156.130
156.260
156.360
156.430
156.500
156.800
156.850
157.430
157.510
157.590
157.640
157.680
158.120
158.500
158.680
158.760
158.850
158.890
159.000
159.620
159.990
160.110
160.380
160.750
160.890
161.250
161.390
161.490
161.770
162.070
162.390
162.510
162.620
163.020
163.390
163.500
163.650
164.050
164.690
165.150
165.420
166.410
167.080
168.770
169.550
170.130
170.310
170.710
170.790
170.940
171.120
171.210
171.510
171.560
171.620
171.690
171.750
171.810
172.010
172.060
172.200
172.300
172.350
172.590
172.730
172.780
172.840
172.930
173.040
173.120
173.230
173.290
173.460
173.550
173.610
173.710
173.800
173.900
173.980
174.080
174.140
174.220
174.280
174.350
174.390
174.470
174.550
174.630
174.710
174.800
174.880
174.930
174.970
175.100
175.220
175.310
175.500
175.560
175.620
175.680
175.750
175.810
175.980
176.140
176.310
176.480
176.690
