0.140
0.190
0.280
0.340
0.410
0.470
0.540
0.590
0.670
0.730
0.800
0.860
0.930
1.000
1.060
1.120
1.310
1.380
1.640
1.760
1.890
2.010
2.140
2.290
2.410
2.550
2.650
2.780
2.820
2.900
3.000
3.140
3.250
3.380
3.490
3.620
3.740
3.880
4.000
4.130
4.260
4.390
4.520
4.640
4.750
4.880
5.010
5.150
5.260
5.390
5.510
5.630
5.760
5.890
6.000
6.140
6.280
6.400
6.520
6.650
6.770
6.900
7.010
7.140
7.270
7.370
7.490
7.620
7.730
7.870
7.990
8.120
8.250
8.380
8.500
8.610
8.730
8.780
8.870
8.990
9.120
9.230
9.370
9.490
9.620
9.740
9.870
9.990
10.110
10.240
10.380
10.500
10.620
10.750
10.880
10.990
11.120
11.230
11.380
11.500
11.630
11.760
11.880
12.010
12.130
12.250
12.380
12.500
12.620
12.720
12.780
12.870
12.990
13.120
13.240
13.370
13.490
13.620
13.750
13.880
13.990
14.140
14.260
14.390
14.510
14.620
14.760
14.880
15.000
15.130
15.240
15.380
15.500
15.620
15.740
15.880
15.990
16.120
16.240
16.370
16.480
16.600
16.730
16.860
16.990
17.130
17.240
17.380
17.500
17.610
17.730
17.870
17.990
18.110
18.230
18.360
18.490
18.600
18.740
18.860
18.990
19.120
19.240
19.350
19.480
19.570
19.710
19.760
19.840
19.970
20.090
20.220
20.350
20.480
20.590
20.720
20.770
20.850
20.990
21.110
21.230
21.350
21.480
21.590
21.720
21.860
21.980
22.110
22.230
22.360
22.480
22.610
22.740
22.870
22.980
23.110
23.230
23.370
23.490
23.610
23.730
23.860
23.980
24.110
24.230
24.370
24.490
24.600
24.730
24.790
24.870
25.010
25.130
25.250
25.380
25.500
25.610
25.730
25.860
25.970
26.100
26.230
26.360
26.480
26.590
26.720
26.850
26.980
27.110
27.220
27.350
27.470
27.590
27.710
27.840
27.960
28.080
28.220
28.340
28.470
28.570
28.700
28.760
28.840
28.950
29.100
29.250
29.360
29.480
29.590
29.720
29.850
29.980
30.100
30.230
30.360
30.490
30.610
30.730
30.850
30.980
31.110
31.240
31.360
31.480
31.600
31.710
31.840
31.960
32.090
32.220
32.350
32.460
32.580
32.720
32.840
32.980
33.100
33.220
33.350
33.480
33.580
33.720
33.840
33.960
34.100
34.230
34.360
34.480
34.600
34.720
34.860
34.980
35.110
35.230
35.360
35.490
35.600
35.710
35.760
35.860
36.000
36.120
36.240
36.360
36.480
36.590
36.720
36.780
36.870
37.010
37.130
37.240
37.360
37.490
