0.128455
0.258455
0.358455
0.484578
0.586619
0.716346
0.815031
0.943467
1.044328
1.174215
1.275077
1.402786
1.501471
1.632083
1.733671
1.859929
1.958614
2.088455
2.189362
2.316346
2.417208
2.548546
2.646505
2.775666
2.876528
3.003512
3.107276
3.233535
3.333671
3.461381
3.563693
3.691403
3.790814
3.921426
4.021562
4.148546
4.248682
4.378569
4.479430
4.608455
4.708002
4.838455
4.939476
5.063557
5.165145
5.293580
5.395893
5.523603
5.623739
5.752174
5.852310
5.982197
6.082333
6.210043
6.313081
6.440065
6.538455
6.668455
6.770224
6.898455
6.998455
7.128455
7.228455
7.355802
7.455938
7.582922
7.685235
7.813671
7.913807
8.042968
8.143829
8.271539
8.370950
8.498659
8.603875
8.728455
8.830269
8.956528
9.061743
9.188455
9.286687
9.416573
9.518455
9.644419
9.746006
9.872990
9.973127
10.101562
10.202424
10.330859
10.431721
10.560156
10.660292
10.790179
10.891766
11.018455
11.118161
11.248455
11.348909
11.478455
11.577480
11.708455
11.808455
