0.729
0.206
0.822
0.794
0.844
0.779
0.785
0.792
0.833
0.931
0.794
0.797
0.844
0.680
0.613
0.784
0.921
0.825
0.864
0.692
0.870
0.829
0.691
0.844
0.836
0.794
0.756
0.733
0.892
0.866
0.774
0.869
0.916
0.780
0.969
0.849
0.881
0.779
0.788
0.811
0.862
0.793
0.840
0.800
0.818
0.800
0.812
0.710
0.766
0.868
0.732
0.864
0.650
0.776
0.889
0.831
0.785
0.940
0.803
0.828
0.883
0.712
0.810
0.857
0.766
0.939
0.840
0.916
0.762
0.933
0.869
0.805
0.615
0.748
0.783
0.604
0.821
0.863
0.639
0.831
0.397
0.111
0.703
0.865
0.747
0.941
0.463
0.800
0.785
0.920
0.675
0.702
1.000
0.855
0.760
0.821
0.837
0.948
0.872
0.815
0.920
0.789
0.629
0.846
0.864
0.889
1.000
0.900
0.727
0.835
0.725
0.652
0.889
0.621
0.824
0.875
0.709
0.764
0.793
0.860
0.919
0.806
0.667
0.801
0.769
0.690
0.773
0.866
0.906
0.815
0.757
0.886
0.692
0.675
0.812
0.827
0.780
0.813
0.494
0.902
0.866
0.674
0.780
0.621
0.597
0.516
0.633
0.538
0.394
0.555
0.309
0.528
0.898
0.796
0.766
0.850
0.482
0.877
0.885
0.824
0.851
0.869
0.797
0.667
0.800
0.884
0.581
0.857
0.935
0.750
0.432
0.830
0.496
0.768
0.745
0.850
0.812
0.549
0.810
0.668
0.903
0.677
0.732
0.585
0.914
