0.010
0.280
1.585
1.955
3.745
5.195
5.545
5.870
5.945
8.005
8.180
11.290
11.350
12.110
12.340
12.630
13.250
13.555
13.750
14.170
14.385
14.575
16.150
16.460
16.665
17.950
18.300
19.325
19.780
20.000
20.220
20.485
20.705
20.930
21.190
23.040
23.555
23.970
24.015
24.170
24.285
24.405
24.580
24.690
24.725
24.820
24.980
25.145
25.270
25.445
25.710
25.995
26.225
26.550
27.700
28.040
28.240
28.395
28.565
28.630
28.790
29.020
29.315
30.610
30.810
30.845
31.045
32.970
33.565
33.890
34.110
34.200
34.440
34.615
34.765
34.940
37.565
37.655
37.835
38.980
39.030
39.305
39.695
40.045
40.280
40.600
40.660
40.845
41.615
41.755
42.095
42.320
44.660
45.125
46.825
46.995
50.070
50.255
50.425
50.925
51.065
52.210
52.405
53.235
53.455
53.740
54.105
54.155
54.275
55.060
55.130
55.325
55.515
55.660
55.810
56.005
56.140
56.355
56.450
56.820
57.075
57.455
57.625
57.685
58.050
58.180
58.390
58.555
58.775
59.070
59.350
60.325
