0.010
0.240
0.490
0.540
0.620
0.710
0.830
0.960
1.090
1.190
1.420
1.550
1.610
1.860
2.100
2.500
2.620
2.710
2.830
2.970
3.090
3.190
3.650
3.720
4.330
4.790
4.890
4.990
5.120
5.250
5.370
5.790
5.890
6.390
6.800
6.900
7.100
7.240
7.360
7.460
8.010
8.570
8.620
9.000
9.050
9.110
9.220
9.300
9.430
9.480
9.590
9.900
9.990
10.100
10.190
10.300
10.380
10.550
10.780
10.920
10.970
11.070
11.150
11.240
11.350
11.400
11.510
11.600
11.710
11.910
12.010
12.090
12.360
12.490
12.580
12.870
12.920
12.990
13.090
13.220
13.320
13.380
13.460
13.580
13.840
13.890
13.970
14.060
14.180
14.310
14.440
14.830
14.880
14.970
15.110
15.360
15.540
16.190
17.090
17.160
17.230
17.420
17.570
17.730
17.880
18.040
18.230
18.280
18.340
18.500
18.660
18.810
18.970
19.110
19.290
19.360
19.420
19.590
19.730
19.870
20.040
20.180
20.380
21.550
21.630
21.700
21.890
22.020
22.070
22.170
22.340
22.490
22.650
22.700
22.800
22.940
23.070
23.230
23.370
23.500
23.710
23.760
23.830
24.000
24.130
24.290
24.450
24.600
24.800
25.950
26.000
26.080
26.260
26.400
26.560
26.690
26.840
27.020
27.150
27.330
27.480
27.610
27.740
27.880
28.070
28.140
28.190
28.240
28.360
28.510
28.650
28.790
28.930
29.120
29.260
29.420
29.560
29.680
29.820
29.950
30.140
30.200
30.290
30.440
30.580
30.710
30.850
30.980
31.170
31.240
31.300
31.450
31.590
31.730
31.880
32.020
32.190
32.310
32.360
32.500
32.650
32.820
32.990
33.170
33.430
33.680
33.770
33.950
