0.300
0.420
0.520
0.650
0.750
0.870
0.970
1.190
1.320
1.420
1.540
1.640
1.770
1.870
1.990
2.090
2.220
2.320
2.440
2.540
2.670
2.770
2.890
2.990
3.120
3.210
3.340
3.440
3.570
3.660
3.790
3.890
4.010
4.110
4.240
4.340
4.460
4.560
4.690
4.780
4.910
5.010
5.130
5.230
5.360
5.460
5.580
5.680
5.810
5.910
6.030
6.130
6.260
6.360
6.480
6.580
6.710
6.800
6.930
7.030
7.160
7.250
7.380
7.480
7.600
7.700
7.830
7.930
8.050
8.150
8.280
8.370
8.500
8.600
8.720
8.820
8.950
9.050
9.170
9.270
9.400
9.500
9.620
9.720
9.850
9.950
10.070
10.170
10.300
10.390
10.520
10.620
10.750
10.840
10.970
11.070
11.190
11.290
11.420
11.520
11.640
