0.000
0.080
0.220
0.370
0.670
0.810
1.120
1.410
1.720
1.890
2.010
2.190
2.320
2.480
2.620
2.770
2.810
2.880
2.960
3.070
3.210
3.520
3.800
4.110
4.270
4.400
4.720
4.860
5.020
5.160
5.310
5.600
5.920
6.060
6.210
6.500
6.700
6.810
6.950
7.120
7.250
7.420
7.570
8.010
8.320
8.610
8.920
9.060
9.210
9.520
9.680
9.820
9.970
10.280
10.410
10.720
11.010
11.320
11.490
11.610
11.790
11.920
12.080
12.220
12.370
12.480
12.560
12.670
12.810
13.120
13.400
13.710
13.870
14.000
14.320
14.460
14.620
14.760
14.900
14.960
15.040
15.200
15.520
15.660
15.810
16.100
16.410
16.550
16.710
16.870
17.010
17.160
17.310
17.450
17.610
17.710
17.800
17.920
18.040
18.080
18.210
18.380
18.530
18.670
18.820
19.130
19.280
19.410
19.580
19.840
20.010
20.320
20.480
20.610
20.780
20.920
21.080
21.210
21.390
21.510
21.670
21.820
21.950
22.000
22.160
22.280
22.410
22.600
22.710
23.010
23.190
23.310
23.470
23.610
23.900
23.990
24.080
24.220
24.370
24.520
24.670
24.810
25.210
25.410
25.550
25.800
25.870
26.010
26.160
26.300
26.450
26.620
26.770
26.920
27.080
27.210
27.310
27.460
27.530
27.650
27.810
27.990
28.120
28.270
28.410
28.540
28.600
28.730
28.870
29.020
29.190
29.400
29.480
29.610
29.730
29.920
