0.000
0.350
0.520
0.690
0.870
1.030
1.240
1.380
1.540
1.710
1.880
2.050
2.220
2.400
2.570
2.610
2.680
2.740
2.920
2.970
3.240
3.340
3.420
3.600
3.750
3.960
4.100
4.270
4.440
4.710
4.780
4.950
5.120
5.320
5.460
5.670
5.820
5.970
6.140
6.320
6.480
6.830
7.000
7.160
7.350
7.500
7.680
7.830
7.950
8.050
8.190
8.370
8.540
8.700
8.870
9.040
9.210
9.390
9.560
9.720
9.900
10.220
10.400
10.570
10.760
10.800
10.910
11.090
11.420
11.590
11.770
11.930
12.100
12.280
12.390
12.450
12.620
12.780
12.950
13.130
13.170
13.300
13.470
13.620
13.810
14.150
14.320
14.450
14.670
14.890
15.010
15.170
15.340
15.680
15.850
16.040
16.100
16.150
16.360
16.640
16.880
16.930
17.040
17.390
17.450
17.730
17.900
18.080
18.280
18.400
18.590
18.750
18.920
19.000
19.090
19.210
19.430
19.600
19.660
19.770
19.950
20.110
20.270
20.440
20.620
20.760
20.800
20.960
21.130
21.300
21.360
21.480
21.640
21.810
22.170
22.320
22.490
22.840
23.190
23.340
23.520
23.680
23.850
24.030
24.210
