0.010
0.320
0.650
0.820
0.990
1.090
1.150
1.320
1.500
1.650
1.820
1.990
2.160
2.310
2.500
2.660
2.840
2.990
3.160
3.320
3.490
3.660
3.830
3.980
4.150
4.470
4.770
4.820
4.890
5.110
5.310
5.400
5.480
5.780
6.110
6.230
6.470
6.640
6.820
7.120
7.420
7.790
7.970
8.060
8.150
8.480
8.780
8.970
9.150
9.300
9.480
9.650
9.820
9.980
10.140
10.270
10.310
10.480
10.650
10.820
10.980
11.160
11.310
11.480
11.640
11.820
11.980
12.140
12.310
12.480
12.640
12.810
12.980
13.150
13.310
13.480
13.640
13.810
13.970
14.150
14.310
14.470
14.640
14.810
15.120
15.440
15.600
15.810
15.970
16.140
16.460
16.820
16.960
17.210
17.300
17.390
17.470
17.810
18.160
18.340
18.520
18.630
18.800
19.150
19.490
19.610
19.760
19.870
19.970
20.140
20.310
20.480
20.630
20.810
20.980
21.140
21.300
21.470
21.630
21.810
21.970
22.150
22.310
22.470
22.640
22.810
22.970
23.140
23.300
23.470
23.640
23.800
23.970
24.140
24.310
24.480
24.630
24.710
24.800
24.970
25.140
25.300
25.480
25.640
25.820
25.970
26.140
26.300
26.470
26.630
26.690
26.820
26.960
27.140
27.300
27.470
27.630
27.800
27.950
28.160
28.300
28.470
28.630
28.800
28.970
29.080
29.140
29.300
29.470
29.630
29.810
