0.050
0.250
0.360
0.450
0.650
0.860
0.960
1.260
1.370
1.460
1.570
1.670
1.880
2.070
2.270
2.480
2.580
2.690
2.880
2.990
3.090
3.200
3.290
3.500
3.690
3.890
3.940
4.100
4.200
4.320
4.510
4.710
4.820
4.910
5.120
5.330
5.420
5.520
5.730
5.830
6.130
6.250
6.340
6.440
6.540
6.840
6.940
7.140
7.350
7.450
7.760
7.960
8.160
8.370
8.570
8.760
8.980
9.070
9.370
9.580
9.780
9.990
10.180
10.390
10.590
10.860
11.000
11.110
11.200
11.310
11.400
11.610
11.820
12.010
12.210
12.310
12.620
12.730
12.830
12.920
12.960
13.030
13.230
13.430
13.630
13.840
13.940
14.060
14.240
14.350
14.450
14.560
14.650
14.860
15.060
15.250
15.470
15.560
15.670
15.870
16.080
16.180
16.280
16.590
16.680
16.790
16.890
17.090
17.190
17.300
17.490
17.600
17.700
17.800
17.910
18.000
18.110
18.220
18.320
18.410
18.510
18.620
18.720
18.820
18.920
19.120
19.230
19.330
19.420
19.530
19.630
19.930
20.140
20.240
20.340
20.540
20.640
20.850
21.040
21.160
21.360
21.550
21.760
21.970
22.020
22.070
22.270
22.370
22.570
22.780
22.980
23.090
23.180
23.380
23.580
23.790
23.830
24.000
24.090
24.200
24.400
24.600
24.710
24.810
25.010
25.110
25.220
25.320
25.420
25.520
25.620
25.820
25.930
26.020
26.320
26.430
26.630
26.830
26.930
27.150
27.240
27.340
27.450
27.650
27.850
27.960
28.050
28.250
28.460
28.560
28.770
28.860
29.070
29.180
29.270
29.580
29.680
29.880
