0.030
0.170
0.740
1.180
1.640
1.680
2.170
2.660
2.970
3.120
4.280
4.420
4.460
4.570
5.040
5.110
5.500
5.850
5.990
6.490
6.800
6.940
7.260
7.400
7.870
8.200
8.340
8.380
8.560
8.660
8.820
9.170
9.300
9.590
9.780
10.080
10.230
10.680
10.900
11.030
11.200
11.460
11.650
11.770
12.170
12.460
12.670
12.820
12.960
13.000
13.120
13.450
13.630
13.910
14.120
14.400
14.560
14.930
15.070
15.110
15.400
15.550
15.870
15.910
16.020
16.340
16.530
16.660
16.800
16.970
17.290
17.430
17.550
17.670
17.760
17.800
17.940
18.000
18.160
18.230
18.270
18.380
18.450
18.580
18.710
18.750
18.870
18.910
19.120
19.360
19.410
19.710
20.030
20.180
20.310
20.350
20.720
20.810
20.870
20.920
21.130
21.240
21.380
21.600
21.660
21.760
22.080
22.240
22.490
22.570
22.690
23.000
23.170
23.270
23.660
23.700
23.960
24.120
24.410
24.450
24.570
24.610
24.910
25.110
25.360
25.510
25.810
25.950
26.030
26.330
26.400
26.440
26.520
26.780
26.920
27.020
27.130
27.300
27.390
27.790
27.890
28.240
28.370
28.680
28.830
28.870
29.630
29.670
