1.000
1.200
1.310
1.730
2.270
2.440
2.790
3.150
3.450
3.520
3.810
3.850
4.160
4.330
4.610
4.910
4.950
5.210
5.530
5.830
6.000
6.180
6.290
6.380
6.710
6.780
6.870
7.040
7.420
7.460
7.780
7.820
7.960
8.080
8.120
8.330
8.510
8.700
8.850
9.210
9.410
9.450
9.560
9.920
10.210
10.280
10.460
10.810
10.990
11.340
11.550
11.700
12.070
12.400
12.510
12.670
12.820
12.900
13.090
13.180
13.680
13.850
13.970
14.200
14.550
14.730
14.910
15.240
15.360
15.400
15.570
15.730
15.890
16.220
16.360
16.450
16.590
16.980
17.120
17.330
17.410
17.470
17.680
17.750
18.040
18.160
18.350
18.390
18.670
18.780
18.890
19.010
19.410
19.540
19.870
20.010
20.200
20.240
20.540
20.580
20.910
21.310
21.510
21.750
22.030
22.160
22.220
22.360
22.570
23.020
23.420
23.460
23.600
23.910
24.350
24.390
24.640
24.810
24.920
25.240
25.380
25.460
25.830
25.890
25.930
26.130
26.430
26.580
26.810
26.920
27.020
27.250
27.460
27.660
27.860
28.050
28.150
28.250
28.410
28.600
28.640
28.770
28.950
29.120
29.300
29.500
29.670
29.830
30.010
30.200
30.380
30.560
30.730
30.910
31.090
31.270
31.450
31.620
31.800
31.970
32.150
32.330
32.500
32.680
32.860
33.050
33.230
33.410
33.590
33.760
33.850
33.950
34.120
34.290
34.480
34.650
34.830
35.000
35.190
35.370
35.530
35.720
35.900
36.080
36.260
36.430
36.790
36.960
37.150
37.310
37.490
37.670
37.850
38.030
38.210
38.390
38.570
38.750
