0.345
0.000
0.387
0.600
0.438
0.477
0.365
0.091
0.419
0.550
0.147
0.338
0.545
0.290
0.360
0.311
0.596
0.321
0.500
0.235
0.425
0.093
0.349
0.211
0.350
0.353
0.500
0.368
0.250
0.194
0.232
0.500
0.397
0.217
0.357
0.291
0.107
0.173
0.108
0.200
0.203
0.242
0.210
0.227
0.176
0.120
0.179
0.241
0.410
0.274
0.139
0.521
0.272
0.111
0.351
0.240
0.182
0.479
0.317
0.303
0.155
0.070
0.303
0.127
0.123
0.776
0.310
0.342
0.508
0.648
0.472
0.443
0.028
0.070
0.500
0.298
0.687
0.423
0.330
0.418
0.129
0.088
0.500
0.351
0.368
0.816
0.127
0.578
0.901
0.352
0.455
0.250
0.687
0.484
0.630
0.844
0.561
0.809
0.727
0.611
0.699
0.330
0.438
0.214
0.521
0.556
0.800
0.582
0.464
0.686
0.659
0.247
0.767
0.462
0.433
0.867
0.329
0.240
0.550
0.455
0.595
0.528
0.552
0.287
0.523
0.020
0.340
0.583
0.357
0.494
0.176
0.086
0.181
0.332
0.129
0.404
0.130
0.221
0.055
0.747
0.380
0.359
0.187
0.067
0.191
0.274
0.200
0.250
0.036
0.050
0.095
0.042
0.556
0.538
0.279
0.177
0.286
0.639
0.529
0.464
0.519
0.554
0.406
0.143
0.300
0.565
0.021
0.356
0.545
0.091
0.029
0.383
0.093
0.266
0.190
0.466
0.430
0.246
0.433
0.431
0.720
0.275
0.442
0.273
0.818
