0.010
0.170
0.375
0.570
0.775
0.970
1.175
1.370
1.575
1.775
1.975
2.175
2.375
2.575
2.775
2.975
3.175
3.375
3.575
3.775
3.975
4.175
4.375
4.575
4.775
4.975
5.180
5.375
5.580
5.775
5.980
6.175
6.375
6.575
6.775
6.835
6.975
7.175
7.380
7.580
7.775
7.980
8.175
8.380
8.575
8.780
8.980
9.180
9.380
9.580
9.780
9.980
10.175
10.300
10.380
10.580
10.645
10.775
10.975
11.180
11.380
11.585
11.685
11.780
11.985
12.180
12.385
12.580
12.775
12.980
13.070
13.185
13.380
13.420
13.585
13.780
13.985
14.180
14.385
14.460
14.585
14.785
14.985
15.185
15.380
15.500
15.585
15.780
15.845
15.985
16.180
16.390
16.580
16.785
16.985
17.185
17.235
17.380
17.580
17.785
17.925
17.990
18.185
18.390
18.585
18.620
18.655
18.785
18.980
19.185
19.315
19.385
19.585
19.670
19.785
19.990
20.185
20.390
20.585
20.790
20.985
21.190
21.385
21.590
21.790
21.990
22.185
22.390
22.590
22.790
22.990
23.190
23.390
23.575
23.675
23.775
23.875
23.975
24.075
24.175
24.275
24.375
24.475
24.580
24.675
24.775
24.875
24.980
25.075
25.180
25.390
