0.065
0.245
0.455
0.680
0.855
1.040
1.250
1.440
1.620
1.825
1.860
2.060
2.225
2.445
2.625
2.850
3.010
3.070
3.205
3.260
3.430
3.620
3.800
3.855
4.005
4.050
4.200
4.235
4.455
4.610
4.820
4.855
4.995
5.205
5.415
5.600
5.780
5.990
6.185
6.390
6.630
6.765
7.160
7.200
7.365
7.565
7.750
7.800
7.925
7.980
8.145
8.350
8.570
8.720
8.880
8.920
8.980
9.115
9.345
9.530
9.700
9.895
10.100
10.150
10.290
10.660
10.740
10.870
11.045
11.115
11.265
11.315
11.420
11.460
11.835
11.915
12.000
12.165
12.415
12.490
12.585
12.775
13.000
13.055
13.250
13.385
13.555
13.615
13.815
13.995
14.165
14.355
14.575
14.825
14.940
15.005
15.135
15.340
15.535
15.760
15.925
15.975
16.135
16.240
16.370
16.525
16.760
16.910
16.995
17.135
17.185
17.305
17.475
17.535
17.735
17.930
17.990
18.090
18.305
18.540
18.720
18.905
18.955
19.085
19.125
19.340
19.510
19.700
19.735
19.795
19.885
19.920
20.115
20.300
20.470
20.680
20.930
20.980
21.100
21.280
21.320
21.490
21.670
21.905
22.085
22.290
22.480
22.685
22.780
22.840
22.880
22.915
23.070
23.285
23.455
23.665
23.705
23.820
23.865
24.045
24.290
24.365
24.465
24.635
24.825
24.860
24.975
25.065
25.205
25.255
25.450
25.620
25.830
26.005
26.055
26.165
26.375
26.430
26.660
26.770
26.825
27.000
27.165
27.395
27.570
27.725
27.970
28.165
28.335
28.410
28.515
28.590
28.700
28.910
28.980
29.040
29.120
29.280
29.315
29.500
29.625
29.705
