0.040
0.235
0.340
0.440
0.640
0.835
0.940
1.050
1.155
1.245
1.350
1.445
1.555
1.645
1.855
1.960
2.055
2.260
2.460
2.560
2.670
2.775
2.865
2.975
3.070
3.270
3.475
3.580
3.675
3.880
4.080
4.185
4.295
4.490
4.695
4.800
4.895
5.105
5.205
5.305
5.405
5.510
5.710
5.815
5.920
6.115
6.225
6.320
6.425
6.520
6.820
6.925
7.125
7.330
7.430
7.535
7.640
7.740
7.940
8.045
8.140
8.350
8.455
8.550
8.750
8.955
9.055
9.165
9.355
9.555
9.755
9.970
10.170
10.375
10.575
10.710
10.845
10.980
11.085
11.185
11.290
11.385
11.590
11.695
11.795
11.990
12.195
12.295
12.405
12.510
12.600
12.710
12.805
12.910
12.945
13.010
13.215
13.315
13.415
13.615
13.820
13.925
14.035
14.135
14.225
14.330
14.425
14.535
14.625
14.835
14.940
15.040
15.240
15.445
15.550
15.660
15.760
15.855
15.960
16.060
16.165
16.260
16.475
16.565
16.670
16.770
16.870
17.075
17.175
17.285
17.390
17.480
17.585
17.680
17.790
17.890
17.985
18.090
18.190
18.300
18.395
18.500
18.595
18.705
18.800
18.910
19.015
19.110
19.210
19.310
19.415
19.515
19.615
19.915
20.120
20.220
20.320
20.525
20.625
20.730
20.830
21.025
21.340
21.440
21.540
21.745
21.995
22.055
22.155
22.260
22.355
22.555
22.660
22.760
22.960
23.065
23.160
23.360
23.565
23.775
23.885
23.980
24.075
24.180
24.385
24.485
24.585
24.690
24.790
24.995
25.100
25.200
25.305
25.405
25.500
25.600
25.735
25.800
25.905
26.005
26.305
26.410
26.610
26.815
26.915
27.020
27.130
27.225
27.325
27.430
27.630
27.835
27.940
28.035
28.235
28.440
28.545
28.655
28.845
29.045
29.255
29.460
29.555
29.665
29.865
