0.270
1.575
1.640
1.950
3.960
5.185
5.465
5.540
5.860
5.935
7.995
8.170
8.340
11.280
11.340
12.065
12.105
12.330
12.620
13.240
13.545
13.740
14.140
14.325
14.565
16.140
16.430
16.650
17.940
18.035
18.290
19.315
19.770
19.990
20.210
20.405
20.475
20.630
20.920
21.180
23.545
23.725
23.960
24.005
24.165
24.275
24.390
24.540
24.675
24.810
24.970
25.135
25.260
25.435
25.540
25.695
25.985
26.145
26.220
26.305
26.540
26.760
27.690
28.035
28.235
28.385
28.555
28.615
28.780
29.010
29.310
30.600
30.805
31.015
32.960
33.555
33.885
34.100
34.190
34.430
34.605
34.740
34.935
37.575
37.650
37.825
38.970
39.020
39.290
39.685
40.035
40.265
40.590
40.650
40.840
41.605
41.745
42.085
42.310
44.650
44.940
45.115
46.810
46.985
50.060
50.240
50.415
50.915
51.055
52.200
52.395
53.225
53.440
53.610
53.730
54.095
54.265
55.050
55.120
55.315
55.505
55.650
55.800
55.995
56.130
56.345
56.440
56.810
57.000
57.065
57.445
57.615
57.675
58.020
58.145
58.380
58.545
58.740
58.875
59.140
59.340
59.965
60.135
60.315
