0.150
0.510
1.245
3.095
3.465
4.200
6.055
6.420
7.165
9.015
9.385
9.785
10.125
10.355
10.505
11.560
11.675
11.975
12.345
13.085
14.245
14.935
15.195
15.305
15.660
15.985
16.045
16.325
16.370
16.880
17.140
17.320
17.495
17.900
18.270
19.005
20.860
21.125
21.230
21.610
21.970
22.385
23.120
23.355
23.540
23.815
24.190
25.295
25.670
26.060
26.210
26.480
26.790
27.155
28.255
28.625
29.000
29.470
29.745
30.115
30.850
32.700
33.070
33.470
33.815
34.220
35.655
36.025
36.400
36.770
37.150
37.515
37.885
38.270
38.620
38.990
39.360
39.730
40.100
40.140
40.650
40.840
41.240
41.595
41.950
42.320
42.690
43.065
43.435
43.800
44.205
44.545
44.905
45.280
45.665
46.020
46.390
46.755
47.170
47.505
47.875
48.235
48.610
48.970
49.350
49.430
49.715
50.095
50.270
50.465
50.830
51.205
51.570
51.830
51.940
52.320
52.390
52.685
53.055
53.200
53.425
53.795
54.035
54.150
54.535
54.890
55.260
55.640
56.010
56.380
56.750
57.110
57.310
57.485
57.855
58.230
58.580
58.975
59.345
59.715
60.080
60.450
60.830
61.190
61.540
61.925
62.305
62.745
63.025
63.410
64.165
64.525
64.930
64.985
65.265
65.990
66.725
67.360
67.465
67.990
68.210
68.595
68.955
69.525
69.690
70.060
70.420
70.615
71.160
71.210
71.920
72.340
72.645
73.025
73.400
73.745
74.135
74.580
74.875
75.310
75.610
75.970
76.010
76.205
76.365
76.740
76.850
77.095
77.140
77.825
78.230
78.580
79.320
79.785
80.055
80.090
80.455
80.630
80.810
81.195
81.550
81.915
82.280
82.665
83.015
83.055
83.755
84.135
84.215
84.495
84.875
85.235
85.620
85.880
85.985
86.470
86.710
87.135
87.230
87.450
87.825
88.195
88.615
88.945
89.390
89.670
90.090
90.415
90.800
91.150
91.325
91.900
92.250
92.455
92.655
93.035
93.390
93.760
94.125
94.865
95.600
96.045
96.340
96.715
96.805
97.080
97.415
97.480
97.585
97.820
98.210
98.350
98.485
98.555
98.745
98.945
99.125
99.305
99.665
100.030
100.075
100.430
100.790
101.525
102.265
102.305
102.510
103.010
103.455
103.680
103.760
103.990
104.220
104.480
104.855
105.230
105.610
105.965
106.355
106.690
107.100
107.880
108.910
109.415
109.665
110.120
110.455
112.605
112.675
113.395
113.500
113.755
114.450
115.220
115.555
