0.411000
0.698044
0.980000
1.256978
1.540000
1.564000
1.824444
1.843000
1.936800
2.087000
2.114000
2.397000
2.659000
2.672000
2.964000
3.205000
3.246000
3.533000
3.795000
3.810000
4.102000
4.204000
4.381000
4.673000
4.936000
5.225000
5.510000
5.559000
5.793000
6.058000
6.079000
6.366000
6.569000
6.605000
6.646000
6.653000
6.929000
6.954000
7.026000
7.103000
7.207000
7.313000
7.448000
7.488000
7.524000
7.774000
7.861000
7.924000
7.997000
8.061000
8.129000
8.199000
8.273000
8.341000
8.414000
8.477000
8.548000
8.617000
8.693000
8.762000
8.833000
8.874400
8.910000
8.998000
9.155000
9.198000
9.478000
9.495000
9.627000
9.761000
