0.228711
0.358133
0.498000
0.602756
0.716533
0.857333
0.963000
1.053600
1.121000
1.189000
1.268000
1.336622
1.440000
1.514000
1.772000
1.824000
2.140000
2.202000
2.434000
2.466000
2.709000
2.865000
2.886000
2.953000
3.022000
3.337000
3.384000
3.599000
3.713000
3.807022
3.941000
4.034000
4.174000
4.270000
4.404000
4.529000
4.639000
4.724000
4.800000
4.897000
4.990000
5.102000
5.183000
5.219000
5.480000
5.649000
5.855000
6.085000
6.122000
6.781000
7.012000
7.075000
7.256000
7.522000
7.706000
7.743000
7.953956
7.979000
8.385000
8.422000
8.723000
8.784800
8.843000
8.891000
9.136000
9.156000
9.479000
9.541000
9.600000
9.772000
9.797000
9.835000
