0.200000
0.383733
0.405067
0.494667
0.759200
0.776267
0.961000
1.049000
1.317000
1.612000
1.649000
1.816000
1.913000
1.944000
2.198000
2.417000
2.500000
2.707000
2.765000
3.070311
3.229000
3.317000
3.364000
3.620711
3.650000
3.904000
4.187000
4.218000
4.465511
4.776000
5.057000
5.216000
5.255000
5.350000
5.527356
5.629000
5.913000
6.196000
6.400000
6.492000
6.763000
6.789000
6.994000
7.079000
7.295733
7.355467
7.554000
7.637000
7.658000
7.825000
7.914000
8.045000
8.198000
8.481000
8.666000
8.781000
9.068000
9.212000
9.267000
9.341000
9.371000
9.546000
9.631000
9.921000
9.942000
