0.250044
0.302000
0.349600
0.394000
0.419000
0.444000
0.473000
0.502000
0.524533
0.550133
0.579289
0.641156
0.788356
0.902133
1.052178
1.091289
1.141067
1.172356
1.201000
1.428000
1.451111
1.713000
1.735556
1.760444
1.794178
1.921156
2.000089
2.016444
2.184000
2.296000
2.590311
2.760000
2.902000
3.043289
3.162044
3.339822
3.457156
3.467111
3.509000
3.747289
4.033000
4.208800
4.227000
4.317600
4.601333
4.656000
4.880089
5.163000
5.346000
5.369000
5.453000
5.731000
5.777000
6.007000
6.294000
6.463000
6.590000
6.812000
6.875000
7.144000
7.434000
7.707000
7.992000
8.013956
8.039556
8.174000
8.227000
8.286000
8.566000
8.588000
8.687000
8.774000
8.855911
9.136000
9.412000
9.695000
9.854000
9.951000
9.980000
