0.255000
0.315467
0.421000
0.550000
0.572000
0.722000
0.874000
1.003822
1.030844
1.197244
1.354000
1.481000
1.505000
1.659000
1.820000
1.935000
1.983000
2.146000
2.303000
2.461000
2.552622
2.617000
2.764000
2.898222
2.933000
3.090222
3.255000
3.364711
3.396000
3.494133
3.560000
3.713156
3.839000
3.873867
4.039000
4.195000
4.353000
4.492000
4.508000
4.637600
4.795000
4.824000
4.980356
5.138000
5.284711
5.450000
5.605000
5.764000
5.929000
5.953000
6.223000
6.253000
6.338578
6.402000
6.550000
6.654311
6.716000
6.775000
6.874000
7.028000
7.152000
7.181000
7.312800
7.342667
7.486311
7.607200
7.658400
7.823000
7.977000
8.127733
8.292000
8.590000
8.608000
8.723000
8.769000
8.922000
9.070000
9.235000
9.385000
9.547000
9.713000
9.864267
