0.228000
0.255000
0.676711
0.708000
1.154000
1.171644
1.198000
1.868000
1.883000
2.090400
2.131000
2.406000
2.556889
2.594000
2.845000
3.020000
3.050000
3.104000
3.313511
3.479000
3.501000
3.700000
3.746000
3.926000
3.974000
4.187000
4.228000
4.376000
4.439000
4.690000
4.834000
4.882222
5.297000
5.329000
5.510844
5.560000
5.773956
5.793867
5.816000
6.069000
6.233000
6.488000
6.694000
6.962933
7.137867
7.201000
7.374000
7.618000
7.844000
8.046667
8.316000
8.511000
8.959733
9.192000
9.242756
9.402044
