0.336800
0.424000
0.705000
0.912000
0.992444
1.022311
1.059000
1.276000
1.473000
1.561333
1.632444
1.834400
2.041000
2.120267
2.180000
2.378000
2.412000
2.551200
2.607000
2.706000
2.748000
2.969333
3.181000
3.238133
3.514044
3.551022
3.785689
4.078667
4.273511
4.341000
4.357422
4.378756
4.627644
4.833867
4.896000
4.937000
5.168089
5.399911
5.472444
5.543556
5.761000
5.820000
5.953156
6.039911
6.089689
6.322933
6.368444
6.559000
6.604533
6.815022
6.923000
7.125067
7.159200
7.204000
7.499111
7.813422
8.116356
8.384000
8.690933
9.015200
9.302489
9.584000
9.854311
9.891289
