0.217333
0.284178
0.510311
0.538756
0.634044
0.722222
0.923000
1.148000
1.180000
1.427000
1.468889
1.521511
1.631000
1.662000
1.894000
2.013600
2.097511
2.359000
2.474000
2.534133
2.566844
2.776000
3.000000
3.285000
3.387000
3.479000
3.738000
3.833000
3.933000
4.199000
4.290000
4.384000
4.619000
4.648000
4.747000
4.845000
5.120000
5.206000
5.288000
5.343000
5.562000
5.647000
5.744000
5.797000
6.010000
6.091000
6.179000
6.216000
6.424000
6.452000
6.565000
6.641000
6.697000
6.904000
6.990000
7.118000
7.370000
7.455000
7.555000
7.807000
7.911000
7.994000
8.032000
8.245000
8.479022
8.744000
8.845956
8.967000
9.186000
9.304000
9.402000
9.466044
9.657000
9.767556
9.861000
