0.279000
0.366667
0.395000
0.553000
0.660000
0.834578
0.933000
1.073000
1.132000
1.217156
1.247022
1.481000
1.522000
1.728000
1.816000
2.051000
2.109000
2.302000
2.395000
2.429000
2.621000
2.689000
2.864000
2.980000
3.169000
3.256000
3.286000
3.552444
3.566000
3.856000
3.879000
4.057000
4.148000
4.169000
4.452000
4.465000
4.631911
4.686000
4.739000
4.766000
4.999000
5.049000
5.064000
5.237000
5.342000
5.509000
5.549000
5.623000
5.804000
5.908000
5.923000
6.158000
6.204178
6.227000
6.392000
6.409000
6.489333
6.522000
6.716000
6.775000
6.802000
6.988000
7.083111
7.117000
7.296000
7.372000
7.577000
7.676178
7.952000
8.149000
8.256000
8.305000
8.500000
8.539000
8.558000
8.745000
8.765000
8.843000
8.855000
8.882000
9.129000
9.162000
9.198000
9.333000
9.387000
9.424000
9.469000
9.657000
9.724000
9.789000
9.918000
