0.481156
1.380711
1.608267
1.833689
1.946756
2.059822
2.172889
2.285956
2.512089
2.624444
2.738222
2.850578
2.964356
3.077422
3.189778
3.303556
3.416622
3.528978
3.643467
3.755111
3.868178
3.981956
4.093600
4.207378
4.321156
4.434222
4.548000
4.660356
4.773422
4.886489
5.003822
5.902667
6.130222
6.355644
6.469422
6.582489
6.694133
6.809333
7.034756
7.147822
7.260178
7.373956
7.487022
7.600800
7.713867
7.826222
7.940711
8.053067
8.166133
8.278489
8.391556
8.503911
8.618400
8.730044
8.844533
8.957600
9.070667
9.181600
9.295378
9.409156
9.525778
10.426756
10.652178
10.880444
10.992089
11.106578
11.219644
11.332711
11.558133
11.671200
11.785689
11.897333
12.011111
12.122756
12.237956
12.349600
12.462667
12.576444
12.688800
12.802578
12.914222
13.028000
13.141067
13.254844
13.366489
13.480267
13.594044
13.705689
13.818756
13.931822
14.049156
14.950844
15.176267
15.403111
15.514756
15.627822
15.742311
15.854667
16.080800
16.193867
16.307644
16.421422
16.533778
16.646133
16.759911
16.873689
16.986756
17.099111
17.212178
17.324533
17.439022
17.551378
17.665156
17.777511
17.890578
18.004356
18.116711
18.230489
18.342844
18.455200
18.574667
19.256622
19.474933
19.699644
19.925067
20.039556
20.152622
20.265689
20.377333
20.387289
20.605600
20.719378
20.832444
20.848089
20.944089
21.057867
21.171644
21.284000
21.396356
21.510133
21.622489
21.736267
21.849333
21.962400
22.076178
22.188533
22.300178
22.415378
22.528444
22.642222
22.753156
22.867644
22.980000
23.097333
23.996889
24.223022
24.449156
24.563644
24.676000
24.789067
24.902133
25.127556
25.241333
25.355822
25.466756
25.580533
25.693600
25.806667
25.918311
26.032800
26.145156
26.258222
26.372000
26.485778
26.597422
26.711911
26.823556
26.936622
27.051111
27.164178
27.275111
27.389600
27.502667
27.623556
28.303378
28.521689
28.745689
28.972533
29.085600
29.199000
29.312000
29.426000
29.652000
29.764000
29.878000
29.991000
30.105000
30.216000
30.331000
30.443000
30.556000
30.670000
30.784000
30.897000
31.008000
31.122000
31.235000
31.349000
31.461000
31.574000
31.688000
31.800000
31.913000
32.026000
32.144000
33.045000
33.270000
33.496000
33.610000
33.723000
33.835000
33.947000
34.174000
34.287000
34.400000
34.513000
34.628000
34.740000
34.852000
34.967000
35.080000
35.192000
35.306000
35.419000
35.532000
35.644000
35.758000
35.870000
35.984000
36.097000
36.211000
36.324000
36.436000
36.549000
36.665000
36.674000
36.898000
37.351000
37.569000
37.576000
37.794000
38.019000
38.132000
38.246000
38.252000
38.358000
38.472000
38.482000
38.699000
38.812000
38.926000
39.040000
39.153000
39.159000
39.265000
39.378000
39.490000
39.604000
39.716000
39.830000
39.942000
40.055000
40.167000
40.281000
40.394000
40.508000
40.622000
40.735000
40.847000
40.959000
41.071000
41.191000
42.090000
42.317000
42.542000
42.656000
42.768000
42.882000
42.996000
43.223000
43.335000
43.448000
43.561000
43.674000
43.789000
43.900000
44.014000
44.127000
44.240000
44.352000
44.465000
44.578000
44.690000
44.805000
44.917000
45.031000
45.143000
45.256000
45.369000
45.483000
45.596000
45.713000
45.721000
45.946000
46.397000
46.615000
46.623000
46.842000
47.066000
47.178000
47.293000
47.304000
47.406000
47.519000
47.528000
47.746000
47.858000
47.972000
47.986000
48.086000
48.197000
48.207000
48.310000
48.423000
48.535000
48.650000
48.761000
48.877000
48.989000
49.101000
49.215000
49.329000
49.440000
49.554000
49.666000
49.781000
49.894000
50.006000
50.120000
50.236000
51.136000
51.363000
51.590000
51.704000
51.816000
51.929000
52.042000
52.269000
52.382000
52.494000
52.608000
52.721000
52.833000
52.948000
53.060000
53.173000
53.286000
53.399000
53.513000
53.625000
53.738000
53.849000
53.964000
54.076000
54.189000
54.302000
54.416000
54.528000
54.642000
54.759000
54.768000
54.991000
55.210000
55.439000
55.662000
55.671000
55.888000
56.114000
56.226000
56.339000
56.348000
56.454000
56.569000
56.793000
56.905000
57.019000
57.131000
57.244000
57.251000
57.358000
57.471000
57.584000
57.697000
57.809000
57.923000
58.036000
58.148000
58.262000
58.377000
58.487000
58.602000
58.714000
58.828000
58.940000
