0.358133
0.740711
1.119022
1.308178
1.499400
1.692178
1.764000
1.881600
2.073333
2.263800
2.370578
2.455911
2.646000
2.832200
2.862667
2.998000
3.028200
3.214400
3.277000
3.385000
3.409000
3.600000
3.748000
3.792600
3.983000
4.177000
4.364000
4.557000
4.655000
4.709000
4.747000
4.818000
4.869000
4.939200
4.952000
5.128000
5.194000
5.324000
5.421000
5.507600
5.582000
5.703600
5.826000
5.889800
5.951000
6.056400
6.085800
6.193600
6.274000
6.370000
6.468000
6.656000
6.847000
7.036400
7.229000
7.419000
7.611000
7.698000
7.802000
7.876000
7.992000
8.183000
8.370000
8.565200
8.755000
8.947400
9.055000
9.133600
9.221800
9.329600
9.444000
9.494000
9.520000
9.711800
9.901000
10.094000
10.287000
10.405000
10.624000
10.666000
10.858400
10.948000
11.049000
11.238000
11.437000
11.622800
11.811000
12.005000
12.198000
12.387200
12.575000
12.593000
12.769400
12.867400
12.963000
13.063400
13.149000
13.249600
13.338000
13.531000
13.720000
13.911000
13.990000
14.102200
14.292000
14.484400
14.677000
14.727000
14.777000
14.846000
14.866600
15.013000
15.059000
15.248800
15.395800
15.444800
15.611400
15.631000
15.824000
16.013200
16.203000
16.397000
16.587000
16.777600
16.862000
16.973600
17.038000
17.159800
17.350000
17.541000
17.728200
17.905000
17.921000
18.065000
18.114000
18.268000
18.306400
18.464000
18.660000
18.686000
18.868000
18.874000
19.070800
19.227600
19.288000
19.453000
19.641000
19.676000
