0.450800
0.470400
0.799022
0.833156
1.156400
1.176000
1.342600
1.487378
1.519000
1.871800
2.214800
2.254000
2.587200
2.753800
2.910600
2.930200
3.273200
3.292800
3.626000
3.655400
3.988600
4.027800
4.341400
4.525244
4.733400
4.880400
5.076400
5.409600
5.438311
5.577689
5.772200
6.115200
6.154400
6.477800
6.526800
6.830600
6.869800
7.036400
7.212800
7.585200
7.771400
7.908600
7.938000
8.123467
8.271200
8.300600
8.467200
8.614200
8.643600
8.686667
8.996400
9.025800
9.290400
9.388400
9.417800
9.702000
10.035200
10.074400
10.231200
10.437000
10.574200
10.633000
10.760400
10.868200
11.121511
11.249511
11.456200
11.828600
11.848200
12.181400
12.563600
12.730200
12.877200
12.906600
