0.267000
0.289000
0.324000
0.572000
0.636000
0.885000
0.915000
1.169000
1.187000
1.796000
2.363000
2.377000
2.423000
2.706000
2.727000
3.344800
3.667644
3.934000
3.960622
4.245000
4.271378
4.572689
4.882222
5.179000
5.193689
5.516533
5.796711
5.806667
6.118000
6.386000
6.421000
6.689489
6.728689
7.032489
7.348000
7.604356
7.651000
7.953689
8.225867
8.254311
8.526000
8.554000
8.827000
8.847000
9.141778
9.453089
9.742000
10.044889
10.344978
10.638889
10.815289
10.952489
11.089689
11.111556
11.234000
11.258000
11.509000
11.542489
11.677689
11.809867
11.831000
11.995000
12.104000
12.134000
12.273511
12.306222
12.412689
12.442089
12.589089
12.684533
12.721511
12.883089
13.005000
13.175200
13.322000
13.456800
13.496000
13.614667
13.872889
13.912089
14.055000
14.186489
14.204000
14.358000
14.475111
14.514933
14.658578
14.790000
14.819289
