0.196000
0.431200
0.470400
0.747822
0.999600
1.140000
1.254400
1.499400
1.768000
2.028600
2.254000
2.273600
2.548000
2.578000
2.802800
3.067400
3.332000
3.567200
3.584000
3.848267
4.096400
4.341400
4.615800
4.632000
4.889333
5.135200
5.223400
5.360600
5.399800
5.640000
5.654000
5.927556
6.164200
6.262200
6.409200
6.683600
6.930000
7.173600
7.424000
7.683200
7.928200
8.176000
8.184000
8.437800
8.712200
8.978000
9.196000
9.218000
9.466800
9.490000
9.726000
9.751000
9.996000
10.241000
10.318000
10.464000
10.495800
10.780000
11.015200
11.299400
11.564000
11.818800
12.102844
12.328400
12.456000
12.583200
12.847800
13.104089
13.337800
13.377000
13.641600
13.874000
13.890000
14.118000
14.388000
14.624000
14.652000
14.924000
15.206000
15.419200
15.464000
15.706400
15.964200
16.483600
16.498000
17.042200
17.561600
17.790000
17.818000
17.836000
18.086000
18.102000
18.375000
18.620000
18.708200
18.852800
19.114000
19.134400
19.423600
19.649000
19.906000
19.923400
20.178200
20.442000
20.694000
20.805400
20.944000
21.212000
21.232000
21.500000
21.677600
21.726600
21.854000
22.001000
22.132000
22.238000
22.254000
22.524000
22.765400
23.016000
23.275000
23.680000
23.784600
24.019800
24.274600
24.304000
24.784200
24.803800
25.019400
