0.305511
0.333956
0.457689
0.525956
0.754600
1.181600
1.458933
1.599733
1.613956
1.855733
2.024978
2.038400
2.299467
2.457333
2.692000
2.892533
2.913867
3.243800
3.319200
3.577000
3.728800
3.743022
4.178222
4.616267
5.028711
5.122000
5.158000
5.196000
5.240000
5.306044
5.459644
5.472444
5.738400
5.894844
5.920444
6.183556
6.317244
6.330800
6.615911
6.752200
6.781600
6.950000
7.016800
7.183400
7.433689
7.480000
7.508000
7.594000
7.624400
7.908000
7.950000
8.006000
8.034000
8.065400
8.339800
8.477000
8.516200
8.759000
8.927800
9.206000
9.221000
9.360000
9.535400
9.649000
9.727000
9.786000
9.797000
10.152800
10.211600
10.495800
10.640000
11.067000
11.482000
11.501000
11.921000
12.200000
12.347000
12.355000
12.460000
12.630000
12.780000
12.789000
13.063400
13.214000
13.234000
13.429000
13.494000
13.597000
13.655000
13.694000
13.885000
13.925800
14.063000
14.494200
14.837000
14.909000
14.924000
14.959000
15.337000
15.572200
15.605000
15.738800
15.773000
15.874000
16.052400
16.213000
16.228800
16.303000
16.375000
16.500000
16.641000
17.054000
17.316600
17.473400
17.907000
17.938000
18.286800
18.318000
18.338000
18.694000
18.751000
18.800000
19.012000
19.181000
19.195000
19.464000
19.629400
19.720000
19.898000
20.051000
20.070000
20.289000
20.442000
20.483000
20.524000
20.776000
20.903400
21.340000
21.777000
22.193000
22.461600
22.576000
22.633000
22.663000
22.912400
23.068000
23.103000
23.353400
23.442000
23.490600
23.913000
24.056000
24.186400
24.344000
24.774400
25.150000
25.213000
25.495000
25.628000
25.668000
25.909000
26.070000
26.342400
26.506000
26.746000
26.788000
26.930000
26.938000
27.108000
27.351800
27.563111
27.632089
27.669067
27.775022
28.206667
28.626222
29.044356
29.323111
29.483822
29.762600
29.919400
30.199200
30.335733
30.350600
30.773778
31.196178
31.240267
31.627111
32.040978
32.055800
32.477200
32.761400
32.915644
33.192600
33.352267
33.643400
33.780356
33.796000
34.204000
34.226000
