0.362600
0.875822
1.842000
1.862000
2.802000
2.822400
3.196000
3.341800
3.596600
3.831800
4.047400
4.096400
4.764000
5.086200
5.772200
6.756000
6.780000
7.712600
7.732200
7.976000
8.010000
8.144000
8.202600
8.723644
9.662800
9.898000
10.642800
11.456200
11.613000
11.627822
12.024600
12.112800
12.191200
12.583200
13.518000
14.496000
14.506000
14.816444
15.297800
15.464400
15.748000
15.809156
15.917244
16.450000
17.410000
17.424000
18.424000
18.442000
18.865000
19.217800
19.345200
19.502000
19.560800
19.834000
20.335000
20.692000
21.295400
22.255800
22.775200
23.186800
23.412200
23.696400
23.745400
24.196200
25.127200
25.329511
26.126800
26.556000
26.928089
27.097000
27.391733
27.579467
28.047600
29.027600
