2.293200
12.208000
12.480000
12.728000
13.032000
13.376000
14.648000
14.684000
15.624267
18.599556
18.975022
19.373244
19.782844
20.206667
20.556000
20.592000
21.810933
22.912000
23.168000
23.424000
23.672000
23.969867
24.370933
26.037778
27.098756
28.456000
28.861000
30.135000
30.311400
30.821000
32.262844
32.277067
34.819400
35.650000
38.550000
39.266000
39.898000
40.652000
41.924000
42.703378
44.636000
44.960000
45.410000
45.424000
46.796000
47.294311
48.238667
48.292711
48.685244
48.978222
49.235200
49.473156
49.919733
50.522756
50.923822
51.066044
51.498400
52.028000
52.940000
54.908000
56.693000
59.764000
61.906000
62.194000
62.520000
62.794000
63.020000
63.158000
63.822000
64.614000
64.748600
66.186000
66.294000
66.440000
66.640000
67.308000
68.706000
69.923000
69.942600
70.076000
70.142000
72.206000
72.216200
73.147200
73.214000
75.306000
75.322800
76.392978
77.444000
78.340000
79.204000
80.220000
80.882933
80.892889
81.697867
82.937400
83.329156
83.339200
84.162400
84.402000
84.698000
84.828000
84.950000
85.073800
85.246000
85.868000
88.308000
89.201511
89.423378
89.562756
89.690756
89.855733
89.934600
90.049156
90.189400
90.308000
90.427467
91.610400
92.616000
92.894200
93.566000
93.660000
93.896000
94.154000
94.460000
94.798000
95.100000
95.359733
95.442200
96.292000
96.554000
96.650000
96.871556
96.958000
97.042000
100.195200
100.489200
101.771111
101.948000
102.680000
103.096000
103.497800
103.919200
104.250000
105.046000
105.734000
106.434000
107.035600
107.238000
107.417800
107.868000
107.996000
108.108000
108.224000
108.258000
108.428000
108.564000
108.594000
108.674000
108.792000
109.144000
109.264000
109.436600
109.505200
109.600000
110.083400
110.142200
110.759600
110.778000
111.220000
111.420889
111.550311
112.300000
113.076356
114.032800
114.440267
114.575378
114.711911
115.282222
115.616000
116.544000
116.676000
117.316000
117.452000
118.010000
118.194000
118.274000
118.402000
118.502000
118.592000
119.166000
119.632000
119.762000
119.926000
120.008000
120.254000
120.332000
120.414000
120.590000
120.906000
121.235800
121.422000
121.586000
121.647400
122.282000
122.368000
122.858000
122.982000
123.097800
123.212000
123.323200
123.512000
123.584000
123.666200
124.052000
124.286000
124.638000
125.584000
125.686000
125.906000
126.076000
126.688000
127.532000
128.106000
128.706000
129.468000
130.188000
130.947600
131.535600
131.688000
132.240000
133.933244
134.061244
134.211000
134.260000
134.741067
134.869067
136.390000
136.915800
137.053000
137.621400
137.770000
137.916000
138.444600
138.768000
139.284000
140.226000
140.386000
140.600600
141.286600
141.688400
142.506400
143.491600
143.554000
143.616000
143.678000
143.738000
143.800000
143.861000
143.923000
143.981600
144.044000
144.107000
144.168000
144.229000
144.286000
144.349000
144.410000
144.471600
144.533000
144.594000
144.657800
144.719000
144.780000
145.217000
146.670000
147.206000
