0.400800
0.729333
0.776267
0.911000
1.069244
1.120000
1.384978
1.423378
1.737689
2.080000
2.416000
2.904000
3.000622
3.140000
3.265156
3.296444
3.432000
3.453000
3.640000
3.786000
3.950000
4.122000
4.287733
4.444178
4.782667
4.971000
5.098000
5.145000
5.262000
5.310311
5.459644
5.479000
5.616089
5.784000
5.844000
5.977333
6.144000
6.470844
6.492000
6.704000
6.817867
6.933000
6.962933
7.099467
7.179000
7.255000
7.361156
7.509000
7.554578
7.713867
7.844000
7.992622
8.146222
8.166133
8.314044
8.507000
8.841689
9.023733
9.099111
9.190133
9.332356
9.525000
9.551000
9.864000
