0.352800
0.597800
0.852000
1.097600
1.597400
1.740000
1.842400
2.092000
2.342200
2.590000
2.842000
3.087000
3.480000
3.586800
3.836000
4.086600
4.336000
4.582000
4.832000
5.082000
5.580000
5.724000
5.831000
6.080000
6.330800
6.576000
6.830600
7.075600
7.470000
7.575400
7.820400
8.075200
8.330000
8.575000
8.820000
9.070000
9.564800
9.716000
9.819600
10.064600
10.319400
10.564000
10.814000
11.062000
11.454000
11.562000
11.809000
12.058000
12.308800
12.553800
12.808600
13.053600
13.553400
13.702000
13.806000
14.053200
14.302000
14.455000
14.550489
14.798000
15.045422
15.201867
15.454600
15.542800
15.699600
15.793511
15.949956
16.042600
16.294133
16.547289
16.789067
17.042200
17.287200
17.542000
17.669400
17.787000
18.041800
18.286800
18.414200
18.541600
18.786600
19.034000
19.188400
19.286400
19.432000
19.541200
19.658800
19.782000
20.031200
20.168400
20.280000
20.534000
20.776000
21.030800
21.275800
21.530600
21.648200
21.690000
21.775600
22.030400
22.275400
22.402800
22.530200
22.775200
23.024000
23.177000
23.265200
23.431800
23.520000
23.676800
23.765000
24.019800
24.264800
24.519600
24.764600
25.019400
25.264400
25.519200
25.636800
25.764200
26.009200
26.264000
26.381600
26.518800
26.754000
27.008800
27.165600
27.253800
27.408000
27.510000
27.636000
27.665400
27.753600
27.910400
28.008400
28.253400
28.508200
28.753200
29.004000
29.253000
29.498000
29.625400
29.752800
29.997800
30.242800
30.370200
30.409400
30.497600
30.742600
30.997400
31.154200
31.242400
31.399200
31.497200
31.644200
31.742200
31.899000
31.997000
32.242000
32.496800
32.732000
32.986800
33.114200
33.231800
33.368000
33.486600
33.614000
33.653200
33.731600
33.859000
33.986400
34.104000
34.231400
34.356000
34.484000
34.604000
34.731200
34.866000
34.982000
35.103600
35.133000
35.231000
35.372000
35.485800
35.603400
35.730800
35.858200
35.975800
36.005200
36.103200
36.230600
36.354000
36.485400
36.720600
36.848000
36.975400
37.102800
37.220400
37.240000
37.475200
37.602600
37.720200
37.847600
37.975000
38.092600
38.220000
38.474800
38.719800
38.974600
39.092200
39.121600
39.219600
39.372000
39.464600
39.709600
39.838000
39.964400
40.091800
40.219200
40.332000
40.464200
40.582000
40.709200
40.964000
41.081600
41.209000
41.346200
41.463800
41.601000
41.708800
41.836200
41.958000
42.081200
42.198800
42.332000
42.454000
42.575378
42.700000
42.838000
42.953400
43.080800
43.110200
43.198400
43.348000
43.453200
43.610000
43.698200
43.825600
43.953000
44.070600
44.198000
44.344000
44.452800
44.697800
44.832000
44.952600
45.070200
45.197600
45.328000
45.442600
45.570000
45.619000
45.697400
45.815000
45.842000
45.942400
46.069800
46.187400
46.442200
46.687200
46.942000
47.187000
47.441800
47.588800
47.686800
47.951400
48.186600
48.441400
48.676600
48.790489
48.931400
49.058800
49.176400
49.294000
49.431200
49.584089
49.676200
49.803600
49.931000
50.048600
50.068200
50.176000
50.332800
50.430800
50.675800
50.930600
51.048200
51.077600
51.175600
51.306000
51.420600
51.548000
51.665600
51.796000
51.920400
52.047800
52.165400
52.316000
52.420200
52.542000
52.665200
52.804000
52.920000
53.037600
53.165000
53.298000
53.419800
53.542000
53.664800
53.792200
53.870600
53.919600
54.037200
54.164600
54.308000
54.419400
54.512000
54.664400
54.806000
54.910000
55.066200
55.164200
55.304000
55.409200
55.575800
55.664000
55.782000
55.908000
56.028000
