0.655
0.077
0.667
0.725
0.792
0.862
0.841
0.709
0.837
0.783
0.720
0.701
0.841
0.645
0.660
0.656
0.872
0.702
0.686
0.794
0.849
0.796
0.679
0.825
0.867
0.647
0.875
0.697
0.727
0.847
0.585
0.982
0.868
0.735
0.833
0.709
0.800
0.653
0.723
0.646
0.734
0.667
0.753
0.705
0.593
0.627
0.750
0.532
0.795
0.767
0.639
0.740
0.605
0.667
0.811
0.760
0.610
0.887
0.717
0.742
0.750
0.549
0.682
0.817
0.818
0.909
0.755
0.891
0.765
0.914
0.858
0.897
0.104
0.404
0.843
0.933
0.738
0.701
0.583
0.778
0.673
0.765
0.591
0.689
0.807
0.888
0.190
0.745
0.959
0.796
0.855
0.732
0.989
0.653
0.815
0.781
0.838
0.920
0.943
0.826
0.828
0.761
0.917
0.929
0.831
0.711
0.933
0.600
0.571
0.725
0.750
0.629
0.800
0.564
0.867
1.000
0.652
0.736
0.705
0.818
0.850
0.694
0.552
0.697
0.807
0.440
0.801
0.787
0.833
0.747
0.703
0.818
0.772
0.736
0.746
0.770
0.748
0.770
0.562
0.868
0.812
0.805
0.638
0.410
0.558
0.433
0.447
0.505
0.750
0.650
0.810
0.583
0.852
0.769
0.674
0.694
0.750
0.806
0.743
0.857
0.701
0.714
0.638
0.694
0.840
0.891
0.708
0.746
0.891
0.750
0.686
0.767
0.698
0.672
0.672
0.863
0.709
0.585
0.670
0.759
0.853
0.700
0.519
0.667
0.886
