0.070
0.210
0.370
0.660
0.800
1.110
1.400
1.710
2.000
2.180
2.310
2.470
2.610
2.770
2.920
3.060
3.200
3.510
3.670
3.800
4.110
4.270
4.400
4.710
4.860
5.010
5.150
5.310
5.600
5.920
6.050
6.200
6.510
6.800
6.940
7.110
7.250
7.410
7.860
8.000
8.320
8.470
8.600
8.910
9.050
9.200
9.510
9.670
9.810
9.970
10.260
10.400
10.710
11.000
11.310
11.600
11.780
11.910
12.070
12.210
12.360
12.520
12.660
12.800
13.110
13.270
13.400
13.710
13.870
14.000
14.310
14.450
14.610
14.740
14.920
15.200
15.520
15.650
15.800
15.950
16.110
16.400
16.540
16.700
16.850
17.000
17.140
17.300
17.440
17.600
17.910
18.030
18.070
18.200
18.370
18.510
18.660
18.800
19.110
19.270
19.410
19.570
19.730
19.830
20.000
20.320
20.470
20.600
20.910
21.060
21.200
21.340
21.380
21.510
21.810
21.970
22.120
22.260
22.400
22.710
22.850
23.000
23.180
23.310
23.450
23.600
23.910
24.060
24.210
24.350
24.510
24.670
24.800
25.120
25.400
25.710
25.850
26.000
26.160
26.310
26.440
26.610
26.760
27.070
27.200
27.510
27.670
27.800
27.970
28.110
28.400
28.710
28.860
29.020
29.470
29.600
29.920
