0.140
0.340
0.460
0.680
0.810
1.040
1.190
1.390
1.740
1.860
2.110
2.230
2.430
2.550
2.790
3.130
3.260
3.490
3.610
3.830
3.990
4.200
4.300
4.520
4.900
5.000
5.330
5.600
5.680
5.920
6.030
6.270
6.390
6.610
6.720
6.770
6.880
6.950
7.310
7.420
7.670
7.780
7.830
8.030
8.110
8.340
8.480
8.590
8.690
8.810
9.070
9.170
9.400
9.740
9.860
10.100
10.220
10.580
10.820
11.170
11.280
11.510
11.620
11.980
12.200
12.310
12.510
12.550
12.670
12.920
13.030
13.230
13.380
13.580
13.640
13.740
13.970
14.090
14.220
14.300
14.420
14.520
14.630
14.730
14.960
15.340
15.460
15.800
16.030
16.160
16.360
16.500
16.760
16.870
17.210
17.360
17.410
17.580
17.780
17.930
18.130
18.270
18.470
18.600
18.940
19.190
19.300
19.640
19.880
19.990
20.210
20.360
20.530
20.590
20.690
21.010
21.270
21.390
21.650
21.750
21.990
22.080
22.340
22.440
22.640
22.790
22.990
23.220
23.330
23.460
23.690
23.820
23.940
24.030
24.160
24.370
24.510
24.640
24.730
24.840
25.050
25.190
25.380
25.510
25.710
26.040
26.110
26.480
26.600
26.790
26.890
27.290
27.440
27.530
27.920
28.010
28.150
28.270
28.650
28.860
28.980
29.530
29.670
