0.210
0.530
0.860
1.150
1.470
1.760
1.960
2.100
2.370
2.580
2.690
2.880
2.970
3.500
3.570
4.180
4.400
4.720
4.790
4.980
5.060
5.120
5.380
5.710
5.880
5.980
6.250
6.290
6.450
6.570
7.160
7.350
7.460
7.970
8.330
8.560
8.640
8.920
9.220
9.510
9.780
9.820
10.100
10.400
10.590
10.700
11.010
11.200
11.280
11.600
11.870
12.180
12.410
12.470
12.780
13.060
13.270
13.390
13.650
13.870
13.950
14.160
14.240
14.540
14.820
15.140
15.320
15.420
15.590
16.000
16.570
16.720
17.050
17.140
17.380
17.710
18.020
18.300
18.610
18.900
19.080
