1.010
1.180
1.300
1.420
1.540
1.660
1.720
1.780
1.900
2.020
2.130
2.250
2.370
2.430
2.490
2.610
2.730
2.790
2.850
2.970
3.090
3.150
3.320
3.440
3.500
3.680
3.850
4.210
4.570
4.810
4.900
4.940
5.110
5.190
5.810
6.000
6.170
6.700
7.030
7.070
7.420
7.780
7.960
8.070
8.840
9.200
9.550
9.910
10.270
10.630
10.810
10.920
10.980
11.340
11.520
11.690
12.060
12.410
12.770
12.960
13.130
13.170
13.480
13.670
14.200
14.540
14.910
15.230
15.550
15.720
15.880
16.360
16.970
17.110
17.320
17.410
17.730
18.030
18.340
18.660
19.530
19.850
20.190
20.530
20.910
21.300
21.500
21.700
22.130
22.210
22.570
23.010
23.460
23.900
24.350
24.630
24.800
25.240
25.460
25.580
25.830
25.910
26.120
26.350
26.580
26.800
27.020
27.240
27.450
27.650
27.750
27.850
27.950
28.040
28.140
28.230
28.410
28.590
28.760
28.940
29.120
29.290
29.660
29.830
30.010
30.190
30.280
30.370
30.550
30.640
30.730
30.900
30.990
31.080
31.260
31.440
31.620
31.790
31.970
32.140
32.320
32.490
32.680
32.860
33.040
33.220
33.400
33.490
33.580
33.670
33.750
33.840
33.940
34.110
34.290
34.470
34.650
34.820
35.000
35.180
35.360
35.530
35.720
35.890
36.070
36.250
36.430
36.610
36.780
36.960
37.140
37.300
37.480
37.670
37.850
38.030
38.210
38.570
38.740
