0.190
2.945
5.640
8.335
11.055
13.710
16.440
19.215
21.845
22.055
22.215
22.415
22.610
22.820
23.005
23.205
23.400
23.600
23.785
23.970
24.170
24.365
24.555
24.740
24.945
25.140
25.320
25.515
25.720
25.920
26.125
26.315
26.525
26.720
26.910
27.095
27.295
27.490
27.700
27.900
28.100
28.295
28.505
28.695
28.890
29.090
29.275
29.475
29.685
29.885
30.075
30.270
30.470
30.685
30.860
31.050
31.255
31.455
31.635
31.830
32.030
32.245
32.420
32.605
32.815
33.010
33.205
33.400
33.605
33.820
34.005
34.205
34.420
34.640
34.810
35.005
35.205
35.410
35.595
35.790
35.995
36.205
36.375
36.570
36.775
36.980
37.170
37.370
37.580
37.780
37.955
38.160
38.350
38.570
38.745
38.935
39.130
39.350
39.525
39.735
39.935
