0.078367346
0.121904761
0.316326530
0.477551020
0.646938775
0.835918367
0.973469387
1.002040816
1.191836734
1.348979591
1.532517006
1.704081632
1.889795918
2.053061224
2.220408163
2.395918367
2.575510204
2.738775510
2.779591836
2.913106575
2.957142857
3.102040816
3.283673469
3.459183673
3.635079365
3.816326530
3.979591836
4.159569160
4.351020408
4.510204081
4.690385487
4.876145124
5.026530612
5.067346938
5.217074829
5.400272108
5.551768707
5.591836734
5.730612244
5.883673469
5.910204081
6.073469387
6.112244897
6.255102040
6.426530612
6.501587301
6.608163265
6.791836734
6.835374149
6.965941043
7.144489795
7.327346938
7.502947845
7.672811791
7.848344671
8.013786848
8.193741496
8.364580498
8.544897959
8.711836734
8.899047619
9.064489795
9.244444444
9.411337868
9.595646258
9.762539682
9.945396825
10.123854875
10.299501133
10.459841269
10.634693877
10.805986394
10.987392290
11.161768707
11.338594104
11.518548752
11.701405895
11.877006802
12.051156462
12.225306122
12.403809523
12.571609977
12.740498866
12.939319727
13.096009070
13.266507936
13.444353741
13.611247165
13.765079365
13.798458049
13.975510204
14.148208616
14.319455782
14.515374149
14.673560090
14.857868480
15.033469387
