0.028571428
0.971360544
1.289795918
1.918367346
3.139501133
3.804081632
4.680385487
5.001224489
5.637142857
6.903832199
7.588662131
8.808548752
9.493877551
10.674399092
10.706122448
11.338707482
12.551156462
12.573605442
12.824489795
13.197256235
14.560408163
15.252222222
16.138775510
16.436734693
17.085714285
18.281632653
18.918367346
19.805600907
20.116575963
20.779591836
22.020408163
22.701882086
23.951020408
24.612244897
25.861224489
26.530612244
27.791836734
27.812244897
28.510204081
28.555102040
