1.000
0.000
1.000
1.000
0.944
1.000
0.977
1.000
0.861
0.981
0.981
0.963
0.971
0.972
0.871
1.000
1.000
1.000
1.000
1.000
0.984
1.000
1.000
1.000
1.000
1.000
1.000
1.000
1.000
1.000
1.000
1.000
1.000
0.982
1.000
0.982
1.000
0.975
1.000
1.000
1.000
1.000
1.000
1.000
1.000
1.000
1.000
1.000
1.000
1.000
0.970
0.982
0.978
1.000
1.000
1.000
1.000
1.000
1.000
1.000
0.983
1.000
1.000
1.000
0.986
0.985
0.982
0.975
0.990
0.972
0.993
1.000
0.909
1.000
1.000
0.778
1.000
0.988
0.945
0.993
1.000
0.875
1.000
0.943
1.000
1.000
0.667
1.000
0.997
1.000
1.000
0.917
1.000
1.000
0.955
1.000
0.991
1.000
1.000
0.991
1.000
1.000
0.989
1.000
1.000
1.000
1.000
0.978
1.000
1.000
1.000
1.000
1.000
0.980
1.000
0.480
0.981
0.976
0.958
1.000
1.000
1.000
1.000
1.000
1.000
0.949
0.987
0.988
0.994
0.982
0.855
0.994
0.978
0.991
0.992
0.992
0.982
1.000
0.941
1.000
1.000
0.989
1.000
0.990
1.000
0.949
1.000
0.911
0.909
1.000
1.000
0.955
1.000
1.000
1.000
1.000
0.909
1.000
1.000
1.000
1.000
1.000
1.000
0.944
0.970
1.000
0.933
1.000
1.000
0.929
0.818
1.000
0.960
1.000
1.000
1.000
0.984
1.000
0.998
0.976
0.993
1.000
1.000
1.000
1.000
