0.015
0.505
0.630
0.740
0.985
1.140
1.230
1.520
1.740
1.885
2.115
2.525
2.655
2.740
2.930
2.965
3.105
3.180
3.265
3.345
3.420
3.660
3.930
4.350
4.815
5.025
5.375
5.815
6.035
6.195
6.370
6.830
6.920
7.000
7.130
7.380
7.575
7.920
8.595
9.020
9.055
9.145
9.215
9.270
9.460
9.500
9.595
9.665
10.000
10.220
10.345
10.405
10.570
10.610
11.000
11.120
11.175
11.280
11.465
11.640
11.720
11.960
12.050
12.140
12.270
12.405
12.480
12.625
12.700
12.880
13.115
13.255
13.405
13.445
13.500
13.560
13.625
13.875
13.995
14.100
14.510
14.895
14.990
