0.010
0.150
0.235
0.405
0.675
0.790
0.845
0.905
1.205
1.820
1.925
2.080
2.145
2.225
2.295
2.470
2.825
3.170
3.485
3.570
3.695
3.730
4.170
4.375
4.650
4.810
5.155
5.215
5.800
5.905
6.000
6.440
6.665
6.785
7.145
7.430
7.490
7.565
7.650
7.705
7.805
8.120
8.190
8.285
8.440
8.585
8.730
8.995
9.070
9.205
9.455
9.670
9.750
9.785
10.085
10.195
10.285
10.415
10.555
10.625
10.700
10.910
10.990
11.335
11.660
11.695
11.900
11.975
12.095
12.190
12.435
12.570
12.640
12.730
12.805
12.905
13.155
13.240
13.485
13.565
13.800
13.910
14.050
14.110
14.310
14.420
14.475
14.985
15.065
15.265
15.595
