0.010
0.175
0.375
0.625
0.810
1.045
1.310
1.415
1.515
1.580
1.730
1.960
2.165
2.290
2.415
2.530
2.720
2.850
3.070
3.305
3.495
3.535
3.740
3.775
3.955
4.180
4.395
4.645
4.885
5.175
5.295
5.355
5.595
5.790
5.860
6.150
6.290
6.435
6.545
6.730
6.805
6.920
6.990
7.225
7.430
7.665
7.850
8.080
8.140
8.285
8.370
8.610
8.825
9.030
9.290
9.520
9.555
9.765
9.845
9.990
10.200
10.325
10.360
10.445
10.505
10.635
10.695
10.785
11.160
11.405
11.630
11.665
11.830
12.075
12.130
12.340
12.530
12.770
12.970
13.005
13.220
13.490
13.690
13.790
14.155
14.645
14.905
15.105
15.350
15.385
15.565
15.795
16.040
16.265
16.505
16.740
16.940
17.215
17.260
17.475
17.610
17.685
17.735
17.915
17.970
18.120
18.420
18.600
18.790
18.845
19.070
19.135
19.265
19.305
19.365
19.445
19.620
19.810
19.850
19.945
19.980
20.220
20.450
20.610
20.680
20.955
21.190
21.345
21.415
21.620
21.865
22.080
22.340
22.430
22.530
22.585
22.665
22.750
22.810
23.045
23.275
23.485
23.725
23.950
24.185
24.395
24.435
24.680
24.900
25.015
25.145
25.270
25.350
25.585
25.815
25.920
26.000
26.070
26.240
26.360
26.500
26.760
26.985
27.240
27.300
27.450
27.700
27.905
27.940
28.130
28.400
28.555
28.600
28.730
28.865
28.960
29.130
29.350
29.440
29.590
29.805
29.870
30.040
30.285
30.530
30.735
30.950
