0.010
0.245
0.445
0.540
1.075
1.130
1.220
1.325
1.460
1.510
1.560
1.760
1.825
1.970
2.015
2.175
2.215
2.305
2.380
2.490
2.605
2.710
2.785
2.885
3.005
3.085
3.165
3.200
3.580
3.670
3.790
4.075
4.185
4.255
4.360
4.460
4.510
4.570
4.665
4.820
4.985
5.110
5.230
5.265
5.435
5.590
5.690
6.040
6.085
6.225
6.365
6.420
6.575
6.675
6.775
6.860
6.925
6.990
7.150
7.230
7.300
7.400
7.695
7.760
7.805
7.915
8.105
8.235
8.330
8.415
8.615
8.870
9.125
9.270
9.405
9.525
9.575
9.710
9.760
9.815
9.915
10.010
10.130
10.355
10.495
10.635
10.760
10.835
10.885
10.940
11.015
11.080
11.230
11.340
11.420
11.485
11.640
11.830
11.890
11.950
12.050
12.165
12.220
12.290
12.475
12.520
12.750
12.825
12.935
13.165
13.220
13.350
13.480
13.520
13.590
13.775
13.845
14.000
14.220
14.305
14.420
14.615
14.715
14.795
14.860
14.985
15.045
15.110
15.250
15.510
15.750
