0.010
0.275
0.340
0.610
0.670
0.970
1.035
1.095
1.245
1.340
1.460
1.600
1.885
1.920
2.040
2.130
2.305
2.440
2.590
2.775
2.905
2.985
3.060
3.200
3.270
3.310
3.490
3.805
3.910
4.040
4.095
4.175
4.325
4.565
4.770
4.810
4.975
5.055
5.125
5.250
5.350
5.410
5.540
5.700
6.050
6.595
6.670
6.720
6.785
7.050
7.160
7.575
7.660
7.875
7.945
8.040
8.095
8.310
8.355
8.390
8.505
8.585
8.655
8.770
8.840
8.930
9.020
9.100
9.190
9.280
9.315
9.470
9.585
9.670
9.835
9.885
9.980
10.030
10.160
10.240
10.320
10.465
10.525
10.635
10.700
10.770
10.860
10.950
11.145
11.275
11.445
11.550
11.715
11.865
12.110
12.195
12.340
12.435
12.505
12.620
12.765
12.840
13.020
13.090
13.155
13.225
13.460
13.535
13.630
13.730
13.840
13.915
14.000
14.155
14.305
14.410
14.535
14.635
14.680
14.735
14.995
15.140
15.350
16.070
16.240
16.615
16.835
