0.010
0.335
0.470
0.715
1.015
1.385
1.495
1.755
2.115
2.425
2.750
3.140
3.475
3.840
4.175
4.500
4.890
5.000
5.210
5.585
5.920
6.250
6.420
6.595
6.760
6.955
7.285
7.615
7.870
7.945
8.270
8.620
8.715
9.000
9.150
9.310
9.700
10.045
10.380
10.705
11.050
11.395
11.725
12.085
12.465
12.820
12.995
13.180
13.520
13.855
14.175
14.500
14.790
15.110
15.465
15.800
16.165
16.570
17.035
17.110
17.225
17.325
17.425
17.655
17.785
17.840
18.110
18.450
18.620
18.780
19.105
19.285
19.365
19.455
19.810
20.130
20.480
20.840
21.150
21.320
21.520
21.645
21.990
22.300
22.625
22.960
23.000
23.265
23.625
23.945
24.295
24.965
25.275
25.350
25.540
25.630
25.975
26.275
26.600
26.955
27.260
27.570
27.755
27.935
28.220
28.275
28.500
28.570
28.870
29.180
29.325
29.520
29.615
30.110
30.315
30.460
30.770
31.090
31.410
31.730
32.070
