0.010
0.360
0.795
1.570
1.920
2.270
2.655
3.055
3.445
3.890
4.290
4.725
5.220
5.850
6.375
6.810
7.065
7.230
7.445
7.615
7.790
8.010
8.225
8.375
8.585
8.620
8.775
8.995
9.150
9.375
9.420
9.535
9.775
9.950
10.195
10.365
10.770
11.015
11.160
11.915
12.070
12.570
13.025
13.455
13.710
13.805
13.895
14.375
14.655
14.845
15.025
15.320
15.510
15.695
15.920
16.115
16.325
16.515
16.685
16.970
17.160
17.340
17.550
17.750
17.935
18.140
18.340
18.530
18.740
18.930
19.115
19.285
19.495
19.670
19.890
20.265
20.450
20.855
21.245
21.450
21.700
21.885
22.105
22.290
22.490
22.700
22.870
23.060
23.330
23.500
23.695
23.905
24.125
24.505
24.885
25.175
25.285
25.480
25.680
25.865
26.055
26.170
26.270
26.460
26.870
27.250
27.660
27.855
28.045
28.245
28.305
28.400
28.435
28.670
28.750
28.855
29.070
