0.010
0.165
0.550
0.980
1.310
1.670
2.055
2.465
2.805
3.215
3.555
4.305
4.700
4.755
4.865
5.080
5.425
5.810
6.180
6.555
6.920
7.310
7.690
8.065
8.440
8.805
9.200
9.370
9.550
9.935
10.305
10.680
11.810
12.185
12.555
12.930
13.310
13.495
13.680
13.995
14.065
14.430
14.805
14.845
15.175
15.570
15.955
16.100
16.305
16.695
17.050
17.450
17.585
17.825
18.035
18.555
18.930
19.305
19.675
20.055
20.445
20.815
21.020
21.075
21.560
21.920
22.305
22.685
23.085
23.330
23.440
23.820
24.145
24.185
24.330
24.570
24.940
25.310
25.685
26.075
26.435
26.830
27.200
27.295
27.480
27.555
27.945
28.315
28.680
29.060
29.805
30.185
30.565
30.930
31.315
31.495
32.065
32.435
32.810
33.180
33.565
33.925
