0.010
0.290
0.365
0.605
0.725
0.870
0.935
1.095
1.220
1.355
1.510
1.575
1.895
2.040
2.130
2.200
2.280
2.410
2.670
2.945
3.130
3.225
3.340
3.400
3.460
3.595
3.655
3.790
3.850
3.995
4.250
4.545
4.930
5.055
5.130
5.335
5.575
5.915
6.000
6.095
6.220
6.350
6.530
6.625
6.800
6.890
6.985
7.145
7.180
7.415
7.645
7.695
7.830
7.895
8.170
8.425
8.700
8.810
9.225
9.510
9.590
9.655
9.755
9.960
10.065
10.280
10.440
10.525
10.560
10.730
10.825
11.055
11.355
11.605
11.785
11.875
12.115
12.200
12.300
12.370
12.460
12.640
12.935
13.435
13.470
13.655
13.745
13.980
14.505
14.730
14.785
14.950
15.050
15.545
15.580
16.095
16.275
16.480
16.640
16.800
16.840
17.055
17.200
17.380
17.425
17.495
17.765
17.985
18.285
18.475
18.570
18.805
18.845
18.945
19.075
19.130
19.325
19.550
19.630
19.870
20.050
20.125
20.160
20.400
20.575
20.660
20.915
20.950
21.050
21.095
21.195
21.465
21.945
22.130
22.275
22.515
22.745
23.050
23.135
23.315
23.485
23.555
23.680
23.975
24.080
24.325
24.600
24.655
24.770
24.845
25.105
25.190
25.270
25.390
