0.010
0.270
0.550
0.585
0.875
1.170
1.600
1.655
1.805
2.040
2.240
2.610
2.885
2.945
3.025
3.470
3.810
3.850
4.140
4.410
4.560
4.755
4.850
5.120
5.165
5.300
5.415
5.545
5.695
5.770
6.130
6.230
6.290
6.410
6.685
7.340
7.635
7.885
8.185
8.220
8.325
8.440
8.660
8.750
9.095
9.640
9.970
10.320
10.460
10.835
10.890
11.065
11.105
11.400
11.600
11.805
12.120
12.470
12.555
12.615
12.865
13.100
13.160
13.370
13.480
13.665
14.005
14.295
14.910
15.195
15.240
15.420
15.610
15.660
15.720
15.790
16.075
16.365
16.550
16.680
16.970
17.380
17.510
17.660
17.815
17.880
17.985
18.140
18.205
18.405
18.700
18.965
19.260
19.570
19.815
19.910
20.450
20.525
20.770
20.870
21.045
21.145
21.330
21.545
21.655
21.955
22.225
22.285
22.760
22.985
23.065
23.125
23.410
23.575
23.665
24.085
24.435
24.575
24.855
25.045
25.180
25.390
25.445
25.755
25.815
25.990
26.275
26.355
26.600
26.905
27.160
27.485
27.745
28.310
28.390
28.625
28.725
28.965
29.260
29.625
