0.010
0.255
0.480
0.720
0.840
0.955
1.175
1.405
1.650
1.865
1.910
1.965
2.100
2.320
2.560
2.680
2.800
3.025
3.115
3.260
3.365
3.485
3.610
3.710
3.960
4.055
4.170
4.405
4.530
4.640
4.865
5.100
5.215
5.275
5.345
5.450
5.565
5.605
5.790
6.020
6.135
6.265
6.370
6.480
6.540
6.605
6.715
6.960
7.195
7.425
7.640
7.790
7.870
8.095
8.410
8.555
9.020
9.090
9.265
9.310
9.480
9.715
9.890
9.930
10.110
10.145
10.405
10.460
10.615
10.660
10.860
11.095
11.460
11.590
11.790
12.095
12.245
12.525
12.710
12.945
13.095
13.180
13.315
13.395
13.530
13.630
13.870
14.100
14.235
14.455
14.560
14.780
14.820
15.030
15.165
15.245
15.475
15.735
15.940
16.085
16.405
16.500
16.845
16.880
17.095
17.295
17.435
17.550
17.590
17.780
17.850
18.020
18.060
18.250
18.490
18.725
18.935
19.175
19.225
19.450
19.630
19.740
19.910
20.105
20.220
20.335
20.555
20.790
21.020
21.240
21.555
21.680
21.720
21.835
21.945
22.035
22.170
22.420
22.635
22.875
22.990
23.105
23.330
23.425
23.490
23.560
23.675
23.790
24.015
24.185
24.265
24.365
24.480
24.720
24.835
24.945
25.090
25.180
25.400
25.645
25.690
25.800
25.870
26.105
26.325
26.410
26.560
26.685
26.795
27.025
27.255
27.485
27.600
27.710
27.880
27.945
28.170
28.405
28.525
28.640
28.760
28.865
29.025
29.095
29.355
29.460
29.555
