0.060
0.255
0.460
0.655
0.855
0.960
1.260
1.470
1.665
1.880
2.080
2.275
2.480
2.580
2.720
2.885
3.095
3.295
3.500
3.700
3.895
3.940
4.100
4.205
4.510
4.715
4.915
5.125
5.325
5.425
5.535
5.730
5.835
6.135
6.345
6.440
6.540
6.840
6.950
7.140
7.190
7.350
7.450
7.755
7.965
8.165
8.370
8.580
8.765
8.980
9.075
9.375
9.580
9.775
9.990
10.185
10.390
10.590
10.860
11.000
11.205
11.305
11.410
11.610
11.710
11.815
12.005
12.215
12.315
12.620
12.830
12.920
12.960
13.030
13.230
13.265
13.330
13.440
13.630
13.840
13.945
14.080
14.245
14.450
14.650
14.855
15.065
15.255
15.465
15.570
15.875
16.080
16.285
16.520
16.590
16.690
16.890
16.930
17.095
17.195
17.410
17.495
17.705
17.805
17.910
18.010
18.110
18.210
18.325
18.420
18.515
18.620
18.660
18.720
18.825
19.035
19.125
19.330
19.425
19.530
19.635
19.935
20.140
20.245
20.340
20.545
20.645
20.855
21.045
21.355
21.560
21.760
21.960
22.020
22.130
22.230
22.280
22.375
22.575
22.705
22.775
22.810
22.980
23.180
23.380
23.585
23.830
24.000
24.090
24.200
24.400
24.605
24.700
24.805
25.020
25.120
25.220
25.320
25.430
25.525
25.620
25.825
26.025
26.320
26.435
26.625
26.835
26.935
27.145
27.240
27.455
27.650
27.855
28.055
28.255
28.460
28.565
28.770
28.860
29.065
29.275
29.570
29.685
29.885
