0.010
0.315
0.505
0.645
0.820
1.000
1.145
1.295
1.500
1.650
1.825
1.860
1.995
2.165
2.315
2.505
2.660
2.840
2.995
3.165
3.205
3.315
3.495
3.660
3.835
3.985
4.150
4.475
4.510
4.595
4.770
4.820
4.930
5.155
5.305
5.480
5.785
6.110
6.200
6.475
6.640
6.820
7.120
7.175
7.425
7.585
7.695
7.790
7.970
8.145
8.475
8.785
9.005
9.150
9.310
9.485
9.650
9.825
9.980
10.150
10.315
10.485
10.645
10.820
10.980
11.170
11.305
11.485
11.640
11.820
11.980
12.140
12.315
12.490
12.640
12.815
12.980
13.150
13.315
13.485
13.650
13.830
13.975
14.150
14.320
14.480
14.645
14.810
15.120
15.445
15.605
15.650
15.795
15.845
15.975
16.145
16.465
16.710
16.830
17.130
17.210
17.305
17.475
17.815
18.065
18.165
18.360
18.520
18.630
18.800
19.150
19.490
19.765
19.980
20.140
20.310
20.485
20.660
20.820
20.985
21.140
21.305
21.475
21.635
21.815
21.975
22.150
22.305
22.485
22.565
22.645
22.810
22.970
23.135
23.300
23.495
23.640
23.805
23.980
24.145
24.310
24.485
24.635
24.700
24.805
24.970
25.155
25.330
25.490
25.640
25.820
25.970
26.150
26.300
26.470
26.640
26.680
26.820
26.970
27.145
27.320
27.470
27.630
27.815
27.960
28.065
28.155
28.310
28.475
28.545
28.630
28.760
28.800
28.970
29.080
29.140
29.200
29.330
29.470
29.530
29.635
29.800
