0.080
0.320
0.575
0.785
1.045
1.255
1.500
1.730
1.980
2.205
2.445
2.670
2.905
3.135
3.380
3.415
3.615
3.855
4.075
4.315
4.535
4.780
5.000
5.190
5.255
5.485
5.720
5.880
5.950
6.190
6.415
6.655
6.875
7.115
7.350
7.465
7.580
7.695
7.785
7.915
8.035
8.155
8.270
8.735
8.980
9.200
9.430
9.495
9.685
9.765
10.030
10.140
10.245
10.325
10.455
10.615
10.860
11.070
11.295
11.355
11.510
11.585
11.775
11.995
12.155
12.235
12.275
12.445
12.485
12.710
12.915
13.145
13.390
13.615
13.665
13.845
14.090
14.320
14.550
14.700
14.770
15.015
15.165
15.210
15.250
15.370
15.540
15.690
15.865
15.915
16.005
16.150
16.195
16.395
16.480
16.625
16.855
17.100
17.335
17.540
17.725
17.805
17.870
18.005
18.155
18.410
18.475
18.710
18.950
19.100
19.185
19.400
19.635
19.865
20.120
20.320
20.560
20.800
21.025
21.250
21.480
21.520
21.700
21.945
22.175
22.415
22.555
22.660
22.885
23.110
23.325
23.435
23.570
23.810
24.030
24.270
24.480
24.555
24.695
24.785
24.860
24.960
25.195
25.420
25.655
25.880
26.115
26.350
26.510
26.585
26.810
27.100
27.225
27.270
27.495
27.570
27.655
27.740
27.965
28.070
28.200
28.245
28.440
28.565
28.655
28.885
29.050
29.115
29.350
29.570
29.820
