0.010
2.060
2.265
4.060
4.600
4.830
4.995
5.085
6.270
6.685
7.955
8.040
8.125
8.230
8.400
8.665
8.750
8.900
8.990
9.095
9.270
9.360
9.435
9.520
9.610
9.735
9.825
9.970
10.040
10.235
10.310
10.425
10.550
10.780
10.960
11.060
11.240
11.575
11.785
11.900
12.040
12.120
12.440
12.530
12.810
13.240
13.430
13.850
13.895
13.975
14.260
15.010
15.310
15.465
15.740
16.245
16.330
16.405
16.500
16.560
16.695
16.795
16.940
17.050
17.435
17.665
17.875
18.130
18.190
18.635
18.735
18.905
19.235
19.330
19.425
19.635
19.775
19.875
19.960
20.125
20.195
20.380
20.495
20.635
20.710
21.085
21.385
21.745
21.990
22.065
22.130
22.210
22.360
22.495
22.630
22.690
23.000
23.210
23.625
23.855
24.130
24.300
25.290
25.450
25.745
25.835
25.940
26.125
26.290
26.345
26.450
26.645
26.715
26.930
27.015
27.090
27.365
27.615
27.670
27.735
27.845
28.095
29.605
29.715
29.805
30.240
30.320
30.410
30.710
30.895
31.265
31.410
31.480
31.595
31.690
31.850
31.940
32.200
32.450
32.665
32.770
32.950
33.140
33.240
33.875
33.930
34.110
34.495
34.585
34.695
35.415
35.580
35.965
36.180
36.245
36.520
36.735
36.775
37.505
37.855
38.045
38.315
38.405
38.565
38.625
38.835
38.870
38.945
39.625
39.785
39.890
39.940
40.070
40.155
40.220
40.295
40.395
40.635
40.710
40.890
41.325
41.410
41.490
41.570
41.655
41.740
41.820
41.905
41.985
42.070
42.155
42.235
42.320
42.400
42.480
42.840
43.005
43.100
43.215
43.285
43.440
43.495
43.680
43.830
44.310
44.395
44.485
44.565
44.650
44.735
44.820
44.900
44.985
45.080
45.145
45.330
45.540
45.630
45.785
45.885
46.165
46.440
46.515
46.760
46.985
47.065
47.215
47.320
47.370
47.465
47.580
47.905
48.030
48.705
48.910
49.060
49.375
49.560
49.645
49.745
49.815
49.910
49.980
50.080
50.175
50.235
50.335
50.415
50.545
50.620
50.685
50.870
51.000
51.240
51.375
51.435
51.495
51.555
51.615
51.670
51.815
51.930
52.035
52.095
52.170
52.250
52.455
52.690
52.980
53.105
53.205
53.370
53.465
53.555
53.740
53.830
53.895
54.015
54.105
54.170
54.270
54.430
54.485
54.570
54.655
54.730
54.985
55.065
55.165
55.320
55.520
55.560
55.630
55.820
55.885
56.260
56.330
56.575
56.680
56.910
57.145
57.400
57.625
57.715
57.855
58.155
58.220
58.410
58.500
58.640
58.680
58.715
58.805
58.885
58.960
59.045
59.135
59.205
59.250
59.390
59.560
59.625
59.710
59.800
59.885
59.945
60.035
60.125
60.205
60.285
60.375
60.455
60.625
60.900
61.130
61.280
61.410
61.465
61.615
61.780
61.920
62.010
62.115
62.180
62.275
62.385
62.520
62.770
62.935
63.030
63.185
63.270
63.340
63.590
63.715
63.785
63.850
63.950
64.050
64.180
64.255
64.325
64.495
64.580
64.705
64.770
64.885
65.080
65.200
65.280
65.385
65.460
65.640
65.730
65.840
65.985
66.075
66.155
66.520
66.685
66.775
66.860
66.940
67.070
67.210
67.270
67.575
67.795
68.185
68.360
68.600
69.180
69.270
69.355
69.430
69.600
69.775
69.935
70.005
70.230
70.415
70.685
70.755
70.850
70.930
71.120
71.210
71.610
71.805
72.010
72.090
72.285
72.435
72.520
72.600
72.635
73.285
73.355
73.585
73.795
74.145
74.260
74.495
74.590
74.685
74.835
74.925
74.980
75.235
75.345
75.545
76.060
76.295
76.435
76.520
76.680
