0.010
2.145
15.765
20.360
24.265
24.680
29.250
30.555
30.725
31.070
31.275
32.570
32.730
32.915
32.970
33.030
33.245
33.355
33.410
33.605
33.740
34.130
34.450
34.505
34.550
34.605
34.695
34.760
34.815
34.870
35.190
35.335
35.600
35.945
36.095
36.380
36.630
37.330
37.375
37.550
37.660
38.230
38.780
38.995
39.175
39.385
39.440
39.745
39.875
41.645
42.595
42.960
43.095
43.395
43.495
44.325
44.725
44.900
45.025
45.110
45.360
46.145
46.390
46.525
46.625
46.770
47.025
47.270
47.415
47.545
47.605
48.025
48.090
48.550
48.595
48.805
48.965
49.055
49.120
49.515
49.785
50.040
50.300
51.445
51.490
51.795
52.860
54.090
54.705
55.230
55.540
55.830
56.340
56.540
56.765
57.660
58.200
61.300
61.410
61.585
61.790
61.920
62.130
62.375
62.530
63.275
63.620
63.895
64.120
64.940
65.750
66.845
67.195
67.460
67.615
67.805
68.485
69.425
69.885
69.935
70.255
70.775
71.000
71.155
71.370
71.405
72.825
72.950
73.490
73.955
74.180
74.275
74.445
74.790
76.150
76.320
76.665
78.025
78.845
79.240
79.400
79.560
79.980
82.345
82.545
82.715
83.125
83.180
83.540
84.845
85.130
85.250
85.435
85.690
86.360
86.440
86.715
86.785
86.945
87.040
88.655
88.785
88.885
88.970
89.845
89.930
90.515
91.210
91.510
91.575
92.300
92.535
92.615
92.995
93.130
93.280
93.560
94.155
94.320
94.610
95.085
95.285
95.520
95.730
95.900
95.955
96.090
96.220
96.375
96.525
96.745
96.870
97.040
97.150
97.210
97.610
98.325
98.445
99.055
99.340
99.455
99.510
99.605
99.685
100.080
100.220
100.280
100.795
102.045
102.360
103.270
103.510
104.500
104.580
105.015
105.425
105.870
106.470
106.795
107.015
107.430
108.130
108.225
108.435
108.660
108.790
108.920
109.040
109.290
109.455
109.905
110.015
110.265
110.560
110.695
111.495
111.650
111.755
112.200
112.425
112.845
112.940
113.175
113.285
113.400
113.505
113.565
113.640
113.925
113.990
114.200
114.235
114.425
114.460
114.540
114.780
114.845
114.885
115.190
115.730
115.810
115.960
116.170
116.535
116.815
117.205
117.275
117.365
117.445
117.595
117.775
118.935
119.495
119.680
120.420
120.745
120.805
120.930
121.110
121.370
121.805
121.945
122.020
122.180
122.265
122.780
122.945
123.285
123.460
123.525
123.885
123.940
124.505
124.675
124.865
125.110
125.170
125.440
125.935
126.010
126.630
126.860
126.945
127.955
128.290
128.790
129.365
129.945
130.535
130.840
130.905
131.135
131.170
131.365
131.915
132.665
133.075
133.210
133.265
133.430
133.730
134.040
134.745
135.325
135.405
135.490
135.580
135.695
135.765
135.860
136.015
136.175
136.270
136.330
136.420
136.810
137.340
137.445
137.600
137.945
138.055
138.425
138.615
138.765
138.865
138.980
139.195
139.355
139.430
139.520
140.025
140.245
140.545
141.085
141.510
141.690
141.785
141.845
142.255
142.440
142.480
142.590
142.625
142.685
142.805
142.905
143.095
143.275
143.400
143.715
143.980
144.070
144.165
144.360
144.405
144.610
144.705
144.795
144.890
145.015
145.180
145.265
145.360
145.475
145.605
145.870
146.040
146.245
146.305
146.375
146.505
146.605
146.795
146.870
146.985
147.045
147.130
147.230
147.420
147.985
149.480
