0.010
0.510
0.715
1.070
1.805
2.150
2.240
2.330
2.575
2.825
3.065
3.200
3.440
3.550
3.670
3.780
3.820
3.995
4.135
4.335
4.455
4.660
4.760
4.880
4.945
5.095
5.170
5.260
5.320
5.430
5.520
5.905
6.450
6.590
6.705
6.860
7.040
7.255
7.445
7.890
8.245
8.680
8.765
9.015
9.265
9.505
9.545
9.640
9.775
9.945
10.005
10.150
10.260
10.400
10.570
10.650
10.690
11.260
11.310
11.475
11.680
11.835
12.055
12.405
12.605
12.775
12.890
13.100
13.215
13.345
13.545
13.695
13.885
14.040
14.235
14.340
14.400
14.535
14.605
14.785
14.945
15.115
15.270
15.450
15.590
15.630
15.775
15.935
16.080
16.235
16.395
16.435
16.540
16.690
17.120
17.195
17.390
17.440
17.555
17.655
17.735
17.900
18.020
18.055
18.155
18.375
18.495
18.605
18.670
18.840
18.945
19.210
19.300
19.675
19.755
20.090
20.335
20.550
20.620
20.905
21.090
21.265
21.885
21.970
22.240
22.475
22.560
22.705
22.805
22.905
23.070
23.540
23.625
23.795
23.875
23.970
24.125
24.165
24.445
24.575
24.690
24.785
24.950
25.170
25.310
25.390
25.565
25.670
25.715
25.820
25.890
26.110
26.240
26.305
26.455
26.525
26.690
26.800
26.920
27.000
27.145
27.220
27.345
27.570
27.645
27.730
28.115
28.280
28.395
28.535
29.085
29.220
29.785
30.100
30.295
30.420
30.655
30.920
31.155
31.225
31.465
31.555
31.665
31.720
31.855
32.035
32.340
32.570
32.815
32.960
33.050
33.160
33.320
33.595
33.635
33.815
33.895
34.100
34.320
34.425
34.695
34.785
34.840
35.085
35.305
35.450
35.645
35.710
35.820
36.055
36.110
36.360
36.515
36.810
36.915
37.200
37.275
37.590
38.155
38.670
41.460
41.765
42.475
42.805
43.125
43.510
44.550
47.010
47.190
47.425
47.830
49.170
49.660
49.745
49.900
50.025
50.245
