0.010
0.180
0.400
0.615
0.810
1.235
1.470
1.640
1.855
2.010
2.070
2.275
2.485
2.920
3.145
3.355
3.565
3.775
3.980
4.195
4.635
4.845
5.035
5.240
5.680
5.890
6.320
6.530
6.715
6.935
7.150
7.385
7.570
7.780
8.015
8.405
8.875
9.120
9.165
9.295
9.330
9.525
9.735
9.945
10.110
10.340
10.395
10.790
11.030
11.435
11.820
12.455
12.675
13.070
13.195
13.295
13.705
13.920
14.120
14.345
14.735
14.950
15.150
15.575
15.800
15.985
16.190
16.340
16.420
16.630
16.850
17.040
17.250
17.465
17.675
18.080
18.285
18.380
18.500
18.905
19.105
19.295
19.730
19.930
20.130
20.320
20.525
20.760
20.965
21.175
21.400
21.830
22.005
23.310
23.465
23.595
24.050
24.265
24.520
24.665
25.095
