0.010
0.200
0.490
0.715
1.040
1.120
1.330
1.420
1.740
1.960
2.290
2.665
2.750
2.970
3.035
3.115
3.175
3.420
3.720
4.115
4.410
4.670
4.940
5.370
5.690
5.845
6.085
6.170
6.255
6.725
6.885
6.980
7.380
7.525
7.625
7.895
8.140
8.290
8.345
8.405
8.560
8.680
8.845
9.085
9.325
9.790
10.020
10.280
10.535
11.020
11.485
11.525
11.980
12.225
12.265
12.490
12.645
13.130
14.685
14.930
14.965
15.165
15.695
16.630
16.665
16.805
16.990
17.040
17.200
17.400
17.470
17.800
18.130
18.420
18.870
19.065
19.150
19.270
19.370
19.710
20.075
20.140
20.305
20.340
20.565
20.610
21.035
21.115
21.155
21.285
21.345
21.525
21.840
21.880
22.395
22.520
22.560
23.150
23.225
23.290
23.760
23.835
24.035
24.265
24.480
24.710
24.965
25.435
25.670
25.860
25.980
26.190
26.380
26.610
26.670
27.155
27.640
27.680
27.870
27.905
28.175
30.300
30.545
31.370
31.525
31.725
31.820
31.990
32.105
32.200
32.320
32.405
32.555
32.695
33.050
33.350
33.700
34.075
34.455
35.245
35.390
35.465
35.500
35.725
35.765
35.835
35.960
36.025
36.090
36.225
36.315
36.380
36.465
36.595
36.755
36.805
37.180
37.255
37.385
37.500
37.625
37.765
37.885
38.195
38.385
38.450
39.115
39.165
39.285
39.445
39.495
39.645
39.860
39.915
40.110
40.180
40.505
40.655
40.815
40.960
41.025
43.060
43.260
43.495
43.650
43.710
43.790
43.835
44.055
44.100
44.320
44.545
44.770
45.235
45.315
45.485
45.720
45.995
46.255
46.460
46.720
46.935
47.185
47.230
47.425
47.465
47.655
47.820
47.910
48.170
48.385
48.680
49.160
49.390
49.635
49.990
50.095
50.265
50.415
50.535
50.610
50.815
50.850
51.070
51.235
51.335
51.525
51.585
51.660
51.695
51.875
52.075
52.215
52.280
52.425
52.565
52.680
52.850
52.910
52.955
53.005
53.155
53.220
53.380
53.445
53.770
54.035
54.095
54.290
54.540
54.575
55.030
55.095
55.320
55.540
55.705
56.015
56.255
56.485
56.525
56.785
56.995
57.230
57.495
57.810
57.905
58.160
58.225
58.305
58.380
58.450
58.510
58.650
58.690
58.800
58.870
58.975
59.065
59.175
59.250
59.305
59.425
59.550
59.685
59.780
59.870
60.015
60.645
60.920
61.140
61.840
62.125
62.370
62.830
63.010
63.155
63.380
63.570
63.840
64.095
64.680
64.790
65.060
65.305
65.785
65.970
66.040
66.505
66.810
67.025
67.460
67.735
68.005
68.250
68.705
68.745
68.960
69.685
69.950
70.210
70.295
70.425
70.530
70.635
70.680
71.005
71.185
71.315
71.530
71.615
71.650
71.810
71.905
72.060
72.130
72.175
72.235
72.710
72.995
73.100
73.175
73.250
73.305
73.470
73.645
73.740
73.935
74.165
74.440
74.635
74.790
74.965
75.035
75.115
75.185
75.285
75.440
75.525
75.870
75.940
76.125
76.290
76.390
76.455
76.525
76.670
76.800
76.950
77.090
77.525
77.785
78.000
