0.010
0.165
1.510
1.980
2.250
2.475
2.950
3.075
4.305
4.520
4.790
4.965
5.280
5.755
7.095
7.580
8.055
8.260
8.400
8.545
9.485
10.475
11.435
12.540
12.730
12.990
13.190
13.680
14.015
14.185
14.270
14.375
15.570
16.060
16.525
17.030
17.930
18.360
18.540
18.860
19.360
19.860
20.745
22.475
22.575
23.575
23.985
24.245
24.455
24.900
25.405
25.590
26.385
26.855
27.305
27.815
28.255
28.730
29.200
29.640
30.100
30.540
31.030
31.500
32.000
32.355
32.485
32.935
33.430
33.915
34.095
34.865
35.230
35.720
36.195
36.370
36.695
37.610
38.085
38.530
38.765
38.990
39.250
39.330
39.520
40.885
41.360
41.840
42.300
42.420
42.675
45.125
48.015
48.570
48.785
49.505
50.365
51.120
51.250
51.625
54.180
54.440
55.355
55.735
55.830
57.285
58.350
59.920
60.175
