0.010
0.160
0.525
1.260
3.105
3.480
4.215
6.070
6.435
7.180
7.400
9.030
9.400
9.795
10.060
10.140
10.415
11.475
11.575
11.690
11.995
12.360
13.100
14.300
14.945
15.320
15.680
16.000
16.065
16.350
16.780
17.150
17.380
17.515
17.920
18.290
19.020
20.020
20.125
20.870
21.150
21.245
21.625
21.985
22.405
22.700
22.805
23.370
23.455
23.560
23.600
23.830
24.210
25.310
25.560
25.685
26.045
26.260
26.500
26.805
27.175
28.265
28.645
28.960
29.020
29.200
29.285
29.675
29.765
30.130
30.730
30.865
32.710
33.090
33.485
33.845
34.235
34.665
35.670
36.045
36.415
36.610
36.795
37.165
37.530
37.895
38.265
38.475
38.635
39.005
39.245
39.375
39.560
39.760
40.040
40.135
40.170
40.375
40.500
40.715
40.855
41.005
41.060
41.250
41.345
41.610
41.895
41.990
42.335
42.610
42.725
43.080
43.450
43.810
43.980
44.465
44.565
44.925
45.295
45.690
46.040
46.235
46.415
46.610
46.770
46.950
47.010
47.195
47.365
47.520
47.790
47.890
48.250
48.450
48.630
48.990
49.185
49.345
49.395
49.450
49.730
49.930
50.130
50.295
50.375
50.475
50.845
51.045
51.215
51.400
51.585
51.895
51.960
52.115
52.265
52.345
52.440
52.700
52.885
52.960
53.080
53.255
53.440
53.815
54.050
54.165
54.550
54.905
55.275
55.650
56.025
56.210
56.390
56.770
57.120
57.505
57.875
58.245
58.595
58.990
59.360
59.530
59.590
59.655
59.735
59.940
60.095
60.280
60.465
60.590
60.695
61.210
61.555
61.945
62.155
62.315
62.555
62.785
62.860
62.940
63.035
63.430
63.660
64.040
64.255
64.540
64.750
65.005
65.280
65.450
66.005
66.165
66.740
66.865
66.950
67.155
67.405
67.480
67.680
67.730
68.005
68.230
68.575
68.760
68.965
69.705
70.075
70.435
70.795
71.170
71.230
71.400
71.450
71.555
71.660
71.725
71.930
72.135
72.355
72.535
72.660
73.045
73.400
73.720
73.820
73.865
74.160
74.275
74.600
74.740
74.890
75.135
75.350
75.435
75.515
75.630
75.790
75.990
76.225
76.395
76.625
76.920
76.980
77.085
77.120
77.370
77.520
77.840
78.010
78.235
78.595
78.790
78.835
78.925
79.010
79.095
79.165
79.240
79.330
79.655
79.865
80.070
80.305
80.360
80.550
80.645
80.825
80.970
81.210
81.565
81.925
82.290
82.470
82.690
83.035
83.085
83.250
83.330
83.450
83.515
83.575
83.675
83.770
83.950
84.005
84.235
84.510
84.630
84.885
85.250
85.900
86.020
86.265
86.320
86.385
86.490
86.585
86.725
86.880
87.150
87.270
87.465
87.615
87.845
88.045
88.205
88.390
88.935
88.975
89.205
89.400
89.485
89.685
89.900
90.125
90.275
90.425
90.820
90.875
91.165
91.345
91.400
91.510
91.635
91.775
91.900
91.940
92.480
92.665
93.050
93.410
94.140
94.495
94.885
95.225
95.290
95.375
95.520
95.610
95.855
96.065
96.215
96.365
96.710
96.835
97.020
97.095
97.480
97.520
97.610
97.835
97.965
98.235
98.325
98.470
98.570
98.770
98.960
99.145
99.325
99.480
99.715
99.885
100.045
100.265
100.410
100.580
100.805
100.985
101.065
101.205
101.540
102.185
102.285
102.435
102.490
102.550
102.625
103.025
103.195
103.485
103.520
103.750
103.790
104.010
104.160
104.260
104.320
104.490
104.695
104.890
105.245
105.630
105.975
106.170
106.440
106.620
106.750
106.785
106.860
107.195
107.505
107.995
108.105
109.460
109.690
110.150
110.475
112.535
112.615
112.670
113.520
113.800
114.475
115.240
115.580
