0.010
0.230
0.430
0.570
0.805
0.925
1.070
1.815
2.005
2.190
2.350
2.480
2.550
2.645
2.795
2.870
2.930
3.050
3.295
3.500
4.050
4.210
4.410
4.525
4.680
4.815
4.890
5.210
5.315
5.360
5.565
5.635
5.770
5.990
6.120
6.385
6.470
6.565
6.620
6.705
6.775
6.870
7.025
7.280
7.430
7.585
7.680
7.815
8.105
8.190
8.330
8.630
8.775
9.200
9.505
9.615
9.785
10.060
10.300
10.500
10.585
10.740
10.845
10.995
11.250
11.425
11.575
11.730
11.915
12.080
12.185
12.240
12.675
12.930
13.040
13.250
13.895
14.220
14.350
14.520
15.665
16.320
16.890
17.260
17.410
17.990
19.890
20.105
20.630
23.875
24.240
25.135
25.700
25.855
26.230
26.385
26.860
27.185
27.565
28.380
28.630
29.495
29.600
29.905
30.000
30.145
30.735
31.100
31.550
31.815
31.850
32.700
32.850
32.910
33.295
33.730
33.800
33.890
34.485
36.560
36.945
37.410
37.565
39.200
39.600
40.560
41.345
42.150
42.290
42.345
42.550
42.745
43.450
43.630
44.195
44.830
45.295
45.515
45.555
46.850
47.035
47.360
47.420
48.420
48.800
49.080
49.170
50.855
51.590
52.440
54.510
54.585
54.825
55.725
55.810
56.015
56.140
56.770
56.865
57.940
58.045
58.925
59.175
59.335
60.085
60.980
61.085
61.280
61.640
61.790
62.045
62.355
62.965
63.535
64.915
65.170
65.295
65.410
65.515
65.785
65.920
66.080
66.450
66.760
67.000
67.110
67.235
68.175
68.550
68.810
69.060
69.940
70.145
70.285
70.955
71.080
71.450
71.795
72.195
72.245
72.440
72.590
72.755
73.140
73.515
73.630
73.865
73.920
74.115
74.210
74.475
74.670
74.910
74.965
75.035
75.095
75.180
75.305
75.465
75.760
75.965
76.370
77.130
77.335
79.150
