0.010
0.160
0.360
0.435
0.490
0.565
0.615
0.690
0.755
0.825
0.895
0.955
1.025
1.330
1.395
1.660
1.780
1.910
2.160
2.310
2.425
2.565
2.675
2.800
3.020
3.270
3.400
3.635
3.755
3.895
4.150
4.275
4.405
4.545
4.660
4.770
5.030
5.170
5.280
5.405
5.530
5.650
5.780
5.905
6.025
6.160
6.295
6.420
6.550
6.670
6.920
7.165
7.285
7.400
7.510
7.640
7.750
7.890
8.135
8.270
8.395
8.630
8.750
9.005
9.145
9.255
9.385
9.515
9.640
9.760
9.890
10.130
10.265
10.400
10.520
10.635
10.765
10.905
11.010
11.140
11.255
11.395
11.525
11.650
11.780
11.900
12.150
12.270
12.395
12.515
12.640
12.745
12.895
13.010
13.255
13.385
13.510
13.640
13.770
13.900
14.155
14.285
14.410
14.530
14.645
14.775
14.910
15.020
15.150
15.265
15.395
15.525
15.640
15.765
15.895
16.140
16.265
16.390
16.505
16.625
16.750
16.880
17.010
17.265
17.395
17.630
17.750
17.890
18.130
18.255
18.380
18.510
18.625
18.755
18.880
19.010
19.255
19.375
19.500
19.590
19.730
19.785
19.865
19.990
20.110
20.240
20.370
20.500
20.615
20.740
20.795
21.005
21.250
21.370
21.505
21.610
21.740
21.875
22.130
22.255
22.380
22.500
22.630
22.755
23.005
23.130
23.255
23.385
23.515
23.625
23.745
23.875
24.130
24.255
24.390
24.510
24.625
24.755
25.025
25.155
25.270
25.400
25.525
25.630
25.750
25.875
26.125
26.245
26.375
26.505
26.610
26.745
26.870
27.000
27.240
27.365
27.495
27.605
27.730
27.855
27.980
28.105
28.235
28.360
28.595
28.725
28.780
28.865
28.975
29.120
29.275
29.375
29.610
29.735
29.875
30.120
30.255
30.380
30.505
30.635
30.755
30.875
31.135
31.255
31.380
31.500
31.620
31.735
31.860
32.110
32.235
32.365
32.485
32.600
32.735
32.865
32.995
33.240
33.370
33.505
33.605
33.740
33.860
33.985
34.120
34.250
34.380
34.500
34.620
34.745
34.875
35.125
35.250
35.380
35.510
35.625
35.735
36.020
36.260
36.385
36.610
36.735
36.900
37.030
37.155
37.265
37.385
37.520
