0.855
0.385
0.613
0.675
0.792
0.892
0.746
0.691
0.837
0.700
0.667
0.766
0.795
0.645
0.620
0.689
0.787
0.679
0.600
0.765
0.863
0.759
0.547
0.772
0.767
0.612
0.714
0.605
0.670
0.778
0.573
0.857
0.838
0.699
0.845
0.684
0.760
0.613
0.754
0.662
0.672
0.667
0.716
0.614
0.593
0.653
0.625
0.544
0.679
0.726
0.625
0.658
0.568
0.569
0.689
0.760
0.623
0.761
0.667
0.674
0.833
0.535
0.697
0.690
0.851
0.909
0.718
0.853
0.742
0.846
0.835
0.876
0.396
0.596
0.886
0.856
0.629
0.715
0.592
0.772
0.594
0.765
0.591
0.743
0.667
0.796
0.587
0.676
0.957
0.667
0.836
0.768
0.855
0.621
0.778
0.688
0.784
0.834
0.898
0.785
0.731
0.743
0.917
0.857
0.746
0.622
0.933
0.618
0.607
0.706
0.773
0.629
0.767
0.474
0.767
0.933
0.634
0.736
0.720
0.764
0.827
0.806
0.552
0.713
0.818
0.653
0.712
0.787
0.781
0.721
0.743
0.794
0.702
0.681
0.711
0.680
0.740
0.721
0.534
0.693
0.760
0.766
0.612
0.508
0.578
0.549
0.561
0.635
0.893
0.625
0.524
0.521
0.796
0.723
0.837
0.645
0.857
0.833
0.729
0.786
0.688
0.661
0.652
0.592
0.780
0.783
0.750
0.678
0.855
0.636
0.657
0.667
0.605
0.625
0.724
0.877
0.684
0.477
0.673
0.782
0.817
0.713
0.500
0.727
0.795
