0.507
0.000
0.558
0.719
0.600
0.646
0.529
0.164
0.581
0.688
0.256
0.505
0.696
0.444
0.514
0.475
0.737
0.486
0.660
0.381
0.596
0.167
0.514
0.343
0.519
0.504
0.667
0.538
0.396
0.322
0.356
0.643
0.568
0.350
0.522
0.447
0.193
0.295
0.194
0.333
0.333
0.366
0.347
0.370
0.280
0.214
0.303
0.367
0.564
0.430
0.220
0.667
0.408
0.200
0.500
0.381
0.304
0.648
0.475
0.466
0.247
0.130
0.442
0.222
0.218
0.874
0.472
0.502
0.673
0.784
0.638
0.614
0.055
0.131
0.667
0.453
0.815
0.592
0.475
0.590
0.226
0.162
0.647
0.520
0.538
0.888
0.189
0.733
0.933
0.514
0.625
0.333
0.815
0.652
0.696
0.825
0.719
0.894
0.842
0.759
0.823
0.497
0.609
0.353
0.685
0.686
0.857
0.736
0.634
0.805
0.795
0.396
0.868
0.626
0.591
0.722
0.495
0.388
0.696
0.625
0.744
0.691
0.696
0.446
0.687
0.039
0.498
0.737
0.519
0.658
0.292
0.159
0.307
0.499
0.221
0.576
0.229
0.362
0.104
0.855
0.549
0.529
0.314
0.126
0.320
0.428
0.333
0.388
0.067
0.093
0.174
0.080
0.690
0.693
0.429
0.301
0.432
0.767
0.685
0.619
0.678
0.705
0.571
0.214
0.455
0.712
0.040
0.525
0.698
0.167
0.054
0.530
0.128
0.415
0.319
0.636
0.584
0.390
0.605
0.598
0.837
0.431
0.613
0.429
0.889
