0.140
0.230
0.400
0.670
0.780
0.850
0.900
0.950
1.010
1.180
1.230
1.520
1.820
1.920
2.010
2.070
2.140
2.220
2.290
2.470
2.810
3.160
3.490
3.560
3.690
4.160
4.370
4.650
4.810
4.860
4.910
4.970
5.110
5.160
5.210
5.790
5.900
6.000
6.440
6.680
6.780
7.110
7.160
7.430
7.480
7.560
7.640
7.700
7.800
7.860
8.050
8.100
8.180
8.280
8.330
8.420
8.470
8.520
8.580
8.720
8.770
8.990
9.070
9.200
9.420
9.470
9.670
9.740
9.790
10.080
10.130
10.190
10.280
10.370
10.420
10.550
10.620
10.690
10.900
10.990
11.330
11.650
11.700
11.960
12.010
12.060
12.110
12.190
12.280
12.430
12.570
12.620
12.730
12.800
12.900
13.150
13.210
13.260
13.480
13.530
13.580
13.800
13.900
13.990
14.040
14.110
14.160
14.300
14.420
14.470
14.980
15.050
15.100
15.260
