0.010
0.150
0.490
0.560
0.620
0.730
0.840
0.890
0.980
1.090
1.140
1.200
1.510
1.720
1.770
1.860
1.910
1.960
2.090
2.140
2.510
2.560
2.720
2.880
3.000
3.090
3.140
3.240
3.640
4.330
4.780
4.900
5.010
5.130
5.360
5.800
5.920
6.020
6.150
6.350
6.800
6.910
6.980
7.110
7.240
7.350
7.560
7.900
8.570
8.620
8.960
9.010
9.060
9.110
9.210
9.260
9.310
9.440
9.580
9.640
9.980
10.030
10.110
10.200
10.330
10.540
10.600
10.690
10.930
10.980
11.070
11.120
11.170
11.270
11.380
11.430
11.520
11.600
11.650
11.730
11.920
11.970
12.030
12.120
12.260
12.380
12.470
12.530
12.610
12.870
13.040
13.110
13.230
13.370
13.420
13.470
13.520
13.610
13.850
13.900
13.980
14.080
14.210
14.310
14.430
14.490
14.830
14.880
15.250
15.370
15.420
15.550
15.670
16.240
17.100
17.170
17.240
17.430
17.480
17.580
17.750
17.800
17.900
18.050
18.260
18.310
18.360
18.560
18.670
18.720
18.820
18.990
19.120
19.310
19.380
19.440
19.610
19.660
19.750
19.890
20.030
20.080
20.200
20.400
20.970
21.570
21.650
21.720
21.910
22.030
22.180
22.230
22.290
22.350
22.510
22.560
22.690
22.740
22.990
23.090
23.240
23.390
23.520
23.720
23.780
23.850
24.010
24.060
24.160
24.310
24.460
24.510
24.610
24.800
25.360
25.600
25.690
25.960
26.020
26.070
26.160
26.280
26.420
26.470
26.580
26.700
26.750
26.850
27.040
27.090
27.170
27.350
27.490
27.620
27.760
27.900
28.090
28.160
28.210
28.260
28.390
28.440
28.520
28.570
28.650
28.800
28.950
29.120
29.170
29.270
29.320
29.440
29.570
29.620
29.700
29.840
29.970
30.170
30.220
30.310
30.450
30.590
30.730
30.870
30.920
31.000
31.180
31.230
31.290
31.340
31.470
31.610
31.750
31.900
32.040
32.210
32.340
32.390
32.440
32.510
32.660
32.710
32.840
32.890
33.010
33.060
33.180
33.230
33.440
33.490
33.560
33.720
34.300
