0.640
1.000
1.560
1.760
2.150
4.200
4.330
4.830
5.520
5.610
6.010
6.150
8.150
8.860
9.170
9.360
9.820
10.760
11.200
11.270
11.570
11.680
15.510
15.700
16.160
17.060
17.500
17.870
18.470
18.660
19.230
19.500
19.630
20.010
20.230
20.690
20.850
21.160
21.300
21.570
22.500
22.820
23.030
23.290
23.860
24.020
24.470
30.690
31.540
32.030
32.300
32.370
38.470
39.220
41.520
41.570
42.270
43.440
43.700
46.060
47.200
49.860
51.270
52.010
53.500
53.640
54.400
56.640
57.420
57.680
58.600
58.980
60.770
61.210
61.910
61.970
62.450
62.670
63.950
66.440
