1.000
0.875
0.900
1.000
1.000
0.944
0.871
0.738
0.774
0.894
0.827
0.868
0.902
0.938
0.925
1.000
0.962
1.000
1.000
1.000
1.000
0.786
0.828
0.952
0.679
0.811
0.737
0.235
0.864
0.438
0.667
0.391
0.583
0.846
0.553
0.923
0.286
0.895
0.983
0.870
0.957
1.000
0.154
0.551
0.392
0.500
0.417
0.655
0.308
0.600
0.550
0.708
0.862
0.412
0.333
0.184
0.429
0.533
0.667
0.286
0.950
0.795
0.967
0.873
0.894
0.935
0.952
0.897
0.692
1.000
0.864
0.654
0.643
0.600
0.765
0.679
0.658
0.838
0.667
0.708
0.727
0.742
0.750
0.783
0.818
0.661
0.833
0.711
0.941
0.774
0.714
0.545
0.744
0.767
0.693
0.714
0.727
0.597
0.580
0.633
0.830
0.667
0.757
0.691
0.795
0.519
0.547
0.754
0.733
0.635
0.768
0.658
0.682
0.653
0.610
0.857
0.779
0.651
0.762
0.684
0.600
0.507
0.631
0.585
0.594
0.530
0.568
0.477
0.505
0.520
0.607
0.532
0.679
0.767
0.444
0.753
0.519
0.431
0.716
0.520
0.494
0.845
0.617
0.663
0.714
0.366
0.545
0.718
0.695
0.930
0.750
0.960
0.777
0.705
0.846
0.727
0.804
0.000
0.151
0.316
0.875
0.836
0.652
0.810
0.743
0.741
0.796
0.587
0.782
0.759
0.556
0.983
0.553
0.778
0.515
0.176
0.500
0.689
0.719
0.939
0.413
0.934
0.716
0.826
0.167
0.611
0.873
0.696
0.983
0.716
0.593
0.900
0.781
0.655
0.750
0.920
0.773
0.812
0.849
0.624
0.969
0.500
0.819
0.746
0.689
1.000
1.000
0.960
1.000
1.000
0.778
0.806
0.933
0.673
1.000
0.536
0.700
1.000
0.917
0.824
0.818
0.593
0.930
0.732
0.573
0.767
0.603
0.733
0.667
0.555
0.698
0.800
0.660
0.727
0.762
0.850
0.722
0.517
0.763
0.981
0.660
0.790
0.253
0.733
0.763
0.786
0.714
0.674
0.689
0.761
0.637
0.668
0.535
0.725
0.488
0.607
0.219
0.926
0.776
0.779
0.510
0.405
0.420
0.390
0.498
0.500
0.286
0.350
0.762
0.542
0.741
0.769
0.674
0.597
0.750
0.861
0.729
0.821
0.675
0.732
0.580
0.449
0.580
0.761
0.271
0.644
0.855
0.318
0.457
0.780
0.700
0.442
0.594
0.345
0.753
0.772
0.477
0.527
0.383
0.545
0.820
0.970
0.759
0.850
0.655
0.937
0.840
1.000
1.000
1.000
0.869
0.418
0.050
0.734
0.700
0.864
0.000
0.600
0.846
0.455
0.864
