1.000
0.875
1.000
1.000
1.000
1.000
1.000
0.862
0.903
0.979
0.942
0.895
0.984
0.969
1.000
1.000
1.000
1.000
1.000
1.000
1.000
0.857
0.897
0.952
0.846
0.943
0.921
0.353
0.864
0.969
0.722
0.750
0.917
1.000
1.000
1.000
0.500
0.947
0.983
0.913
1.000
1.000
0.692
0.768
0.608
0.958
0.792
0.873
0.385
0.853
0.800
0.833
0.831
0.647
0.667
0.553
0.429
0.400
1.000
0.607
1.000
0.909
1.000
0.945
0.936
0.957
0.952
0.931
0.923
1.000
1.000
0.846
0.905
0.900
0.922
0.868
0.868
0.919
0.762
0.958
1.000
0.871
1.000
0.967
1.000
0.915
0.967
0.921
0.941
1.000
0.873
0.855
0.907
0.917
0.867
0.805
0.932
0.823
0.860
0.856
0.872
0.893
0.843
0.941
0.945
0.852
0.783
0.947
0.933
0.812
0.946
0.829
0.864
0.944
0.939
0.982
0.912
0.892
0.964
0.886
0.960
0.840
0.908
0.831
0.953
0.803
0.914
0.909
0.857
0.893
0.893
0.646
0.910
0.904
0.764
0.863
0.691
0.861
0.919
0.820
0.831
0.972
0.867
0.865
0.905
0.704
0.894
0.887
0.929
0.979
0.889
0.980
0.940
0.867
0.981
0.898
0.959
0.600
0.481
0.667
0.925
0.870
0.957
0.974
0.857
0.793
0.898
0.933
0.840
0.883
0.859
0.983
0.757
0.862
0.802
0.735
0.636
0.932
0.877
0.969
0.651
0.972
0.794
0.954
0.667
0.889
0.891
0.893
0.989
0.842
0.926
0.950
0.875
0.745
0.878
0.955
0.909
0.924
0.892
0.872
0.927
1.000
0.894
0.873
0.822
1.000
1.000
1.000
1.000
1.000
0.833
1.000
0.933
0.782
1.000
0.714
1.000
1.000
0.917
0.922
0.864
0.778
0.977
0.938
0.843
0.833
0.615
0.800
0.933
0.811
0.891
0.800
0.815
0.836
1.000
0.873
0.806
0.586
0.816
0.990
0.835
0.886
0.740
0.942
0.896
0.943
0.877
0.801
0.919
0.904
0.901
0.870
0.926
0.871
0.854
0.910
0.658
0.949
0.932
0.900
0.706
0.633
0.761
0.614
0.660
0.734
0.786
0.775
0.762
0.646
0.907
0.908
0.930
0.839
0.821
0.889
0.857
0.929
0.844
0.929
0.841
0.694
0.940
0.913
0.896
0.915
0.927
0.727
0.886
0.854
0.833
0.721
0.859
0.828
0.904
0.975
0.800
0.860
0.692
0.936
0.876
0.980
0.983
0.983
0.897
0.997
1.000
1.000
1.000
1.000
0.968
0.886
0.433
0.842
0.913
0.968
0.643
0.863
0.673
0.818
0.909
