0.035
0.151
0.186
0.372
0.488
0.720
0.836
1.068
1.207
1.416
1.765
1.881
2.148
2.241
2.461
2.577
2.821
3.286
3.518
3.634
3.831
4.029
4.331
4.586
4.667
5.027
5.352
5.631
5.944
6.049
6.304
6.409
6.629
6.803
7.326
7.442
7.639
7.802
8.069
8.371
8.406
8.719
8.847
9.183
9.404
9.764
9.892
10.136
10.240
10.612
10.844
10.948
11.192
11.552
11.645
11.854
12.005
12.237
12.574
12.945
13.061
13.410
13.619
13.781
14.002
14.118
14.327
14.443
14.559
14.652
14.710
14.768
14.988
15.372
15.732
15.824
16.068
16.196
16.393
16.533
16.904
17.090
17.229
17.392
17.589
17.798
17.961
18.158
18.297
18.506
18.622
18.901
18.982
19.226
19.331
19.598
19.876
19.911
20.016
20.248
20.387
20.561
20.712
21.049
21.281
21.409
21.769
22.013
22.105
22.361
22.674
23.023
23.255
23.441
23.731
23.847
23.951
24.056
24.184
24.404
24.543
24.671
24.752
24.869
25.078
25.240
25.414
25.530
25.739
25.855
26.076
26.192
26.517
26.819
26.924
27.249
27.330
27.469
27.562
28.038
28.177
28.294
28.677
28.886
29.002
29.211
29.559
29.698
29.791
