0.035
0.139
0.221
0.267
0.534
1.149
1.219
1.277
1.556
1.753
1.834
1.939
2.009
2.125
2.972
3.228
3.274
4.238
4.656
4.807
5.074
5.155
5.306
5.341
5.526
5.584
5.677
5.805
6.258
6.293
6.583
7.256
8.266
8.301
9.253
9.532
9.567
9.694
9.915
9.985
10.344
10.484
10.925
11.076
11.238
11.494
12.237
13.073
13.247
13.421
13.537
13.665
13.839
13.909
13.990
14.036
14.083
14.118
14.164
14.222
14.350
14.396
14.431
14.478
14.605
15.035
15.197
16.184
16.939
17.160
17.357
17.461
17.636
18.646
19.075
19.156
19.702
20.085
