0.035
1.010
1.556
1.916
1.962
2.043
2.485
3.007
3.065
3.170
3.704
3.820
4.145
4.191
4.319
4.447
4.609
6.130
6.258
6.594
6.745
6.780
6.838
6.908
7.036
7.094
7.221
7.744
7.802
8.034
8.255
8.359
8.731
8.951
9.137
9.300
9.787
9.857
10.077
10.205
10.344
10.461
10.542
10.600
10.728
10.971
11.273
11.645
11.807
12.016
12.260
12.318
12.713
12.875
13.026
13.142
13.317
13.560
14.965
15.047
15.128
15.499
15.732
15.766
15.999
16.080
16.196
16.324
16.776
16.846
17.032
17.659
17.856
18.855
18.971
20.027
20.155
20.201
20.573
20.631
21.002
21.177
21.293
21.362
21.606
21.653
21.687
21.734
21.780
21.838
21.978
22.059
22.187
22.221
22.280
22.338
22.581
22.628
22.756
23.336
23.533
23.696
23.824
23.859
23.928
24.613
24.799
25.159
25.275
25.321
25.426
25.461
25.542
25.704
25.844
26.900
27.016
27.109
27.156
27.191
27.434
27.759
28.456
28.630
28.688
28.758
29.129
29.396
29.594
29.803
