0.035
0.313
1.115
1.242
1.358
1.904
2.159
2.426
2.694
2.961
3.228
3.367
3.483
4.017
4.261
4.540
5.062
5.341
5.584
6.118
6.374
6.641
6.827
6.908
7.012
7.163
7.419
7.663
7.918
8.185
8.440
8.719
9.253
9.520
9.776
10.275
10.542
10.832
11.366
11.622
11.900
12.225
12.411
12.666
12.945
13.444
13.990
14.501
14.756
14.803
15.047
15.081
15.186
15.569
16.115
16.300
16.649
16.823
17.206
17.752
18.007
18.286
18.831
19.098
19.342
19.656
19.888
20.155
20.422
20.596
20.689
20.933
21.072
21.211
21.478
21.966
22.013
22.152
22.291
22.523
23.069
23.580
23.998
24.102
24.311
24.346
24.602
24.869
25.124
