0.104
0.395
0.557
0.685
0.964
1.115
1.231
1.393
1.509
1.765
2.055
2.322
2.473
2.589
2.740
2.844
2.995
3.123
3.286
3.402
3.553
3.669
3.936
4.365
4.493
4.656
4.923
5.027
5.178
5.317
5.433
5.573
5.712
5.851
6.118
6.269
6.409
6.676
6.966
7.094
7.210
7.372
7.500
7.616
7.767
7.906
8.022
8.626
9.149
9.404
10.089
10.495
10.774
11.297
11.459
11.564
11.714
11.854
12.109
12.272
12.411
12.666
12.945
13.212
13.491
13.630
13.769
13.920
14.036
14.176
14.303
14.571
14.849
15.383
15.673
15.813
15.929
16.196
16.335
16.486
16.637
16.753
17.322
17.856
18.297
18.576
18.680
18.971
19.238
19.772
20.283
20.712
20.840
20.991
21.386
21.943
22.361
22.407
22.477
22.639
23.034
23.313
23.580
23.847
24.114
24.276
24.393
24.532
24.660
24.799
25.217
25.461
25.925
26.053
26.192
26.297
26.587
28.479
29.187
