0.035
0.081
0.197
1.416
1.707
2.682
3.100
3.239
3.518
3.587
3.738
3.773
4.017
4.110
4.238
4.447
4.725
5.027
5.700
6.722
7.697
7.988
8.127
8.348
8.406
8.638
8.777
8.916
9.323
9.358
9.509
9.671
9.706
9.927
10.693
11.517
11.680
11.854
11.970
12.098
12.283
12.341
12.423
12.469
12.516
12.597
12.643
12.864
12.922
13.015
13.050
13.247
13.502
13.642
13.909
14.617
15.592
15.894
16.068
16.312
17.519
17.601
18.611
19.087
19.238
19.435
19.574
19.737
20.050
20.538
20.573
20.944
21.548
22.535
23.057
23.522
23.731
23.998
24.207
24.509
25.426
25.983
26.482
26.935
27.295
27.481
27.794
27.992
28.352
28.444
29.431
29.466
