0.035
0.279
0.615
0.859
0.894
1.149
1.184
2.067
2.264
2.961
3.053
3.796
3.843
3.994
4.110
4.284
4.400
4.435
4.586
4.841
4.876
5.143
5.190
5.294
5.433
5.550
5.759
5.793
6.432
7.361
7.663
7.906
8.208
8.243
8.464
8.789
9.091
9.648
9.694
9.985
10.112
10.855
11.424
11.622
11.831
12.144
12.632
12.887
13.456
13.735
14.025
14.315
14.919
15.174
15.209
15.441
15.813
16.068
16.370
16.556
16.707
16.939
16.997
17.229
17.833
17.903
18.007
18.170
18.402
18.437
18.727
18.843
18.982
19.284
19.458
19.598
19.772
19.841
20.468
20.631
20.793
20.898
21.351
21.664
21.920
21.954
22.245
22.779
23.011
23.139
23.429
23.603
23.708
23.835
24.114
24.451
24.602
24.869
25.414
25.472
26.018
26.297
26.610
27.481
27.678
27.771
28.328
28.410
28.642
28.758
28.932
28.979
29.257
29.420
29.617
