0.035
0.186
0.697
0.952
1.451
1.614
1.730
1.974
2.473
2.728
2.984
3.379
3.738
4.005
4.249
4.505
4.760
5.016
5.515
5.677
5.805
6.037
6.536
6.792
7.047
7.442
7.802
8.069
8.324
8.835
9.079
9.590
9.752
9.868
10.101
10.612
10.855
11.122
11.505
11.877
12.132
12.388
12.643
12.899
13.154
13.653
13.816
13.932
14.176
14.431
14.582
14.687
14.930
15.174
15.337
15.592
15.697
15.848
15.952
16.103
16.208
16.451
16.718
16.962
17.218
17.473
17.728
17.868
17.984
18.239
18.495
18.622
18.994
19.261
19.412
19.505
19.900
20.016
20.271
20.526
20.793
21.026
21.281
21.548
21.804
21.931
22.047
22.303
22.558
22.686
22.825
23.057
23.324
23.475
23.580
23.742
23.835
23.998
24.079
24.335
24.602
24.857
25.101
25.356
25.612
25.867
25.995
26.122
26.366
26.633
26.761
27.133
27.400
27.550
27.643
28.026
28.061
28.154
28.421
28.665
28.920
29.164
29.420
29.687
29.931
30.070
30.186
30.441
30.697
30.824
30.859
30.952
31.196
31.463
31.614
31.718
31.881
31.974
32.136
32.229
32.380
32.485
32.740
32.996
33.228
33.483
33.739
33.994
34.249
34.505
34.633
34.760
35.016
35.260
35.527
35.689
35.782
35.933
36.026
36.281
36.537
36.792
37.059
37.303
37.558
37.814
38.069
38.325
38.580
38.719
38.824
39.091
39.335
39.590
39.753
39.857
40.112
40.356
40.612
40.867
41.134
41.366
41.622
41.877
42.133
42.388
42.643
42.771
42.887
43.154
43.398
43.654
43.828
43.921
44.071
44.164
44.327
44.420
44.675
44.931
45.186
45.430
45.697
45.941
46.196
46.452
46.707
46.962
47.229
47.473
47.984
48.239
48.402
48.495
48.994
49.261
49.505
49.760
50.016
50.260
50.515
50.782
51.037
51.293
51.537
51.792
51.955
52.048
52.210
52.303
52.547
52.814
53.058
53.325
53.568
53.824
54.079
54.335
54.590
54.846
55.101
55.356
55.612
55.879
56.123
56.529
56.633
