0.035
0.209
2.554
3.750
3.924
4.667
5.317
5.654
6.200
6.339
7.140
7.639
7.767
7.895
8.011
8.127
8.255
8.382
8.499
8.626
8.742
8.858
9.114
9.253
9.613
9.741
9.868
9.996
10.101
10.217
10.484
10.600
10.716
10.844
10.971
11.088
11.215
11.343
11.482
11.587
11.714
11.831
11.970
12.086
12.214
12.330
12.574
12.701
12.829
12.945
13.154
13.410
13.526
13.653
13.769
13.886
14.013
14.141
14.269
14.385
14.512
14.629
14.756
14.884
15.012
15.128
15.256
15.348
15.499
15.639
15.732
15.859
15.987
16.103
16.242
16.358
16.486
16.602
16.742
16.858
16.974
17.101
17.229
17.334
17.473
17.601
17.717
17.833
17.961
18.077
18.204
18.332
18.448
18.588
18.704
18.820
18.947
19.075
19.203
19.296
19.435
19.574
19.679
19.807
19.934
20.050
20.178
20.306
20.434
20.538
20.677
20.793
20.933
21.049
21.177
21.293
21.420
21.548
21.664
21.780
21.920
22.024
22.163
22.268
22.407
22.535
22.651
22.732
22.779
22.906
23.023
23.243
23.382
23.522
23.626
23.754
23.870
23.998
24.126
24.253
24.369
24.485
24.625
24.741
24.880
24.985
25.112
25.228
25.356
25.496
25.612
25.716
25.855
25.972
26.099
26.215
26.343
26.471
26.598
26.715
26.842
26.970
27.191
27.330
27.469
27.574
27.690
27.829
27.945
28.061
28.189
28.317
28.433
28.584
28.677
28.828
28.944
29.176
29.304
29.443
29.547
29.663
29.803
29.919
30.047
30.163
30.290
30.407
30.534
30.662
30.778
30.917
31.033
31.138
31.277
31.428
31.649
31.788
31.904
32.009
32.148
32.264
32.380
32.531
32.636
32.856
32.891
33.007
33.112
33.251
33.390
33.483
33.611
33.739
33.866
33.994
34.110
34.238
34.366
34.482
34.598
34.725
34.853
35.085
35.225
35.364
35.468
35.585
35.724
35.840
35.956
36.107
36.223
36.328
36.479
36.583
36.711
36.827
36.943
37.047
37.187
37.326
37.431
37.547
37.686
37.802
37.930
38.046
38.185
38.290
38.429
38.545
38.673
38.801
39.021
39.160
39.300
39.416
39.520
39.660
39.776
39.903
40.031
40.159
40.263
40.414
40.519
40.670
40.774
41.006
41.134
41.378
41.506
41.622
41.749
41.877
41.993
42.121
42.249
42.365
42.493
42.620
42.736
42.980
43.108
43.259
43.352
43.468
43.595
43.723
43.839
43.979
44.211
44.350
44.455
44.594
44.710
44.838
44.942
45.082
45.221
45.325
45.441
45.569
45.697
45.813
45.941
46.068
46.184
46.312
46.440
46.556
46.684
46.916
47.055
47.195
47.299
47.415
47.554
47.659
47.787
47.914
48.158
48.298
48.402
48.704
48.936
49.180
49.667
49.935
50.062
50.294
50.422
50.538
50.898
51.154
51.630
51.885
52.024
52.268
52.407
52.512
52.860
53.116
53.162
53.359
53.603
53.847
54.010
54.242
54.346
54.486
54.834
55.089
55.333
55.577
55.821
55.983
56.204
56.320
56.459
56.587
56.796
57.051
57.295
57.539
57.783
57.945
58.166
58.282
58.421
58.770
59.025
59.269
59.513
59.757
59.919
60.140
60.256
60.395
60.523
60.743
60.999
61.231
61.486
61.730
61.881
62.113
62.229
62.369
62.508
62.717
62.973
63.205
63.460
63.704
63.866
64.087
64.203
64.470
64.691
64.935
65.178
65.434
65.678
65.829
66.061
66.165
66.653
66.908
67.152
67.396
67.651
67.802
68.034
68.139
68.638
68.894
69.126
69.370
69.613
69.776
70.008
70.113
70.240
70.403
70.600
70.856
71.100
71.343
71.587
71.750
71.970
72.086
72.226
72.342
72.377
72.574
72.737
73.062
73.317
73.561
73.712
73.944
74.048
74.199
74.385
74.548
74.791
75.035
75.291
75.535
75.697
75.918
76.022
76.278
76.521
76.765
77.009
77.253
77.497
77.659
77.764
77.891
77.996
78.240
78.483
78.739
78.983
79.226
79.482
79.633
79.726
79.865
79.970
80.097
80.213
80.457
80.701
80.956
81.189
81.456
81.595
81.699
81.932
82.187
82.431
82.675
82.918
83.174
83.418
83.580
83.673
83.812
83.917
84.161
84.405
84.648
84.892
85.136
85.391
85.542
85.647
85.775
85.891
86.030
86.134
86.367
86.622
86.866
87.110
87.365
87.516
87.620
87.748
88.004
88.108
88.352
88.596
88.840
89.083
89.339
89.501
89.583
89.826
90.082
90.326
90.569
90.813
91.069
91.324
