0.308455
0.452220
1.520292
1.603966
1.678455
1.768455
1.867231
1.988455
5.195802
5.501925
5.957027
8.028455
8.191721
8.397843
8.573353
11.359068
12.130496
12.369272
12.668455
13.750904
13.969272
14.179476
14.389680
14.608455
16.148864
16.438455
16.723603
18.068455
18.298455
18.518455
18.598455
19.348455
20.473353
20.703966
20.944782
21.193761
23.575394
23.740700
23.878455
24.026415
24.187639
24.312129
24.418455
24.591721
24.724374
24.838455
24.998455
25.178455
25.298455
25.463149
25.588455
25.738455
25.878455
26.024374
26.188455
26.346823
26.578455
26.746823
27.712129
28.248455
28.408047
28.648455
28.812129
29.048455
29.338455
30.618455
30.848455
31.048455
33.583557
33.748455
33.832537
33.918455
34.022333
34.099884
34.228455
34.446823
34.618455
34.778455
34.958455
37.854986
39.063149
39.330496
40.058455
40.291721
40.488455
40.669272
40.878455
41.769272
42.114170
42.359068
42.603966
44.667231
44.877435
44.978455
45.054986
45.132537
45.218455
47.012129
47.150904
50.093761
50.174374
50.267231
50.448455
50.526415
50.949884
51.096823
52.248455
52.428455
53.258455
53.478455
53.648455
53.762333
54.138455
54.308455
55.152945
55.348455
55.688455
55.838455
56.028455
56.168455
56.373353
56.478455
56.578455
56.848455
57.095802
57.697843
57.838659
58.065190
58.201925
58.410088
58.578455
58.778455
58.918455
59.095802
59.178455
59.348864
59.558455
59.652945
59.726415
59.854668
59.927231
60.003966
60.203966
60.340700
60.759068
