0.150
0.420
0.560
0.770
1.000
1.100
1.210
1.420
1.600
1.700
2.030
2.280
2.500
2.590
2.680
2.820
2.900
2.950
3.130
3.290
3.380
3.490
3.570
3.690
4.150
4.260
4.350
4.550
4.740
4.940
5.330
5.550
5.750
5.960
6.170
6.230
6.340
6.550
6.760
6.860
6.960
7.200
7.400
7.610
7.800
8.000
8.190
8.580
8.810
8.910
9.010
9.230
9.410
9.610
9.800
10.130
10.220
10.560
10.890
11.080
11.280
11.470
11.550
11.890
12.330
12.540
12.730
12.910
13.100
13.220
13.330
13.600
13.960
14.010
14.250
14.420
14.630
14.820
15.040
15.220
15.390
15.510
15.640
16.020
16.230
16.340
16.430
16.680
16.890
17.080
17.320
17.440
17.550
17.660
17.760
17.970
18.090
18.160
18.360
18.780
19.000
19.170
19.320
19.400
19.600
19.810
20.010
20.110
