0.415
0.495
0.745
1.055
1.355
1.650
1.950
2.270
2.560
2.860
3.160
3.465
3.770
4.070
4.375
4.675
4.710
4.980
5.280
5.595
5.875
6.190
6.485
6.710
6.785
6.855
7.100
7.395
7.695
8.005
8.065
8.180
8.295
8.610
8.895
9.205
9.370
9.510
9.620
9.815
10.115
10.440
10.710
11.030
11.330
11.640
11.935
12.250
12.550
12.860
13.160
13.470
13.775
14.080
14.375
14.680
14.975
15.290
15.610
15.895
16.190
16.485
16.780
17.095
17.395
17.720
18.025
18.315
18.610
18.935
19.220
19.515
19.645
19.815
20.140
20.290
20.435
20.735
