2.045
2.255
4.050
4.585
4.815
4.975
7.940
8.020
8.110
8.215
8.385
8.875
8.950
9.095
9.255
9.340
9.425
9.605
9.735
9.810
9.950
10.020
10.090
10.220
10.285
10.350
10.410
10.535
10.765
10.950
11.045
11.330
11.755
12.005
12.100
12.665
12.785
13.415
13.520
13.595
13.955
15.000
15.085
15.205
15.290
15.370
15.455
15.535
16.320
16.430
16.680
17.020
17.420
17.620
18.115
18.170
18.515
18.615
18.715
19.210
19.410
19.615
19.760
19.945
20.180
20.360
20.475
20.610
20.695
21.375
21.735
21.975
22.045
22.200
22.345
22.480
22.675
22.985
23.160
23.195
23.610
23.725
24.045
24.115
24.285
25.275
25.925
26.335
26.690
27.000
27.590
27.650
27.830
28.005
28.075
29.795
29.875
30.210
30.790
30.985
31.580
31.675
31.750
31.925
32.180
32.655
32.750
34.095
34.475
34.570
34.675
35.570
35.955
36.230
36.510
36.730
37.485
38.380
38.540
38.595
38.810
38.855
38.910
39.070
39.600
39.775
39.840
39.920
40.280
40.370
40.860
41.390
41.470
41.555
41.635
41.720
41.800
41.885
41.970
42.050
42.135
42.215
42.300
42.385
42.465
42.550
42.825
42.990
43.085
43.270
43.470
43.655
43.815
44.300
44.380
44.465
44.550
44.630
44.800
44.885
44.965
45.050
45.130
45.865
45.985
46.150
46.320
46.490
46.970
47.290
47.355
47.450
47.560
48.800
48.885
49.625
50.060
50.220
50.320
50.395
50.535
50.600
50.665
50.910
50.975
51.035
51.160
51.225
51.290
51.415
51.475
51.535
51.600
51.970
52.135
52.240
52.440
52.540
52.630
52.990
53.085
53.170
53.240
53.350
53.445
53.535
53.625
53.715
53.810
53.895
53.950
53.985
54.080
54.145
54.255
54.470
54.565
54.635
54.800
54.875
54.950
55.215
55.280
55.365
55.450
55.535
55.615
55.800
55.870
55.935
56.125
56.315
56.565
56.665
57.130
57.375
57.540
57.615
57.710
57.840
58.045
58.125
58.195
58.290
58.360
58.460
58.540
58.625
58.710
58.790
58.855
58.940
59.190
59.275
59.370
59.455
59.520
59.685
59.775
59.930
60.020
60.100
60.185
60.265
60.350
60.430
60.610
60.705
61.115
61.185
61.265
61.395
61.430
61.760
61.900
61.980
62.035
62.095
62.160
62.255
62.340
62.505
62.655
62.755
62.915
63.170
63.245
63.330
63.575
63.705
63.770
63.830
63.930
64.040
64.165
64.240
64.305
64.480
64.560
64.685
64.875
65.065
65.260
65.360
65.445
65.620
65.800
65.960
66.920
67.055
67.200
67.525
67.780
68.500
69.165
69.330
69.580
69.830
69.990
70.075
70.495
70.665
70.795
70.920
71.105
71.590
71.780
72.060
72.585
73.265
73.340
73.570
74.245
74.480
74.580
74.670
74.910
75.220
75.520
76.050
76.485
