1.710
1.765
1.820
1.870
1.975
2.035
2.560
2.945
3.085
3.310
3.625
3.780
3.875
3.935
4.280
4.560
4.865
5.170
5.370
5.440
5.635
5.710
5.945
5.995
6.050
6.155
6.215
6.495
6.725
6.760
7.120
7.240
7.515
7.765
8.040
8.325
8.435
8.570
8.765
8.855
8.990
9.095
9.290
9.355
9.545
9.615
9.875
10.410
10.905
11.190
11.650
11.855
11.965
12.460
12.870
13.010
13.295
13.805
13.845
14.040
14.105
14.295
14.545
14.615
14.830
15.085
15.145
15.390
15.605
15.810
15.880
16.135
16.395
16.560
16.635
16.835
16.895
16.930
17.090
17.175
17.460
17.600
17.715
17.980
18.235
18.780
19.145
19.280
19.520
19.570
19.790
19.935
20.005
20.095
20.180
20.300
20.620
20.735
20.840
21.120
21.155
21.245
21.350
21.610
21.760
21.895
22.155
22.405
22.440
22.705
22.930
23.385
23.485
23.720
23.975
24.245
24.490
24.525
24.735
24.980
25.050
25.270
25.525
25.560
25.920
26.010
26.130
26.185
26.305
26.480
26.620
27.155
27.450
27.675
27.870
27.910
28.035
28.160
28.345
28.415
28.675
28.905
29.140
29.215
29.420
29.455
29.665
29.725
29.985
30.060
30.145
30.260
30.515
30.700
30.785
31.290
31.830
31.980
32.070
32.195
32.335
32.590
32.840
33.085
33.350
33.595
33.660
33.890
34.185
34.385
34.450
34.615
34.705
34.875
35.220
35.475
36.045
36.260
36.310
36.520
36.570
36.780
36.835
37.045
37.305
37.360
37.565
37.620
37.825
38.140
38.375
39.140
39.675
40.205
40.240
40.450
40.495
40.815
40.935
41.010
41.140
41.270
41.770
42.120
42.285
42.320
42.545
42.830
43.080
43.265
43.335
43.775
43.835
44.125
44.250
44.375
44.645
44.905
45.115
45.160
45.390
45.685
45.775
45.820
45.945
46.205
46.385
46.455
46.790
46.985
47.245
47.510
47.835
48.060
48.570
48.845
49.305
49.585
49.645
49.870
50.095
50.545
50.655
50.925
51.445
51.540
51.710
52.205
52.620
52.730
53.025
53.260
53.505
53.770
53.815
54.005
54.260
54.510
54.580
54.830
55.045
55.280
55.430
55.520
55.610
55.870
56.350
56.400
56.870
56.960
57.160
57.195
58.000
58.135
58.270
58.525
58.790
59.050
59.315
59.575
59.805
60.065
60.295
60.480
60.570
60.730
60.815
60.850
60.900
61.085
61.170
61.350
61.620
61.805
61.870
61.935
62.155
62.205
62.405
62.450
62.680
62.735
62.900
62.940
63.235
63.270
63.535
63.610
63.795
64.005
64.310
64.615
64.745
64.880
65.145
65.410
65.550
65.680
65.945
66.225
66.340
66.475
66.720
66.780
67.010
67.145
67.180
67.280
67.475
67.550
69.125
