0.175
2.505
3.285
3.875
4.695
5.075
5.130
5.670
5.770
5.935
6.165
6.340
6.580
6.855
7.100
7.230
7.355
7.485
7.595
7.725
7.855
7.980
8.090
8.220
8.345
8.470
8.595
8.710
8.820
9.065
9.175
9.575
9.700
9.825
9.960
10.065
10.175
10.565
10.685
10.810
10.935
11.050
11.180
11.300
11.425
11.545
11.680
11.800
11.925
12.045
12.290
12.420
12.540
12.655
12.785
12.915
13.125
13.370
13.490
13.595
13.735
13.860
13.980
14.105
14.230
14.335
14.470
14.600
14.725
14.845
14.970
15.095
15.220
15.315
15.465
15.695
15.835
15.950
16.070
16.205
16.315
16.450
16.570
16.695
16.820
16.930
17.065
17.185
17.285
17.435
17.540
17.680
17.805
17.930
18.040
18.175
18.280
18.415
18.545
18.670
18.790
18.910
19.040
19.160
19.260
19.405
19.510
19.650
19.775
19.895
20.005
20.140
20.255
20.395
20.510
20.645
20.765
20.885
21.015
21.130
21.235
21.380
21.485
21.620
21.745
21.875
21.990
22.120
22.225
22.370
22.490
22.615
22.695
22.735
22.860
22.985
23.105
23.205
23.355
23.455
23.585
23.720
23.840
23.955
24.090
24.200
24.340
24.455
24.585
24.710
24.820
24.955
25.180
25.325
25.430
25.570
25.695
25.820
25.925
26.065
26.165
26.305
26.435
26.555
26.680
26.800
26.930
27.150
27.295
27.400
27.540
27.665
27.785
27.900
28.030
28.145
28.280
28.395
28.650
28.900
29.145
29.270
29.515
29.635
29.765
29.885
30.005
30.115
30.250
30.375
30.500
30.625
30.745
30.875
31.095
31.245
31.495
31.605
31.745
31.860
31.980
32.090
32.225
32.340
32.495
32.595
32.845
32.960
33.070
33.210
33.455
33.585
33.705
33.830
33.950
34.070
34.195
34.325
34.445
34.565
34.690
34.820
35.040
35.185
35.435
35.555
35.685
35.800
35.855
35.925
36.035
36.175
36.285
36.445
36.540
36.665
36.790
36.905
37.015
37.155
37.280
37.395
37.520
37.645
37.765
37.895
38.010
38.140
38.260
38.390
38.510
38.630
38.760
38.880
38.985
39.130
39.290
39.375
39.495
39.625
39.740
39.865
39.985
40.115
40.230
40.375
40.485
40.735
40.850
40.960
41.100
41.210
41.340
41.470
41.590
41.715
41.835
41.955
42.080
42.210
42.330
42.455
42.580
42.705
42.925
43.070
43.320
43.440
43.555
43.685
43.810
43.920
44.050
44.175
44.315
44.425
44.550
44.675
44.795
44.900
45.050
45.280
45.410
45.535
45.655
45.785
45.895
46.025
46.150
46.275
46.400
46.525
46.650
46.770
46.875
47.020
47.260
47.385
47.510
47.610
47.755
47.875
48.010
48.125
48.260
48.375
48.595
48.655
48.895
49.170
49.630
49.895
50.030
50.250
50.365
50.490
50.615
50.865
51.115
51.605
51.850
52.005
52.230
52.335
52.460
52.605
52.825
53.075
53.320
53.570
53.815
53.975
54.195
54.305
54.430
54.555
54.800
55.045
55.290
55.540
55.785
55.950
56.160
56.275
56.545
56.760
57.005
57.255
57.505
57.670
57.750
57.910
58.135
58.240
58.490
58.735
58.980
59.020
59.225
59.260
59.475
59.725
59.885
60.100
60.215
60.485
60.710
60.955
61.200
61.325
61.450
61.620
61.695
61.855
62.080
62.185
62.435
62.675
62.925
62.960
63.170
63.420
63.665
63.825
64.050
64.155
64.425
64.650
64.895
65.140
65.390
65.555
65.640
65.790
66.020
66.125
66.375
66.620
66.865
66.900
67.115
67.360
67.615
67.750
67.980
68.095
68.355
68.595
68.860
69.085
69.335
69.500
69.580
69.740
69.965
70.075
70.200
70.320
70.565
70.810
71.055
71.310
71.550
71.715
71.925
72.040
72.175
72.290
72.430
72.535
72.695
72.835
73.030
73.280
73.525
73.680
73.905
74.015
74.260
74.295
74.510
74.755
75.000
75.250
75.500
75.660
75.880
75.985
76.240
76.480
76.725
76.970
77.220
77.465
77.630
77.720
77.850
77.960
78.085
78.210
78.450
78.700
78.945
79.190
79.440
79.590
79.690
79.820
79.930
80.180
80.425
80.670
80.915
81.165
81.350
81.410
81.555
81.660
81.795
81.900
82.155
82.395
82.640
82.885
83.135
83.385
83.545
83.635
83.755
83.870
84.125
84.365
84.615
84.855
85.110
85.350
85.520
85.605
85.740
85.845
85.975
86.095
86.335
86.585
86.830
87.080
87.325
87.485
87.575
87.700
87.820
87.955
88.070
88.310
88.560
88.805
89.050
89.300
89.455
89.550
89.785
90.040
90.285
90.530
90.775
91.025
91.275
