0.310
0.350
0.730
1.150
1.570
1.990
2.410
2.820
2.860
3.240
3.660
3.700
4.080
4.500
4.540
4.920
5.340
5.380
5.760
6.180
6.600
6.640
7.020
7.440
7.860
8.280
8.700
9.120
9.540
9.960
10.380
10.790
11.210
11.250
11.630
11.670
12.060
12.900
13.510
13.590
13.700
13.740
13.920
13.960
14.150
14.300
14.370
14.570
14.990
15.230
15.400
15.830
16.250
16.670
16.880
16.960
17.050
17.090
17.220
17.360
17.510
17.760
17.920
18.240
18.350
18.600
18.770
19.040
19.160
19.200
19.420
19.600
20.470
20.620
21.040
21.460
21.850
21.890
22.120
22.170
22.300
22.700
22.740
23.010
23.140
23.560
23.840
23.980
24.110
24.370
24.410
24.740
24.810
25.080
25.200
25.240
25.490
25.600
25.650
25.870
25.910
26.080
26.120
26.280
26.490
26.910
27.340
27.750
28.000
28.180
28.300
28.410
28.590
28.690
28.840
29.010
29.430
29.670
29.720
29.820
29.860
29.980
30.120
30.250
30.290
30.530
30.660
30.700
30.930
