0.279
0.418
0.453
0.650
0.766
0.801
0.929
1.045
1.196
1.347
1.486
1.614
1.649
1.730
1.927
2.055
2.218
2.252
2.368
2.485
2.543
2.624
2.752
2.810
2.914
3.065
3.123
3.332
3.448
3.599
3.646
3.773
3.924
3.982
4.110
4.214
4.307
4.447
4.493
4.725
4.760
4.841
5.004
5.039
5.178
5.306
5.433
5.573
5.724
5.851
5.909
6.014
6.142
6.281
6.420
6.548
6.699
6.838
6.978
7.094
7.221
7.279
7.407
7.523
7.651
7.790
7.825
7.953
8.104
8.220
8.348
8.382
8.557
8.649
8.684
8.789
8.928
9.009
9.044
9.218
9.358
9.497
9.625
9.822
9.938
10.066
10.194
10.344
10.461
10.495
10.623
10.681
10.913
11.122
11.180
11.308
11.482
11.517
11.610
11.726
11.761
11.889
12.028
12.074
12.144
12.307
12.458
12.620
12.725
12.771
12.829
12.922
12.957
13.050
13.177
13.305
13.433
13.584
13.619
13.746
13.862
13.944
14.013
14.141
14.303
14.362
14.571
14.640
14.721
14.756
14.791
14.907
14.954
15.081
15.197
15.244
15.418
15.488
15.627
15.743
15.999
16.254
16.382
16.463
16.556
16.695
16.858
16.951
17.113
17.299
17.380
17.984
18.181
18.274
18.309
18.437
18.576
18.715
18.855
18.901
19.133
19.249
19.423
19.574
19.621
19.714
19.865
19.900
19.934
19.981
20.050
20.155
20.248
20.306
20.434
20.550
20.596
20.689
20.724
20.828
21.130
21.269
21.386
21.606
21.664
21.815
21.943
22.105
22.221
22.372
