0.104
0.139
0.221
0.348
0.557
0.662
0.766
0.871
0.975
1.010
1.103
1.219
1.324
1.440
1.521
1.660
1.904
2.020
2.055
2.171
2.264
2.392
2.461
2.601
2.705
2.833
3.053
3.123
3.170
3.286
3.402
3.529
3.599
3.738
3.843
3.959
4.075
4.203
4.412
4.516
4.679
4.795
4.923
5.027
5.155
5.248
5.375
5.480
5.573
5.608
5.700
5.817
5.944
6.072
6.188
6.304
6.432
6.571
6.606
6.676
6.873
7.187
7.535
7.848
8.092
8.359
8.591
8.835
9.079
9.323
9.555
9.683
9.892
10.031
10.066
10.252
10.484
10.704
10.739
10.832
10.867
10.971
11.076
11.169
11.204
11.308
11.413
11.529
11.645
11.761
11.865
11.935
11.981
12.109
12.214
12.341
12.434
12.562
12.678
12.794
