0.337
0.743
1.173
1.591
2.009
2.426
2.844
3.262
3.692
4.110
4.528
4.946
5.364
5.782
6.200
6.618
7.047
7.465
7.883
8.301
8.719
9.137
9.567
9.973
10.403
10.820
11.238
11.656
12.074
12.922
13.526
13.619
13.758
14.176
15.267
15.418
15.859
16.277
16.695
16.916
16.974
17.067
17.241
17.392
17.531
17.786
17.949
18.262
18.379
18.634
18.797
19.180
19.632
20.643
21.060
21.490
21.873
21.908
22.140
22.326
22.709
22.756
23.162
23.591
23.859
24.009
24.393
24.427
24.764
24.845
25.228
25.263
25.519
25.681
25.890
25.937
26.099
26.517
26.935
27.365
27.771
28.201
28.595
29.037
29.443
29.838
29.872
30.140
30.279
30.720
