0.116
0.360
0.580
1.022
1.300
1.440
1.683
1.718
1.869
2.043
2.159
2.322
2.554
2.752
2.926
3.019
3.123
3.204
3.460
3.611
4.075
4.516
4.946
5.120
5.166
5.224
5.387
5.666
5.828
6.118
6.258
6.513
6.699
6.908
6.978
7.140
7.407
7.454
7.570
7.605
8.034
8.324
8.464
8.510
8.754
8.893
8.928
9.102
9.207
9.369
9.543
9.660
9.741
9.799
10.170
10.228
10.519
10.670
11.099
11.552
11.981
12.260
12.411
12.701
12.864
13.142
13.293
13.746
14.025
14.164
14.605
15.035
15.464
15.743
15.871
16.196
16.358
16.451
16.649
16.788
17.218
17.485
17.647
18.088
18.530
18.843
18.947
19.006
19.215
19.389
19.667
19.841
20.120
20.283
20.515
20.689
21.142
21.595
22.036
22.465
22.744
22.837
23.197
23.359
23.406
23.638
23.731
23.789
24.218
24.369
24.648
25.101
25.321
25.542
25.832
26.250
26.413
26.691
26.854
27.109
27.295
27.690
27.725
27.934
28.154
28.595
29.025
29.455
29.733
29.896
30.186
30.348
30.627
30.766
30.952
31.208
31.649
32.090
32.520
32.949
33.239
33.402
33.681
33.843
34.145
34.284
34.551
34.737
