0.035
0.128
0.592
0.639
0.778
0.917
1.115
1.428
1.614
1.939
2.032
2.125
2.159
2.357
2.461
2.566
2.705
2.856
3.065
3.146
3.216
3.448
3.576
3.878
4.029
4.098
4.203
4.272
4.412
4.876
4.981
5.050
5.132
5.341
5.468
5.515
5.642
5.735
5.840
5.968
6.293
6.420
6.931
7.047
7.268
7.442
7.593
7.767
7.906
7.953
8.185
8.336
8.417
8.673
8.870
9.207
9.392
9.532
9.613
9.741
9.845
9.880
10.368
10.507
10.612
10.704
10.820
10.855
10.937
11.366
11.587
11.865
12.016
12.202
12.249
12.318
12.585
12.794
12.945
13.050
13.398
13.619
13.769
13.862
14.013
14.106
14.199
14.315
14.524
14.582
14.896
15.035
15.244
15.430
15.476
15.615
15.755
15.813
16.010
16.115
16.219
16.335
16.486
16.625
16.765
16.881
16.974
17.241
17.287
17.496
17.728
17.868
17.995
18.251
18.425
18.692
18.750
18.843
19.017
19.156
19.319
19.435
19.482
19.667
19.807
19.923
20.016
20.132
20.410
20.538
20.654
20.805
20.863
21.084
21.339
21.513
21.653
21.711
21.780
21.885
21.989
22.036
22.140
22.268
22.384
22.628
22.756
22.906
23.034
23.150
23.266
23.371
23.557
23.603
23.731
23.917
24.114
24.311
24.497
24.706
24.834
24.938
25.136
25.379
25.635
25.786
26.099
26.285
26.424
26.598
26.691
26.935
27.005
27.051
27.434
27.481
27.574
27.725
27.829
27.957
28.073
28.201
28.294
28.328
28.456
28.514
28.619
28.932
29.071
29.420
29.756
29.884
