0.046
0.325
0.464
0.627
0.894
1.219
1.521
1.939
2.357
2.984
3.413
3.773
4.145
4.447
4.481
4.876
5.236
6.618
6.780
7.059
7.430
7.790
7.941
8.162
8.533
8.568
8.742
9.207
9.509
9.671
9.996
10.356
10.716
11.088
11.447
11.819
12.202
12.550
12.608
12.910
13.282
13.642
14.013
14.373
14.443
14.745
15.116
15.476
15.848
16.196
16.567
16.927
17.310
17.670
18.030
18.100
18.413
18.762
19.133
19.342
19.493
19.876
20.596
20.956
21.153
21.362
21.699
21.780
22.059
22.419
22.802
23.174
23.522
23.893
23.940
24.265
24.625
24.938
25.124
25.356
25.716
26.076
26.157
26.459
26.819
26.935
27.191
27.423
27.550
27.748
27.910
28.282
28.642
29.013
29.060
29.396
29.745
