0.035
0.070
0.104
0.151
0.197
0.279
0.406
0.453
0.499
0.615
0.650
0.836
0.998
1.161
1.207
1.382
1.428
1.521
1.765
1.892
1.997
2.113
2.183
2.241
2.334
2.426
2.461
2.543
2.682
2.740
2.949
2.984
3.077
3.146
3.204
3.239
3.297
3.355
3.448
3.541
3.587
3.657
3.715
3.808
3.924
4.087
4.145
4.226
4.331
4.377
4.458
4.516
4.551
4.772
4.876
4.934
5.004
5.039
5.248
5.364
5.422
5.550
5.584
5.689
5.747
5.817
5.851
5.933
6.049
6.084
6.130
6.200
6.258
6.304
6.397
6.478
6.583
6.780
6.838
6.954
7.082
7.152
7.279
7.430
7.523
7.558
7.628
7.686
7.732
7.814
7.883
7.976
8.092
8.266
8.324
8.382
8.487
8.568
8.603
8.649
8.835
8.870
8.975
9.160
9.230
9.300
9.392
9.451
9.532
9.601
9.660
9.764
9.799
9.834
9.985
