0.035
0.093
0.139
0.267
0.313
0.360
0.441
0.604
0.755
0.952
1.115
1.231
1.300
1.347
1.521
1.637
1.753
1.811
1.916
1.997
2.113
2.218
2.334
2.485
2.519
2.705
2.879
2.914
3.019
3.053
3.123
3.216
3.390
3.541
3.576
3.669
3.704
4.040
4.226
4.319
4.377
4.423
4.621
4.737
4.772
4.981
5.085
5.132
5.271
5.433
5.526
5.596
5.793
5.933
6.060
6.107
6.211
6.374
6.467
6.687
6.745
6.815
6.966
7.105
7.152
7.419
7.465
7.512
7.616
7.744
7.802
7.860
8.022
8.069
8.162
8.208
8.290
8.359
8.452
8.487
8.615
8.696
8.777
8.835
8.905
9.021
9.114
9.183
9.218
9.311
9.346
9.497
9.590
9.718
9.764
9.915
9.950
