0.070
0.197
0.290
0.325
0.360
0.511
0.604
0.662
0.708
0.778
0.848
0.917
0.998
1.080
1.254
1.289
1.324
1.474
1.556
1.649
1.741
1.788
1.869
1.904
1.974
2.009
2.055
2.171
2.206
2.299
2.334
2.368
2.543
2.612
2.659
2.775
2.868
2.984
3.100
3.262
3.309
3.344
3.495
3.541
3.587
3.646
3.820
3.982
4.133
4.296
4.447
4.516
4.621
4.760
4.946
5.074
5.178
5.306
5.364
5.526
5.561
5.608
5.724
5.805
5.840
5.979
6.118
6.165
6.316
6.502
6.571
6.618
6.745
6.815
6.966
7.059
7.221
7.326
7.384
7.465
7.581
7.616
7.651
7.709
7.755
7.790
7.976
8.034
8.069
8.185
8.266
8.301
8.440
8.510
8.603
8.742
8.835
8.940
9.009
9.218
9.311
9.381
9.416
9.555
9.648
9.764
9.880
