0.035
0.093
0.139
0.244
0.279
0.476
0.580
0.708
0.743
0.894
1.010
1.161
1.254
1.312
1.393
1.463
1.556
1.718
1.765
1.904
2.090
2.136
2.229
2.368
2.438
2.485
2.601
2.798
2.833
2.961
3.239
3.460
3.529
3.576
3.680
3.796
3.878
4.017
4.075
4.180
4.249
4.435
4.609
4.795
5.004
5.259
5.561
5.596
5.712
5.909
6.014
6.153
6.200
6.246
6.316
6.409
6.467
6.560
6.618
6.827
6.873
6.989
7.024
7.117
7.187
7.245
7.500
7.639
7.837
7.964
7.999
8.034
8.127
8.173
8.336
8.406
8.522
8.766
8.800
8.882
8.940
9.044
9.195
9.230
9.358
9.474
9.683
9.718
9.822
9.961
