0.197
7.129
7.512
7.616
7.744
7.872
7.999
8.104
8.243
8.359
8.475
8.615
8.719
8.835
8.986
9.091
9.207
9.590
9.718
9.845
9.985
10.077
10.194
10.344
10.588
10.704
10.832
10.948
11.064
11.192
11.320
11.564
11.703
11.819
11.947
12.063
12.202
12.318
12.446
12.562
12.678
12.806
12.934
13.142
13.514
13.630
13.758
13.862
13.990
14.118
14.245
14.362
14.489
14.617
14.745
14.861
14.988
15.116
15.232
15.337
15.464
15.604
15.720
15.836
15.964
16.091
16.219
16.335
16.463
16.579
16.718
16.834
16.951
17.078
17.206
17.310
17.438
17.578
17.694
17.810
17.937
18.054
18.181
18.309
18.437
18.564
18.692
18.808
18.936
19.064
19.180
19.284
19.412
19.540
19.667
19.772
19.911
20.027
20.155
20.283
20.410
20.526
20.666
20.770
20.910
21.037
21.153
21.269
21.397
21.525
21.641
21.757
21.896
22.013
22.140
22.256
22.396
22.512
22.639
22.721
22.756
22.883
22.999
23.127
23.220
23.359
23.487
23.603
23.719
23.859
23.975
24.102
24.230
24.358
24.474
24.602
24.718
24.845
24.961
25.205
25.345
25.461
25.588
25.693
25.832
25.948
26.076
26.192
26.320
26.448
26.575
26.691
26.819
26.947
27.167
27.307
27.434
27.562
27.667
27.806
27.922
28.050
28.166
28.305
28.421
28.561
28.665
28.804
28.920
29.164
29.292
29.420
29.536
29.640
29.780
29.896
30.023
30.140
30.267
30.395
30.523
30.639
30.766
30.894
31.126
31.266
31.637
31.777
31.881
31.997
32.113
32.241
32.357
32.496
32.612
32.740
32.821
32.868
32.984
33.088
33.228
33.472
33.588
33.727
33.843
33.971
34.087
34.215
34.342
34.470
34.586
34.714
34.842
35.062
35.201
35.457
35.561
35.712
35.817
35.944
36.061
36.200
36.304
36.444
36.560
36.688
36.815
36.931
37.036
37.175
37.291
37.419
37.535
37.663
37.790
37.895
38.034
38.162
38.266
38.406
38.522
38.650
38.777
38.905
39.010
39.137
39.265
39.393
39.509
39.636
39.764
39.869
40.008
40.136
40.240
40.391
40.496
40.751
40.879
40.983
41.123
41.366
41.471
41.610
41.726
41.854
41.970
42.098
42.225
42.353
42.446
42.481
42.597
42.725
42.957
43.096
43.340
43.445
43.572
43.712
43.828
43.944
44.071
44.188
44.339
44.443
44.571
44.687
44.815
44.919
45.058
45.198
45.302
45.418
45.546
45.674
45.801
45.917
46.045
46.173
46.289
46.417
46.544
46.672
46.788
46.904
47.032
47.160
47.287
47.357
47.404
47.531
47.636
47.775
47.891
48.147
48.286
48.379
48.681
48.913
49.157
49.644
49.923
50.039
50.271
50.387
50.515
50.887
51.130
51.618
51.873
52.013
52.245
52.361
52.489
52.628
52.849
53.092
53.336
53.592
53.835
53.986
54.219
54.323
54.462
54.822
55.066
55.310
55.554
55.809
55.948
56.181
56.297
56.436
56.564
56.784
57.028
57.272
57.411
57.516
57.771
57.911
58.143
58.259
58.398
58.514
58.758
59.002
59.246
59.385
59.490
59.745
59.884
60.116
60.244
60.488
60.732
60.976
61.219
61.463
61.719
61.858
62.090
62.206
62.334
62.462
62.694
62.949
63.193
63.437
63.681
63.832
64.075
64.180
64.435
64.668
64.923
65.167
65.411
65.666
65.805
66.038
66.154
66.281
66.397
66.641
66.885
67.129
67.384
67.628
67.767
68.000
68.116
68.615
68.882
69.103
69.358
69.602
69.753
69.973
70.101
70.217
70.345
70.577
70.832
71.076
71.216
71.320
71.576
71.715
71.947
72.063
72.202
72.319
72.562
73.050
73.294
73.549
73.689
73.932
74.037
74.165
74.292
74.524
74.780
75.024
75.163
75.267
75.511
75.662
75.894
76.011
76.254
76.498
76.742
76.986
77.125
77.241
77.485
77.624
77.740
77.868
77.984
78.112
78.228
78.472
78.716
78.959
79.099
79.215
79.459
79.610
79.714
79.842
79.958
80.202
80.446
80.689
80.933
81.072
81.177
81.432
81.572
81.688
81.816
81.920
82.048
82.175
82.408
82.663
82.907
83.046
83.151
83.406
83.545
83.661
83.778
83.894
84.149
84.381
84.637
84.881
85.020
85.124
85.380
85.519
85.624
85.763
85.867
85.995
86.111
86.355
86.599
86.854
87.098
87.342
87.493
87.597
87.713
87.841
87.969
88.085
88.340
88.573
88.828
89.072
89.316
89.478
89.571
89.803
89.942
90.059
90.302
90.546
90.802
91.045
91.301
