0.139
0.197
0.232
0.325
0.395
0.511
0.557
0.592
0.673
0.743
0.778
0.813
0.871
0.917
1.080
1.196
1.231
1.289
1.370
1.405
1.463
1.544
1.579
1.614
1.672
1.753
1.788
1.869
1.950
1.985
2.067
2.148
2.183
2.264
2.334
2.368
2.461
2.566
2.601
2.740
2.856
2.984
3.158
3.193
3.251
3.309
3.367
3.402
3.460
3.529
3.680
3.738
3.785
3.889
4.017
4.087
4.226
4.272
4.342
4.423
4.540
4.598
4.644
4.714
4.783
4.818
4.923
5.016
5.097
5.166
5.201
5.271
5.341
5.399
5.468
5.503
5.573
5.619
5.666
5.724
5.770
5.805
6.026
6.060
6.130
6.235
6.269
6.351
6.397
6.502
6.571
6.676
6.734
6.838
6.966
7.012
7.047
7.245
7.303
7.419
7.605
7.663
7.790
7.848
7.999
8.069
8.127
8.173
8.255
8.359
8.429
8.557
8.603
8.638
8.707
8.777
8.858
8.963
9.091
9.125
9.218
9.300
9.416
9.485
9.590
9.625
9.660
9.718
9.799
9.857
9.985
10.054
10.089
10.170
10.240
10.310
10.344
10.426
10.484
10.577
10.681
10.739
10.844
10.913
10.995
11.134
11.169
11.285
11.401
11.447
11.552
11.610
11.738
11.831
11.889
11.947
12.086
12.179
12.237
12.353
12.411
12.504
12.620
12.678
12.783
12.922
13.050
13.119
13.177
13.259
13.444
13.537
13.607
13.700
13.746
13.851
13.909
13.990
14.060
14.118
14.153
14.187
14.338
14.373
14.443
14.478
14.524
14.594
14.629
14.698
14.791
14.849
14.965
15.012
15.139
15.244
15.395
15.453
15.627
15.662
15.755
15.801
15.929
15.964
16.033
16.080
16.254
16.324
16.370
16.498
16.591
16.672
16.707
16.834
16.881
16.951
17.067
17.101
17.171
17.276
17.392
17.450
17.566
17.647
17.694
17.763
17.821
17.891
17.972
18.112
18.170
18.204
18.251
18.286
18.413
18.646
18.727
18.773
18.889
18.994
19.052
19.180
19.342
19.389
19.493
19.574
19.644
19.702
19.853
19.900
20.074
20.306
20.434
20.480
20.515
20.573
20.666
20.770
20.817
20.968
21.026
21.153
21.223
21.293
21.397
21.525
21.618
21.745
21.978
22.117
22.163
22.245
22.291
22.384
22.419
22.523
22.570
22.651
22.698
22.848
22.918
23.011
23.174
23.278
23.371
23.406
23.464
23.557
23.708
23.824
23.905
23.975
24.126
24.218
24.358
24.485
24.555
24.590
24.776
24.845
24.927
24.973
25.054
25.124
25.252
25.345
25.461
25.542
25.588
25.623
25.681
25.751
25.855
25.995
26.053
26.146
26.215
26.308
26.355
26.401
26.494
26.610
26.645
26.703
26.761
26.831
26.982
27.040
27.074
27.133
27.202
27.272
27.330
27.458
27.562
27.690
27.759
27.887
27.934
27.992
28.154
28.259
28.375
28.444
28.526
28.688
28.793
28.886
28.955
29.013
29.164
29.338
29.373
29.478
29.547
29.605
29.698
29.907
30.012
30.058
30.163
30.325
30.372
30.441
30.511
30.662
30.720
30.894
30.964
31.092
31.370
31.417
31.509
31.544
31.637
31.753
31.869
31.927
32.090
32.148
32.206
32.299
32.357
32.403
32.485
32.520
32.647
32.705
32.775
32.914
33.193
33.239
33.367
33.460
33.541
33.622
33.797
33.982
34.017
34.110
34.157
34.238
34.273
34.377
34.412
34.528
34.609
34.667
34.714
34.807
34.900
34.958
35.004
35.062
35.178
35.236
35.306
35.399
35.468
35.561
35.701
35.747
35.840
35.921
35.979
36.130
36.165
36.223
36.281
36.444
36.513
36.560
36.606
36.711
36.780
36.897
37.024
37.164
37.291
37.338
37.523
37.605
37.849
37.918
37.976
38.185
38.232
38.325
38.429
38.534
38.603
38.673
38.754
38.835
38.893
38.940
39.010
39.079
39.195
39.311
39.358
39.416
39.497
39.555
39.613
39.695
39.985
40.171
40.275
40.356
40.496
40.565
40.612
40.681
40.728
40.786
40.832
40.937
41.064
41.181
41.343
41.448
41.564
41.726
41.819
41.935
42.063
42.144
42.214
42.260
42.353
42.388
42.446
42.516
42.632
42.667
42.725
42.794
42.992
43.061
43.154
43.247
43.282
43.363
43.514
43.642
43.723
43.781
43.828
43.897
43.979
44.013
44.083
44.141
44.188
44.257
44.304
44.385
44.547
44.594
44.675
44.710
44.756
44.884
44.989
45.035
45.082
45.128
45.256
45.337
45.418
45.488
45.523
45.558
45.697
45.836
45.917
46.045
46.126
46.184
46.312
46.359
46.405
46.452
46.486
46.684
46.742
46.846
46.904
46.951
47.160
47.195
47.229
47.345
47.415
47.554
47.636
47.717
47.880
47.914
47.984
48.065
48.100
48.239
48.298
48.344
48.565
48.750
48.808
48.878
48.936
49.087
49.168
49.226
49.284
49.319
49.389
49.470
49.528
49.575
49.609
49.667
49.911
49.993
50.178
50.306
50.515
50.561
50.596
50.678
50.712
50.782
50.887
50.956
51.026
51.084
51.154
51.188
51.258
51.386
51.467
51.525
51.595
51.664
51.757
51.804
52.001
52.071
52.175
52.326
52.384
52.465
52.582
52.628
52.767
52.825
52.883
53.034
53.174
53.301
53.383
53.429
53.626
53.673
53.812
53.882
53.998
54.056
54.126
54.161
54.265
54.311
54.462
54.613
54.648
54.718
54.776
54.834
55.008
55.055
55.159
55.263
55.298
55.368
55.414
55.507
55.612
55.728
55.798
55.914
56.018
56.076
56.146
56.181
56.355
56.390
56.506
56.692
56.808
56.854
57.063
57.109
57.202
57.295
57.539
57.574
57.678
57.794
57.829
58.027
58.131
58.201
58.236
58.305
58.352
58.619
58.735
58.851
58.932
59.048
59.188
59.292
59.362
59.466
59.501
59.571
59.687
59.803
59.838
59.966
60.116
60.256
60.291
60.372
60.546
60.685
60.825
60.860
60.952
61.103
61.173
61.208
61.347
61.440
61.510
61.544
61.614
61.672
61.719
61.788
61.835
61.928
62.032
62.079
62.183
62.369
62.404
62.485
62.531
62.589
62.729
62.787
62.903
62.973
63.042
63.112
63.193
63.298
63.344
63.541
63.692
63.797
63.890
64.064
64.134
64.215
64.308
64.377
64.412
64.517
64.551
64.656
64.760
64.853
64.888
64.981
65.120
65.248
65.306
65.364
65.422
65.492
65.817
65.887
65.980
66.072
66.130
66.223
66.258
66.339
66.374
66.467
66.502
66.548
66.606
66.711
66.769
66.908
67.024
67.106
67.164
67.245
67.315
67.442
67.500
67.547
67.733
67.767
67.918
67.953
68.093
68.185
68.267
68.348
68.510
68.580
68.627
68.661
68.789
68.963
69.021
69.103
69.149
69.312
69.404
69.509
69.613
69.660
69.857
69.997
70.113
70.147
70.194
70.356
70.415
70.461
70.542
70.589
70.670
70.879
70.983
71.158
71.204
71.367
71.425
71.529
71.668
71.773
71.970
72.075
72.110
72.156
72.226
72.469
72.516
72.644
72.725
72.771
72.829
72.911
73.038
73.143
73.224
73.329
73.445
73.526
73.630
73.665
73.747
73.863
73.898
73.944
74.048
74.130
74.223
74.327
74.478
74.548
74.722
74.803
74.908
75.035
75.070
75.198
75.360
75.430
75.569
75.651
75.709
75.778
75.918
75.964
76.080
76.150
76.243
76.312
76.359
76.637
76.696
76.742
76.835
77.021
77.079
77.206
77.357
77.531
77.648
77.682
77.857
77.973
78.031
78.077
78.263
78.344
78.541
78.588
78.646
78.716
78.785
79.041
79.157
79.215
79.273
79.319
79.377
79.447
79.494
79.540
79.598
79.702
79.795
79.900
79.958
80.004
80.109
80.237
80.353
80.434
80.527
80.596
80.655
80.782
80.945
81.061
81.131
81.200
81.293
81.340
81.374
81.595
81.653
81.816
81.874
81.932
82.071
82.257
82.396
82.477
82.559
82.640
82.686
82.756
