0.221
0.906
1.591
2.229
2.833
3.448
4.029
4.609
4.899
5.143
5.712
5.979
6.235
6.769
7.047
7.291
7.558
7.802
8.057
8.313
8.568
8.812
9.067
9.311
9.555
9.810
10.043
10.286
10.519
10.751
10.983
11.180
11.401
11.610
11.807
11.993
12.202
12.585
12.794
12.980
13.166
13.351
13.537
13.700
13.897
14.048
14.234
14.408
14.582
14.733
14.907
15.058
15.221
15.383
15.546
15.685
15.836
15.964
16.115
16.266
16.405
16.533
16.660
16.788
16.916
17.043
17.183
17.287
17.392
17.519
17.624
17.740
17.856
17.949
18.030
18.146
18.239
18.344
18.460
18.553
18.634
18.739
18.831
18.959
21.084
21.211
21.478
21.745
21.885
22.001
22.256
22.790
23.069
23.336
23.475
23.580
23.847
24.114
24.276
24.381
24.648
24.915
25.194
25.472
25.635
25.716
25.995
26.262
26.424
26.517
26.680
26.784
27.051
27.330
27.597
27.759
27.852
28.119
28.398
28.561
28.653
28.920
29.187
29.455
29.594
29.722
29.989
30.267
30.407
30.511
30.778
31.324
31.602
31.881
32.032
32.136
32.403
32.670
32.833
32.938
33.205
33.472
33.750
33.913
34.017
34.168
34.273
34.540
34.679
34.818
34.958
35.074
35.341
35.608
35.886
36.153
36.304
36.409
36.676
36.955
37.105
37.222
37.489
37.756
38.034
38.162
38.429
38.545
38.696
38.812
38.963
39.079
39.335
39.880
40.287
40.565
40.681
40.948
41.215
41.366
41.482
41.633
41.738
42.005
42.284
42.551
42.713
42.818
43.085
43.352
43.607
43.758
43.874
44.130
44.397
44.664
44.815
44.931
45.186
45.465
45.720
46.045
46.126
46.243
46.486
46.730
46.893
47.009
47.264
47.404
47.520
47.787
48.321
49.017
49.133
49.389
49.667
49.807
49.935
50.074
50.190
50.445
50.712
50.991
51.154
51.246
51.513
51.780
52.048
52.198
52.303
52.558
52.837
52.976
53.255
53.371
53.626
53.905
54.056
54.161
54.311
54.428
54.683
54.962
55.089
55.356
55.635
55.890
56.018
56.285
56.831
57.377
57.516
57.632
57.899
58.154
58.329
58.421
58.572
58.688
58.944
59.222
59.362
59.652
59.757
60.012
60.163
60.279
60.430
60.546
60.697
60.790
61.068
61.336
61.614
61.765
61.870
62.125
62.404
62.555
62.659
62.938
63.205
63.472
63.611
63.750
63.901
64.168
64.284
64.424
64.540
64.807
65.353
65.643
65.910
66.038
66.154
66.421
66.688
66.839
66.943
67.210
67.489
67.756
67.907
68.034
68.174
68.301
68.557
68.719
68.836
68.963
69.091
69.358
69.625
69.904
70.171
70.333
70.426
70.705
70.983
71.146
71.239
71.506
71.761
72.040
72.295
72.365
72.458
72.551
72.632
72.795
72.876
72.969
73.062
73.329
73.863
74.420
74.582
74.675
74.942
75.221
75.384
75.476
75.755
76.011
76.289
76.568
76.719
76.835
77.102
77.369
77.555
77.648
77.915
78.182
78.460
78.727
78.890
78.994
79.261
79.435
79.540
79.691
79.807
79.970
80.062
80.329
80.596
80.736
80.852
81.003
81.258
81.525
81.641
81.932
82.466
83.035
83.185
83.278
83.545
83.836
83.975
84.091
84.358
84.625
84.904
85.066
85.182
85.322
85.449
85.716
85.995
86.146
86.251
86.518
86.785
87.063
87.237
87.330
87.481
87.597
87.864
88.131
88.282
88.387
88.538
88.781
88.909
89.165
89.316
89.548
89.675
89.931
90.395
90.523
