0.706
0.143
0.636
0.730
0.824
0.829
0.815
0.750
0.759
0.901
0.803
0.809
0.846
0.694
0.691
0.792
0.907
0.857
0.824
0.775
0.885
0.773
0.667
0.825
0.889
0.768
0.821
0.784
0.781
0.800
0.794
0.963
0.867
0.774
0.880
0.760
0.729
0.690
0.706
0.673
0.745
0.731
0.703
0.646
0.681
0.649
0.651
0.726
0.844
0.859
0.596
0.835
0.683
0.583
0.853
0.611
0.587
0.932
0.800
0.805
0.828
0.608
0.706
0.790
0.610
0.946
0.825
0.885
0.819
0.901
0.854
0.910
0.154
0.246
0.786
0.693
0.869
0.740
0.641
0.856
0.583
0.286
0.667
0.778
0.733
0.969
0.143
0.836
0.915
0.787
0.932
0.703
1.000
0.782
0.766
0.877
0.863
0.936
0.886
0.854
0.919
0.761
0.979
0.526
0.877
0.784
1.000
0.869
0.698
0.903
0.857
0.738
0.889
0.746
0.824
0.550
0.726
0.750
0.793
0.778
0.922
0.820
0.682
0.767
0.855
0.370
0.845
0.849
0.883
0.803
0.733
0.833
0.704
0.811
0.674
0.848
0.599
0.774
0.366
0.964
0.840
0.849
0.614
0.394
0.511
0.487
0.496
0.549
0.500
0.621
0.743
0.600
0.887
0.879
0.754
0.652
0.800
0.909
0.843
0.902
0.833
0.851
0.734
0.529
0.795
0.892
0.393
0.758
0.932
0.500
0.458
0.868
0.667
0.774
0.619
0.841
0.865
0.602
0.823
0.787
0.922
0.710
0.905
0.680
0.927
