0.855
0.462
0.627
0.650
0.833
0.877
0.825
0.673
0.791
0.833
0.747
0.766
0.864
0.677
0.640
0.744
0.809
0.726
0.671
0.735
0.836
0.852
0.566
0.825
0.883
0.706
0.732
0.605
0.682
0.847
0.671
0.821
0.809
0.735
0.869
0.734
0.787
0.707
0.738
0.738
0.750
0.727
0.827
0.750
0.659
0.733
0.714
0.658
0.731
0.795
0.667
0.753
0.605
0.708
0.757
0.860
0.779
0.732
0.717
0.742
0.810
0.451
0.712
0.789
0.916
0.951
0.782
0.853
0.780
0.802
0.795
0.866
0.415
0.544
0.871
0.731
0.655
0.759
0.641
0.735
0.574
0.794
0.591
0.797
0.667
0.888
0.603
0.706
0.959
0.722
0.891
0.786
0.989
0.758
0.815
0.719
0.791
0.894
0.841
0.875
0.796
0.734
0.948
0.857
0.817
0.578
1.000
0.818
0.607
0.725
0.773
0.730
0.833
0.538
0.733
0.933
0.750
0.705
0.685
0.655
0.855
0.750
0.552
0.729
0.830
0.567
0.801
0.810
0.781
0.792
0.730
0.727
0.743
0.730
0.797
0.764
0.724
0.746
0.616
0.767
0.812
0.762
0.650
0.529
0.628
0.484
0.513
0.646
0.643
0.575
0.714
0.583
0.815
0.800
0.791
0.629
0.714
0.833
0.714
0.786
0.701
0.750
0.739
0.633
0.860
0.848
0.812
0.712
0.909
0.545
0.657
0.700
0.605
0.688
0.793
0.849
0.785
0.538
0.720
0.776
0.858
0.775
0.692
0.758
0.659
