0.611
0.122
0.737
0.826
0.809
0.824
0.779
0.580
0.800
0.920
0.848
0.793
0.731
0.710
0.718
0.855
0.901
0.857
0.795
0.831
0.903
0.766
0.759
0.738
0.857
0.861
0.929
0.878
0.805
0.829
0.888
0.902
0.846
0.803
0.851
0.859
0.883
0.800
0.742
0.850
0.889
0.844
0.793
0.638
0.851
0.792
0.846
0.811
0.850
0.880
0.734
0.847
0.726
0.844
0.810
0.786
0.836
0.890
0.723
0.849
0.869
0.748
0.859
0.768
0.747
0.870
0.894
0.821
0.859
0.905
0.859
0.891
0.531
0.459
0.810
0.558
0.875
0.844
0.683
0.846
0.590
0.420
0.778
0.781
0.852
0.856
0.362
0.816
0.860
0.852
0.766
0.597
0.997
0.802
0.767
0.765
0.872
0.812
0.840
0.885
0.854
0.807
0.456
0.649
0.848
0.818
0.882
0.845
0.783
0.860
0.907
0.717
0.873
0.667
0.830
0.536
0.667
0.708
0.778
0.758
0.885
0.691
0.667
0.828
0.841
0.606
0.833
0.868
0.813
0.806
0.556
0.857
0.720
0.845
0.846
0.823
0.588
0.802
0.437
0.916
0.858
0.852
0.753
0.312
0.745
0.449
0.536
0.540
0.450
0.475
0.514
0.660
0.852
0.903
0.750
0.752
0.580
0.839
0.818
0.821
0.825
0.750
0.828
0.471
0.874
0.901
0.541
0.757
0.891
0.583
0.541
0.909
0.535
0.806
0.662
0.917
0.883
0.807
0.851
0.793
0.906
0.824
0.822
0.447
0.940
