0.035
0.174
0.279
0.499
0.627
0.743
0.859
0.975
1.091
1.126
1.521
1.602
1.741
1.881
1.974
2.090
2.125
2.519
2.740
2.856
3.007
3.228
4.342
4.795
4.911
5.027
5.143
5.259
5.364
5.399
5.817
5.921
6.026
6.165
6.374
6.432
6.815
6.920
7.001
7.117
7.256
7.361
7.512
7.906
8.591
8.742
8.835
8.975
9.033
9.125
9.253
9.358
9.462
9.497
9.601
10.008
10.112
10.217
10.344
10.449
10.553
10.704
10.809
10.948
11.076
11.180
11.273
11.389
11.517
11.935
12.028
12.144
12.272
12.388
12.481
12.771
12.887
13.015
13.119
13.247
13.351
13.479
13.862
13.990
14.095
14.211
14.315
14.466
14.826
14.861
15.151
15.256
15.395
15.511
15.569
16.219
16.277
16.556
17.113
17.194
17.252
17.438
17.601
17.752
17.914
18.065
18.251
18.297
18.367
18.530
18.680
18.843
18.994
19.133
19.331
19.389
19.458
19.621
19.760
19.900
20.062
20.201
20.376
20.410
20.979
21.583
21.664
21.734
21.920
22.047
22.187
22.303
22.361
22.523
22.686
22.721
22.802
22.965
23.104
23.220
23.255
23.394
23.533
23.731
23.789
23.859
24.021
24.160
24.311
24.474
24.625
24.799
24.834
25.379
25.542
25.704
25.972
26.041
26.111
26.285
26.424
26.587
26.715
26.854
27.051
27.191
27.365
27.504
27.632
27.771
27.910
28.096
28.177
28.212
28.398
28.537
28.677
28.816
28.967
29.141
29.280
29.455
29.582
29.710
29.849
29.989
30.174
30.232
30.325
30.476
30.604
30.743
30.883
31.010
31.196
31.266
31.335
31.475
31.614
31.753
31.916
32.055
32.218
32.345
32.380
32.520
32.682
32.845
33.019
33.193
33.460
34.319
