0.035
0.093
0.964
0.998
2.612
4.133
5.039
5.770
6.118
6.235
6.467
6.560
6.606
6.711
6.769
6.827
7.198
7.442
7.605
7.802
8.336
8.742
9.009
9.114
9.985
10.019
10.333
10.542
10.716
10.902
10.948
11.238
11.773
11.993
12.249
12.283
12.864
12.899
13.015
13.050
13.131
13.804
14.141
14.605
14.733
14.896
14.942
15.244
15.708
15.755
15.964
15.999
16.080
16.173
16.312
16.614
16.951
17.125
17.636
17.763
17.833
17.926
18.297
18.866
19.876
20.352
20.991
21.328
21.432
21.641
21.769
21.943
22.338
23.220
23.324
23.522
23.684
23.742
23.940
24.172
24.602
24.787
24.880
25.159
25.263
25.437
25.519
25.646
25.704
25.774
26.378
26.552
26.889
27.005
27.040
27.098
27.179
27.260
27.423
27.574
27.748
28.073
28.444
28.619
28.677
28.746
29.118
29.385
29.594
29.733
29.791
29.884
29.942
