0.035
0.325
0.360
0.488
1.405
1.765
2.125
2.426
2.496
2.752
3.146
3.483
3.855
3.982
4.191
4.516
4.609
4.899
5.016
5.062
5.213
5.608
5.933
6.269
6.432
6.606
6.734
6.920
6.966
7.303
7.628
7.953
8.278
8.533
8.638
8.731
8.986
9.114
9.160
9.276
9.323
10.054
10.356
10.716
11.029
11.273
11.401
11.749
12.098
12.260
12.817
12.980
13.189
13.874
14.187
14.512
14.791
15.116
15.476
15.813
16.173
16.591
16.962
17.043
17.229
17.380
17.427
17.566
17.786
18.123
18.471
18.634
18.797
19.110
19.354
19.470
19.807
20.143
20.492
20.863
21.142
21.281
21.328
21.490
21.525
21.641
22.314
22.628
22.965
23.290
23.603
23.638
24.834
24.985
25.205
25.287
25.356
25.554
25.635
25.983
26.285
26.610
26.819
26.970
27.272
27.574
27.934
28.177
28.235
28.282
28.526
28.584
28.886
29.176
29.338
29.431
29.536
29.629
30.116
30.325
30.465
30.778
31.103
31.417
31.718
32.090
