0.035
0.151
0.267
0.372
0.488
0.604
0.720
0.824
0.940
1.057
1.161
1.277
1.382
1.498
1.602
1.718
1.823
1.939
2.055
2.159
2.276
2.392
2.508
2.612
2.728
2.844
2.949
3.065
3.170
3.286
3.402
3.506
3.622
3.738
3.855
3.959
4.075
4.180
4.296
4.412
4.516
4.632
4.748
4.853
4.969
5.085
5.190
5.306
5.410
5.526
5.642
5.747
5.863
5.979
6.095
6.200
6.304
6.420
6.536
6.641
6.757
6.873
6.978
7.094
7.210
7.314
7.430
7.535
7.651
7.755
7.883
7.988
8.104
8.208
8.324
8.429
8.545
8.661
8.777
8.882
8.998
9.102
9.230
9.323
9.451
9.555
9.671
9.776
9.892
9.996
10.124
10.217
10.344
10.449
10.565
10.670
10.786
10.890
11.018
11.111
11.238
11.343
11.459
11.564
11.680
11.784
11.912
12.016
12.132
12.237
12.353
12.458
12.574
12.690
12.806
12.910
13.026
13.131
13.247
13.351
13.468
13.584
13.700
13.804
13.920
14.025
14.153
14.257
14.373
14.478
14.594
14.698
14.814
14.930
15.047
15.151
15.267
15.372
15.488
15.592
15.708
15.824
15.940
16.045
16.161
16.266
16.393
16.486
16.614
16.718
16.834
16.939
17.055
17.160
17.276
17.380
17.508
17.612
17.728
17.833
17.949
18.054
18.181
18.286
18.402
18.506
18.622
18.727
18.843
18.959
19.075
19.180
19.296
19.400
19.516
19.621
19.737
19.853
19.969
