0.116
0.255
0.348
0.488
0.580
0.708
0.813
0.940
1.033
1.173
1.265
1.405
1.498
1.625
1.730
1.950
2.078
2.183
2.310
2.403
2.543
2.647
2.775
2.868
2.995
3.100
3.228
3.320
3.460
3.564
3.692
3.785
3.913
4.017
4.145
4.238
4.377
4.481
4.609
4.702
4.830
4.934
5.062
5.155
5.294
5.387
5.526
5.619
5.747
5.851
5.979
6.072
6.211
6.304
6.525
6.664
6.769
6.896
6.989
7.129
7.221
7.442
7.581
7.674
7.814
7.906
8.034
8.139
8.359
8.499
8.591
8.731
8.824
8.951
9.056
9.183
9.276
9.416
9.509
9.648
9.741
9.868
9.973
10.101
10.194
10.321
10.426
10.553
10.646
10.786
10.890
11.018
11.111
11.238
11.343
11.471
11.564
11.703
11.807
