0.035
0.093
0.313
0.534
0.975
1.196
1.405
1.625
1.823
2.252
2.287
2.670
3.111
3.181
3.518
3.750
3.982
4.319
4.377
4.598
4.818
4.865
5.224
5.515
5.677
5.933
6.095
6.258
6.536
6.885
6.954
7.187
7.338
7.396
7.802
8.243
8.661
9.091
9.509
9.718
9.950
10.159
10.368
11.680
12.098
12.539
12.957
13.177
13.398
13.816
14.025
14.234
14.675
15.116
15.523
15.952
16.382
16.823
17.032
17.241
17.438
17.682
18.100
18.541
18.715
18.971
19.389
19.749
19.818
20.027
20.236
20.654
20.886
21.107
21.513
21.954
22.163
22.372
22.605
22.709
22.802
23.139
23.243
23.452
23.568
23.603
23.893
23.975
24.114
24.323
24.358
24.555
24.973
25.403
25.821
26.262
26.680
27.109
27.539
27.783
27.980
28.386
28.828
29.257
29.675
