0.221
2.972
5.666
8.359
11.076
13.735
16.463
19.238
21.873
22.245
22.442
22.639
22.837
23.034
23.232
23.429
23.812
23.998
24.195
24.393
24.578
24.764
24.973
25.170
25.345
25.542
25.751
25.960
26.146
26.343
26.552
26.935
27.121
27.330
27.725
27.922
28.131
28.526
28.723
28.920
29.118
29.304
29.501
29.710
29.907
30.105
30.290
30.499
30.708
30.883
31.080
31.277
31.475
31.660
31.858
32.055
32.450
32.636
32.845
33.042
33.239
33.425
33.634
33.843
34.029
34.226
34.447
34.656
34.842
35.027
35.236
35.434
35.619
35.817
36.026
36.223
36.397
36.595
36.804
37.013
37.198
37.396
37.605
37.802
37.988
38.185
38.383
38.603
38.777
38.963
39.160
39.544
39.753
39.962
