0.209
2.682
7.384
7.523
7.628
7.755
7.883
8.011
8.115
8.243
8.371
8.475
8.615
8.742
8.847
9.091
9.207
9.601
9.729
9.857
9.985
10.089
10.205
10.600
10.716
10.832
10.948
11.076
11.204
11.331
11.575
11.714
11.831
11.958
12.074
12.202
12.330
12.574
12.690
12.817
12.934
13.154
13.386
13.514
13.642
13.758
13.874
14.002
14.118
14.245
14.373
14.501
14.617
14.745
14.872
15.000
15.128
15.244
15.348
15.476
15.604
15.732
15.848
15.975
16.091
16.231
16.347
16.475
16.591
16.730
16.834
16.962
17.090
17.206
17.322
17.450
17.578
17.705
17.810
17.949
18.065
18.193
18.309
18.437
18.564
18.692
18.808
18.936
19.064
19.191
19.284
19.319
19.423
19.551
19.679
19.783
19.923
20.039
20.167
20.294
20.410
20.538
20.677
20.782
20.921
21.037
21.165
21.269
21.409
21.525
21.653
21.769
21.908
22.013
22.152
22.256
22.396
22.512
22.639
22.732
22.767
22.895
23.011
23.139
23.232
23.371
23.499
23.615
23.731
23.859
23.986
24.114
24.230
24.358
24.474
24.613
24.729
24.857
24.973
25.112
25.217
25.345
25.461
25.600
25.704
25.832
25.960
26.088
26.204
26.331
26.459
26.587
26.703
26.831
26.958
27.074
27.179
27.307
27.434
27.562
27.678
27.806
27.934
28.061
28.177
28.305
28.421
28.561
28.677
28.804
28.932
29.048
29.164
29.292
29.420
29.547
29.652
29.791
29.907
30.035
30.151
30.279
30.407
30.534
30.650
30.778
30.906
31.138
31.277
31.637
31.777
31.893
32.009
32.125
32.253
32.369
32.508
32.612
32.752
32.833
32.879
32.996
33.100
33.239
33.483
33.588
33.739
33.855
33.982
34.099
34.226
34.354
34.470
34.598
34.714
34.842
35.074
35.213
35.468
35.561
35.712
35.828
35.956
36.072
36.200
36.316
36.444
36.479
36.537
36.571
36.699
36.815
36.931
37.047
37.175
37.303
37.419
37.535
37.674
37.790
37.907
38.034
38.174
38.278
38.417
38.534
38.661
38.789
38.917
39.010
39.149
39.277
39.404
39.509
39.648
39.764
39.880
40.008
40.147
40.252
40.403
40.507
40.658
40.763
40.995
41.134
41.366
41.482
41.622
41.738
41.866
41.982
42.109
42.237
42.365
42.481
42.609
42.736
42.969
43.096
43.352
43.456
43.584
43.712
43.839
43.955
44.071
44.199
44.339
44.443
44.582
44.698
44.826
44.931
45.070
45.314
45.430
45.558
45.674
45.813
45.929
46.057
46.173
46.301
46.428
46.556
46.684
46.800
46.904
47.032
47.171
47.287
47.369
47.415
47.531
47.636
47.787
47.903
48.042
48.158
48.286
48.390
48.681
48.924
49.168
49.203
49.656
49.923
50.051
50.283
50.399
50.527
50.898
51.142
51.630
51.873
52.024
52.257
52.373
52.489
52.640
52.849
53.104
53.348
53.592
53.847
53.986
54.230
54.335
54.462
54.590
54.822
55.078
55.322
55.565
55.809
55.960
56.192
56.308
56.436
56.575
56.784
57.040
57.075
57.284
57.423
57.527
57.783
57.922
58.166
58.270
58.410
58.526
58.758
59.014
59.257
59.385
59.501
59.757
59.896
60.128
60.244
60.500
60.732
60.987
61.231
61.359
61.475
61.719
61.870
62.102
62.218
62.346
62.473
62.705
62.961
63.205
63.332
63.449
63.692
63.843
64.075
64.192
64.447
64.679
64.923
65.167
65.306
65.422
65.666
65.805
66.049
66.154
66.293
66.409
66.653
66.897
67.140
67.280
67.384
67.640
67.779
68.011
68.127
68.627
68.894
69.114
69.254
69.358
69.613
69.753
69.985
70.101
70.229
70.356
70.589
70.844
71.088
71.332
71.576
71.726
71.959
72.075
72.202
72.330
72.562
72.725
73.062
73.305
73.561
73.700
73.944
74.037
74.176
74.304
74.536
74.780
75.035
75.163
75.279
75.523
75.674
75.906
76.011
76.266
76.510
76.754
76.997
77.137
77.241
77.497
77.636
77.671
77.752
77.880
77.984
78.124
78.240
78.472
78.727
78.971
79.110
79.215
79.470
79.610
79.726
79.853
79.958
80.097
80.213
80.457
80.701
80.945
81.084
81.189
81.444
81.583
81.688
81.827
81.932
82.059
82.187
82.419
82.675
82.918
83.046
83.162
83.418
83.557
83.661
83.801
83.905
84.161
84.393
84.637
84.881
85.020
85.136
85.380
85.519
85.635
85.775
85.879
86.007
86.123
86.367
86.610
86.854
86.994
87.110
87.353
87.504
87.609
87.725
87.853
87.980
88.097
88.340
88.584
88.828
88.967
89.083
89.327
89.478
89.583
89.815
89.954
90.070
90.314
90.558
90.802
91.057
91.301
91.556
93.217
