0.197
0.406
0.627
0.824
1.242
1.474
1.637
1.869
2.020
2.090
2.287
2.496
2.717
2.914
3.158
3.367
3.576
3.785
3.982
4.203
4.644
4.865
5.039
5.248
5.689
5.898
6.316
6.536
6.943
7.152
7.372
7.581
7.790
8.011
8.197
8.290
8.417
8.893
9.114
9.311
9.532
9.741
9.950
10.043
10.112
10.344
10.786
10.937
11.006
11.424
11.575
11.831
12.283
12.469
12.690
13.084
13.201
13.293
13.433
13.723
13.932
14.129
14.350
14.745
14.965
15.047
15.163
15.581
15.801
15.999
16.335
16.417
16.649
16.869
17.032
17.264
17.473
17.682
18.088
18.309
18.379
18.506
18.913
19.110
19.307
19.725
19.946
20.143
20.225
20.329
20.538
20.770
20.979
21.188
21.397
21.606
21.699
21.815
23.255
23.324
23.487
23.557
23.603
24.044
24.276
24.532
24.671
25.101
