0.287000
0.396000
0.533000
0.632000
0.739000
0.841000
0.942000
1.033000
1.168000
1.264000
1.396000
1.485000
1.596000
1.698000
1.825000
1.936000
2.070000
2.198000
2.306000
2.404000
2.525000
2.616000
2.726000
2.840000
2.963000
3.059000
3.176000
3.284000
3.411000
3.517000
3.642000
3.748000
3.862000
3.958000
4.064000
4.184000
4.314000
4.400200
4.513867
4.611000
4.635000
4.763000
4.883644
5.000000
5.110000
5.229000
5.334000
5.449000
5.561000
5.674000
5.775000
5.893000
6.016000
6.143733
6.263000
6.377689
6.521000
6.649000
6.735000
6.782000
6.920000
7.578000
7.884533
7.908000
8.123000
8.390000
8.622000
8.853000
9.077778
9.325000
9.555000
9.671000
9.756000
9.875000
10.010000
10.046000
10.223000
10.471000
10.714000
10.824000
10.938044
11.048000
11.155000
11.262000
11.380000
11.481000
11.596000
11.704622
11.822000
11.929000
12.046000
12.156000
12.272000
12.378756
12.498000
12.604000
12.728000
