0.010
0.595
0.715
0.825
1.090
1.495
1.710
1.855
2.105
2.500
2.715
2.835
2.980
3.080
4.325
4.790
5.005
5.110
5.360
5.790
6.000
6.135
6.340
6.900
6.975
7.095
7.355
8.565
9.000
9.100
9.225
9.430
9.465
9.570
9.980
10.195
10.420
10.545
10.920
11.150
11.250
11.355
11.515
11.905
12.005
12.115
12.240
12.365
12.455
12.880
13.090
13.220
13.455
13.840
14.065
14.175
14.440
14.830
15.235
15.360
15.540
17.090
17.160
17.230
17.420
17.575
17.735
17.890
18.040
18.265
18.340
18.505
18.660
18.815
18.970
19.110
19.300
19.365
19.425
19.600
19.730
19.875
20.055
20.180
20.385
21.560
21.635
21.700
21.905
22.020
22.175
22.275
22.340
22.500
22.695
22.765
22.935
23.080
23.230
23.375
23.510
23.760
23.830
24.015
24.135
24.295
24.455
24.595
24.765
25.950
26.005
26.085
26.275
26.400
26.570
26.690
26.835
27.030
27.155
27.340
27.480
27.610
27.750
27.885
28.085
28.140
28.185
28.370
28.510
28.650
28.795
28.940
29.170
29.250
29.425
29.580
29.690
29.825
29.965
30.200
30.295
30.450
30.590
30.720
30.855
30.990
31.170
31.240
31.310
31.460
31.595
31.735
31.890
32.025
32.195
32.315
32.505
32.655
32.825
33.000
33.170
33.435
