0.907
0.812
1.000
1.000
1.000
0.778
0.935
0.569
0.613
0.872
0.692
0.789
0.885
1.000
0.925
0.979
0.962
1.000
0.944
1.000
1.000
0.857
0.759
0.857
0.346
0.604
0.513
0.000
0.682
0.469
0.444
0.219
0.479
0.615
0.658
0.885
0.286
0.842
0.966
0.870
0.957
0.892
0.423
0.493
0.392
0.458
0.292
0.691
0.308
0.480
0.487
0.667
0.708
0.294
0.250
0.316
0.286
0.467
1.000
0.357
0.875
0.705
0.967
0.709
0.830
0.826
0.857
0.897
0.769
0.943
0.682
0.577
0.429
0.800
0.588
0.642
0.658
0.811
0.667
0.708
0.727
0.613
0.750
0.733
0.818
0.475
0.433
0.579
0.765
0.581
0.667
0.455
0.581
0.717
0.493
0.649
0.614
0.532
0.520
0.500
0.723
0.560
0.586
0.515
0.808
0.519
0.415
0.526
0.650
0.588
0.661
0.513
0.568
0.653
0.537
0.786
0.794
0.518
0.750
0.544
0.493
0.413
0.538
0.569
0.562
0.545
0.568
0.523
0.363
0.467
0.429
0.532
0.667
0.603
0.347
0.603
0.420
0.417
0.622
0.560
0.558
0.648
0.450
0.573
0.690
0.254
0.424
0.521
0.474
0.888
0.611
0.879
0.745
0.591
0.772
0.619
0.794
0.067
0.132
0.316
0.925
0.794
0.587
0.662
0.743
0.704
0.796
0.490
0.604
0.577
0.202
0.966
0.485
0.672
0.307
0.235
0.500
0.608
0.491
0.837
0.333
0.906
0.667
0.792
0.167
0.481
0.836
0.536
0.955
0.600
0.556
0.750
0.688
0.564
0.635
0.864
0.773
0.750
0.753
0.486
0.802
0.286
0.738
0.690
0.533
1.000
1.000
0.867
0.900
1.000
0.778
0.613
1.000
0.655
0.944
0.464
0.800
1.000
0.917
0.686
0.659
0.407
0.884
0.351
0.506
0.767
0.372
0.633
0.600
0.518
0.597
1.000
0.640
0.582
0.476
0.827
0.694
0.517
0.711
0.563
0.606
0.665
0.267
0.649
0.706
0.690
0.623
0.532
0.622
0.641
0.497
0.599
0.484
0.618
0.423
0.500
0.274
0.665
0.646
0.576
0.341
0.273
0.404
0.300
0.310
0.427
0.179
0.350
0.381
0.375
0.759
0.646
0.605
0.403
0.536
0.750
0.600
0.750
0.623
0.643
0.507
0.327
0.600
0.739
0.333
0.610
0.836
0.295
0.257
0.585
0.650
0.349
0.469
0.414
0.767
0.684
0.385
0.441
0.477
0.427
0.820
0.880
0.707
0.800
0.497
0.950
0.800
1.000
1.000
1.000
0.861
0.538
0.050
0.638
0.627
0.796
0.071
0.512
0.731
0.455
0.750
