0.453
0.488
0.615
0.813
0.871
0.964
1.057
1.347
1.498
1.602
1.672
1.881
2.009
2.067
2.171
2.299
2.334
2.473
2.508
2.612
2.682
3.042
3.170
3.204
3.553
3.587
3.785
3.924
3.959
4.249
4.377
4.423
4.586
4.621
4.737
4.818
4.865
4.969
5.004
5.155
5.201
5.329
5.445
5.689
5.956
6.084
6.269
6.362
6.525
6.571
6.664
6.699
6.850
6.920
7.105
7.268
7.349
7.384
7.500
7.651
7.767
7.837
7.906
7.953
8.115
8.208
8.313
8.464
8.510
8.696
8.731
8.777
9.276
9.311
9.392
9.752
9.950
10.089
10.240
10.379
10.658
10.786
11.180
11.227
11.598
11.726
11.807
12.016
12.214
12.307
12.713
12.945
13.073
13.212
13.317
13.653
13.839
13.990
14.176
14.373
14.582
14.698
14.884
15.221
15.325
15.430
15.499
15.546
15.673
15.801
15.871
15.999
16.184
16.382
16.695
16.834
16.985
17.090
17.438
17.589
17.624
17.763
18.100
18.135
18.239
18.425
18.541
18.855
19.168
19.342
19.412
19.598
19.644
19.772
19.888
19.934
20.085
20.561
20.608
20.735
20.817
21.316
21.374
21.467
21.502
21.664
21.827
21.896
22.059
22.175
22.407
22.535
22.570
22.616
22.767
22.895
23.232
23.417
23.499
23.545
23.603
23.742
23.963
24.288
24.369
24.590
24.636
24.729
24.880
24.996
25.043
25.368
25.403
25.635
25.681
25.728
25.821
25.902
25.995
26.041
26.297
26.331
26.436
26.761
26.982
27.040
27.098
27.225
27.260
27.423
27.504
27.887
28.003
28.375
28.410
28.444
28.781
28.886
28.979
29.431
29.849
30.140
30.221
30.325
31.672
31.846
32.369
32.403
32.554
32.752
32.903
33.030
33.077
33.344
33.414
33.588
33.704
33.773
34.191
34.424
34.470
34.667
34.853
34.969
35.074
35.132
35.178
35.236
35.341
35.515
35.561
35.724
35.817
35.944
36.072
36.246
36.525
36.641
36.966
37.024
37.105
37.187
37.396
37.489
37.616
37.744
38.069
38.441
38.568
38.789
38.882
39.021
39.532
39.718
40.066
40.217
41.308
41.749
42.063
42.225
42.272
42.434
42.469
42.574
42.667
42.876
42.957
43.328
43.363
43.491
43.537
43.897
44.025
44.339
44.524
44.606
44.803
44.838
45.012
45.174
45.291
45.453
45.627
45.767
46.219
46.266
46.428
46.649
46.730
46.858
47.032
47.345
47.566
47.694
47.752
48.390
48.797
48.890
49.052
49.191
49.389
49.447
49.517
49.760
