0.070
0.120
0.320
0.490
0.650
0.830
0.970
1.010
1.190
1.350
1.530
1.880
2.050
2.400
2.740
2.910
2.960
3.100
3.280
3.460
3.630
3.810
3.980
4.150
4.350
4.510
4.690
4.870
5.020
5.070
5.210
5.390
5.550
5.590
5.770
5.880
6.050
6.250
6.610
6.830
6.970
7.330
7.500
7.670
8.010
8.190
8.360
8.540
8.710
8.890
9.070
9.410
9.590
9.760
9.940
10.130
10.300
10.460
10.640
10.800
10.990
11.160
11.340
11.510
11.870
12.050
12.220
12.410
12.570
12.740
12.930
13.260
13.440
13.610
13.800
13.970
14.320
14.670
14.860
15.030
