0.080
0.340
0.600
0.870
1.130
1.390
1.660
1.920
2.190
2.450
2.720
2.980
3.250
3.500
3.770
4.040
4.310
4.560
4.830
5.090
5.360
5.620
5.880
6.150
6.420
6.670
6.940
7.200
7.470
7.730
8.000
8.270
8.540
8.690
8.810
9.010
9.070
9.300
9.490
9.590
9.850
10.110
10.380
10.650
10.900
11.060
11.170
11.430
11.700
11.970
12.230
12.490
12.760
13.020
13.280
13.530
13.810
13.850
14.080
14.340
14.600
14.880
15.130
15.390
15.660
15.920
16.190
16.340
16.450
16.710
16.990
17.110
17.230
17.440
17.500
17.740
17.930
18.040
18.210
18.300
18.450
18.560
18.830
19.090
19.320
19.360
19.590
19.630
19.730
19.890
20.150
20.250
20.290
20.410
20.680
20.940
21.210
21.350
21.450
21.730
22.000
22.140
22.260
22.530
22.790
23.030
23.070
23.330
23.580
23.840
24.110
24.370
