0.000
0.130
0.240
0.350
0.460
0.580
0.690
0.800
0.910
1.020
1.130
1.250
1.360
1.470
1.580
1.700
1.810
1.920
2.030
2.140
2.250
2.360
2.480
2.590
2.700
2.810
2.930
3.040
3.150
3.260
3.370
3.490
3.600
3.710
3.830
3.940
4.050
4.160
4.270
4.380
4.500
4.600
4.720
4.830
4.950
5.050
5.170
5.280
5.390
5.500
5.620
5.730
5.840
5.950
6.060
6.170
6.280
6.400
6.510
6.620
6.730
6.840
6.960
7.070
7.180
7.290
7.410
7.520
7.630
7.740
7.860
7.960
8.080
8.190
8.300
8.410
8.530
8.630
8.750
8.860
8.970
9.080
9.210
9.300
9.420
9.530
9.750
9.870
9.980
10.200
10.320
10.420
10.640
10.760
10.870
11.090
11.210
11.320
11.440
11.540
11.660
11.770
11.890
11.990
12.110
12.220
12.340
12.440
12.550
12.660
12.780
12.890
13.000
13.110
13.230
13.330
13.450
13.560
13.670
13.780
13.900
14.010
14.130
14.230
14.350
14.460
14.580
14.680
14.790
14.900
15.020
15.130
15.240
15.350
15.470
15.570
15.690
15.800
15.920
16.020
16.140
16.240
16.370
16.470
16.580
16.690
16.810
16.920
17.030
17.140
17.260
17.360
17.480
17.590
17.710
17.810
17.930
18.040
18.160
18.260
18.370
18.480
18.600
18.710
18.820
18.930
19.050
19.160
19.270
19.380
19.490
19.600
19.720
19.830
19.950
