0.000
0.240
0.280
0.830
1.080
1.330
1.870
2.120
2.390
2.660
2.930
3.200
3.450
3.980
4.230
4.510
4.790
5.030
5.130
5.270
5.560
6.090
6.190
6.340
6.610
7.120
7.370
7.640
7.890
8.150
8.410
8.690
9.190
9.470
9.740
10.250
10.530
10.800
11.040
11.330
11.600
11.860
12.390
12.630
12.910
13.180
13.410
13.720
13.960
14.480
14.730
15.010
15.540
15.600
16.080
16.620
17.190
17.720
17.970
18.260
18.810
18.890
19.030
19.080
19.310
19.620
19.850
20.120
20.390
20.910
21.170
21.450
21.920
21.970
22.250
22.390
22.500
23.030
23.280
23.540
24.070
24.320
24.570
25.100
