0.000
0.170
0.380
0.570
0.780
0.970
1.180
1.370
1.580
1.770
1.980
2.170
2.380
2.570
2.780
2.970
3.180
3.370
3.580
3.770
3.980
4.170
4.380
4.580
4.780
4.980
5.190
5.380
5.590
5.780
5.980
6.180
6.380
6.580
6.780
6.980
7.180
7.380
7.580
7.780
7.980
8.180
8.380
8.580
8.780
8.980
9.180
9.380
9.580
9.780
9.980
10.180
10.390
10.580
10.790
10.980
11.180
11.380
11.590
11.780
11.990
12.180
12.390
12.580
12.790
12.980
13.190
13.380
13.590
13.780
13.990
14.180
14.390
14.470
14.580
14.790
14.980
15.190
15.380
15.590
15.780
15.990
16.190
16.390
16.550
16.590
16.790
16.980
17.190
17.390
17.590
17.790
18.000
18.190
18.400
18.590
18.790
18.990
19.190
19.380
19.590
19.790
19.990
20.190
20.400
20.590
20.790
20.990
21.190
21.390
21.590
21.790
21.990
22.190
22.390
22.590
22.790
22.990
23.200
23.390
23.580
23.680
23.790
23.890
23.990
24.080
24.190
24.290
24.390
24.490
24.590
24.690
24.790
24.890
24.990
25.090
25.190
25.290
25.400
