0.000
0.110
0.270
0.340
0.570
1.010
1.290
1.430
1.690
1.870
2.140
2.310
2.540
2.740
2.780
3.000
3.110
3.190
3.450
3.610
4.060
4.510
4.930
5.210
5.380
5.650
5.820
6.110
6.240
6.690
6.730
6.900
6.960
7.130
7.550
7.590
8.010
8.310
8.450
8.490
8.740
8.910
9.090
9.190
9.350
9.530
9.640
9.730
9.790
10.150
10.220
10.510
10.650
11.090
11.530
11.960
12.250
12.400
12.680
12.840
13.130
13.280
13.730
14.010
14.150
14.600
15.030
15.450
15.690
15.730
15.860
16.000
16.180
16.350
16.440
16.510
16.640
16.780
17.200
17.480
17.630
18.070
18.460
18.510
18.830
18.870
18.930
18.990
19.200
19.370
19.660
19.830
20.100
20.270
20.500
20.670
20.750
21.130
21.580
22.020
22.450
22.730
22.820
22.930
23.180
23.340
23.390
23.710
23.770
24.200
24.350
24.640
25.080
25.470
25.530
25.820
26.000
26.240
26.400
26.680
26.850
27.090
27.280
27.710
27.930
28.040
28.140
28.580
29.010
29.440
29.720
29.880
30.170
30.330
30.620
30.760
30.930
31.200
31.630
32.070
32.510
32.940
33.230
33.380
33.670
33.830
34.130
34.270
34.550
34.720
