0.000
0.250
0.360
0.470
0.710
0.820
0.940
1.050
1.160
1.290
1.390
1.510
1.630
1.750
1.850
2.090
2.210
2.310
2.550
2.670
2.780
2.900
3.010
3.230
3.480
3.590
3.700
3.930
4.160
4.400
4.510
4.630
4.750
4.850
4.980
5.080
5.210
5.320
5.430
5.550
6.000
6.250
6.470
6.720
6.940
7.180
7.380
7.420
8.300
9.690
9.880
9.930
10.100
10.450
10.610
11.090
11.450
12.090
13.090
13.170
13.280
13.390
13.450
13.510
14.110
14.230
14.370
14.440
14.700
14.780
15.160
15.230
15.480
15.730
16.070
16.840
17.100
17.290
17.420
17.530
17.580
17.840
17.970
18.240
18.470
18.930
19.170
19.210
19.440
19.730
19.840
20.210
20.330
20.650
20.770
21.230
21.510
21.680
21.720
21.830
21.940
22.030
22.160
22.400
22.620
22.860
22.980
23.090
23.210
23.320
23.540
23.790
23.900
24.000
24.170
24.250
24.470
24.710
24.820
24.920
25.060
25.170
25.390
25.640
25.740
25.860
26.090
26.320
26.560
26.670
26.780
27.010
27.240
27.480
27.700
27.930
28.160
28.400
28.510
28.620
28.750
28.860
29.080
29.330
29.440
29.550
29.790
