0.070
0.320
0.560
0.780
1.020
1.250
1.490
1.720
1.970
2.200
2.430
2.660
2.900
3.130
3.370
3.610
3.850
4.080
4.310
4.530
4.770
5.000
5.240
5.470
5.710
5.950
6.180
6.400
6.640
6.870
7.100
7.340
7.450
7.560
7.680
7.800
8.000
8.050
8.260
8.500
8.730
8.970
9.190
9.420
9.900
10.120
10.610
10.840
11.060
11.290
11.530
11.780
11.980
12.220
12.450
12.680
12.910
13.140
13.610
13.830
14.080
14.300
14.540
14.760
15.000
15.350
15.460
15.680
15.920
16.150
16.390
16.620
16.850
17.320
17.530
17.780
18.000
18.230
18.460
18.640
18.700
19.170
19.390
19.630
19.860
20.090
20.310
20.550
20.790
21.020
21.240
21.470
21.700
21.930
22.170
22.410
22.760
22.870
23.100
23.330
23.570
23.800
24.020
24.260
24.310
24.640
24.740
24.950
25.190
25.420
25.650
25.870
26.110
26.330
26.580
26.800
27.040
27.080
27.260
27.440
27.500
27.730
27.920
28.060
28.430
28.640
28.870
29.110
29.340
29.560
29.800
