0.050
0.240
0.350
0.440
0.640
0.840
0.950
1.050
1.250
1.350
1.450
1.560
1.650
1.860
1.960
2.060
2.170
2.260
2.470
2.570
2.670
2.870
3.080
3.280
3.480
3.590
3.680
3.880
4.090
4.190
4.300
4.500
4.700
4.800
4.900
5.110
5.210
5.310
5.410
5.520
5.720
5.820
5.930
6.120
6.230
6.330
6.430
6.530
6.830
6.930
7.130
7.340
7.440
7.540
7.650
7.750
7.850
7.950
8.050
8.150
8.360
8.460
8.560
8.760
8.960
9.060
9.170
9.360
9.570
9.770
9.980
10.180
10.580
10.720
10.850
10.990
11.090
11.190
11.300
11.390
11.600
11.700
11.800
12.000
12.200
12.300
12.410
12.510
12.610
12.710
12.810
12.920
12.960
13.020
13.220
13.320
13.420
13.620
13.830
13.930
14.040
14.230
14.330
14.430
14.540
14.630
14.840
14.940
15.050
15.250
15.450
15.550
15.670
15.860
15.960
16.070
16.170
16.270
16.480
16.570
16.670
16.780
16.880
17.080
17.180
17.300
17.490
17.590
17.690
17.800
17.890
17.990
18.100
18.200
18.300
18.400
18.510
18.600
18.710
18.810
18.920
19.120
19.220
19.320
19.420
19.520
19.620
19.730
19.920
20.030
20.130
20.230
20.330
20.530
20.630
20.740
20.840
20.940
21.040
21.140
21.350
21.540
21.750
21.950
22.000
22.060
22.110
22.160
22.220
22.260
22.360
22.560
22.770
22.970
23.070
23.170
23.370
23.570
23.800
23.980
24.080
24.190
24.390
24.490
24.590
24.700
24.800
25.000
25.100
25.200
25.310
25.410
25.510
25.610
25.740
25.810
25.910
26.010
26.310
26.420
26.620
26.820
26.920
27.030
27.230
27.330
27.440
27.540
27.640
27.840
27.940
28.040
28.240
28.450
28.550
28.670
28.850
29.050
29.260
29.560
29.670
