2.110
12.150
14.790
15.770
17.740
17.780
18.740
19.740
22.340
22.740
27.330
29.260
30.460
32.880
35.850
39.150
39.440
39.660
43.650
44.660
47.060
47.630
47.700
47.900
48.080
48.420
48.490
48.540
49.030
49.530
49.620
52.720
53.160
55.530
55.910
56.220
56.530
56.610
57.140
57.440
57.780
58.470
58.870
59.360
60.040
60.880
60.990
61.190
62.230
63.920
64.020
64.190
64.550
65.410
65.700
66.620
67.610
68.070
68.780
68.870
69.300
69.450
69.950
71.400
71.830
72.650
74.680
75.270
75.420
75.740
76.140
76.210
76.650
77.200
77.440
77.520
77.560
77.610
77.650
77.980
78.090
78.210
78.320
78.460
79.180
79.330
79.400
79.480
79.550
79.700
79.840
80.100
80.470
80.980
81.530
81.780
82.000
82.120
82.270
82.430
82.600
82.840
83.010
83.120
83.330
83.440
83.570
84.440
84.980
85.480
85.600
86.080
87.700
87.910
88.010
88.130
88.230
88.320
88.850
91.610
92.480
93.510
93.800
95.650
