0.010
0.220
0.810
1.325
1.585
1.830
2.075
2.300
2.335
2.855
2.925
3.360
3.420
3.635
3.670
3.890
4.100
4.360
4.870
5.390
5.670
5.755
5.920
6.165
6.415
6.905
7.160
7.410
7.675
7.955
8.180
8.415
8.935
9.465
9.730
9.805
9.965
10.205
10.425
10.465
10.705
10.925
11.190
11.695
11.945
12.180
12.445
12.940
13.460
13.710
13.975
14.210
14.475
14.950
15.210
15.430
15.700
15.965
16.205
16.465
16.960
17.515
17.735
18.005
18.260
18.480
18.520
19.030
19.525
19.795
20.040
20.120
20.265
20.490
21.040
21.525
21.805
22.035
22.535
22.790
23.020
23.280
23.550
23.785
23.850
24.035
24.285
24.540
25.045
25.540
25.815
26.050
26.280
26.540
27.040
27.290
27.515
27.780
28.020
28.085
28.275
28.525
29.015
29.530
29.775
30.030
30.290
30.560
