1.020
1.110
1.610
1.710
2.050
2.500
2.610
2.700
2.820
2.960
3.300
3.870
4.040
4.170
4.360
4.430
4.610
4.760
4.860
4.950
5.670
5.770
6.370
7.210
7.620
7.710
7.810
8.020
8.200
8.590
8.750
8.820
8.950
9.100
9.240
9.630
10.570
10.910
11.090
11.300
11.480
11.750
11.910
12.340
12.550
12.640
12.940
13.240
14.010
14.100
14.430
14.640
15.030
15.130
15.260
15.390
15.630
15.700
15.850
16.050
16.260
16.340
17.340
17.680
17.770
17.990
18.180
18.910
19.020
19.310
19.420
19.620
19.830
20.040
20.120
20.300
20.340
