0.760
1.080
1.770
1.880
2.800
3.560
3.780
4.810
4.860
5.050
5.250
5.480
6.210
6.270
6.350
6.490
6.560
7.280
7.450
7.560
7.680
7.750
8.960
9.310
9.590
10.080
10.180
10.420
10.590
10.680
10.890
12.240
12.540
12.930
13.540
13.740
13.840
13.980
14.330
14.510
14.860
14.990
15.120
16.160
16.560
16.690
18.630
19.190
19.700
20.100
21.610
21.740
21.970
23.300
23.400
25.480
25.830
26.380
26.430
27.020
27.250
27.330
27.700
28.010
29.100
29.260
29.510
29.700
31.540
31.830
32.500
32.630
32.860
33.640
34.140
34.260
34.410
35.980
36.600
38.030
38.410
38.650
38.820
39.530
39.930
40.350
40.440
41.850
41.930
42.040
42.960
43.140
43.360
43.500
43.880
44.890
44.980
45.110
45.270
45.360
45.510
45.820
46.340
46.590
46.730
46.780
47.350
47.910
48.580
48.920
49.500
49.660
49.750
49.900
50.120
50.500
50.950
51.250
53.360
54.330
55.060
56.520
57.090
57.570
58.110
58.360
59.300
59.750
59.880
59.970
60.030
61.190
61.470
61.810
62.060
62.220
62.520
63.270
63.530
63.680
64.420
64.870
65.100
65.400
65.610
65.990
66.230
66.450
66.900
67.110
67.200
67.320
68.170
68.340
69.030
69.750
69.850
70.190
70.310
70.410
70.460
70.680
70.870
71.190
71.280
71.780
71.880
71.990
72.140
72.220
72.310
72.600
72.920
73.060
73.220
73.330
73.410
73.520
73.630
73.730
73.850
74.030
74.380
74.590
74.680
75.030
75.090
75.630
75.760
75.970
76.090
76.620
76.850
77.610
