0.244
0.592
0.836
1.196
1.312
1.567
1.683
1.950
2.299
2.670
2.833
3.030
3.204
3.448
3.599
3.831
3.971
4.203
4.737
5.108
5.352
5.724
5.898
6.130
6.258
6.629
6.873
7.245
7.384
7.755
8.011
8.382
8.533
8.754
8.928
9.149
9.520
9.892
10.263
11.401
11.773
12.272
12.655
12.910
13.282
13.421
13.665
13.781
14.025
14.396
14.756
14.907
15.128
15.290
15.523
15.673
16.033
16.277
16.800
17.171
17.415
17.775
18.135
18.286
18.530
18.669
18.901
19.389
19.749
19.992
20.329
20.468
20.689
20.828
21.060
21.420
21.943
22.187
22.558
22.930
23.057
23.812
24.137
24.927
25.333
25.704
26.099
26.471
27.074
27.864
28.235
28.746
29.002
29.164
29.385
