0.209
2.392
2.682
2.868
3.065
3.239
3.413
3.587
3.750
3.936
4.087
4.261
4.423
4.621
4.783
4.969
5.097
5.283
5.433
5.596
5.770
5.944
6.107
6.281
6.444
6.641
6.827
6.978
7.163
7.314
7.465
7.663
7.848
8.022
8.173
8.324
8.499
8.649
8.858
9.009
9.195
9.358
9.543
9.787
10.031
10.263
10.461
10.739
11.029
11.378
11.633
11.865
12.074
12.307
12.481
12.678
12.910
13.142
13.398
13.700
14.222
14.733
14.838
15.128
15.348
15.395
15.569
15.732
15.882
16.022
16.068
16.173
16.289
16.463
16.591
16.742
16.811
16.927
17.043
17.218
17.473
17.694
17.845
18.088
18.297
18.611
18.704
19.006
19.156
19.238
19.319
19.470
19.609
19.667
19.749
19.888
20.039
20.178
20.329
20.468
20.654
20.805
20.956
21.165
21.397
21.606
21.804
21.862
22.047
22.326
22.477
22.628
22.767
22.802
22.976
23.174
23.359
23.545
23.731
23.928
24.323
24.509
24.694
24.845
25.043
25.205
25.426
25.554
25.704
25.832
26.030
26.192
26.378
26.552
26.703
26.900
27.086
27.283
27.434
27.620
27.783
27.922
28.050
28.154
28.270
28.456
28.642
28.816
28.979
29.141
29.315
29.466
29.501
29.594
29.733
29.791
29.989
30.151
30.325
30.488
30.685
30.859
31.033
31.219
31.463
31.637
31.835
32.044
32.125
32.322
32.543
32.798
33.205
33.297
33.472
33.646
33.831
33.994
34.145
34.307
34.458
34.621
34.772
34.934
35.085
35.271
35.445
35.619
35.759
35.921
36.072
36.212
36.374
36.548
36.699
36.885
37.036
37.291
37.500
37.663
37.814
37.941
38.092
38.243
38.429
38.534
38.673
38.847
38.893
38.963
39.172
39.323
39.474
39.625
39.764
39.880
40.066
40.240
40.345
40.449
40.658
40.739
40.972
41.006
41.169
41.320
41.459
41.610
41.715
41.854
42.040
42.075
42.167
42.284
42.434
42.493
42.562
42.760
42.829
42.945
43.085
43.224
43.352
43.514
43.642
43.816
43.979
44.013
44.130
44.269
44.431
44.617
44.687
44.791
44.965
45.128
45.267
45.418
45.639
45.848
45.952
46.034
46.161
46.393
46.649
46.719
46.869
47.160
47.311
47.404
47.589
47.775
47.938
48.100
48.239
48.356
48.402
48.576
48.623
48.774
48.913
49.087
49.261
49.424
49.633
49.853
50.004
50.202
50.387
50.620
50.945
51.165
51.339
51.502
51.676
51.839
52.001
52.175
52.338
52.512
52.698
52.849
53.092
53.743
54.323
54.857
55.217
55.438
55.507
55.844
56.076
56.297
56.436
56.587
56.750
56.900
57.086
57.237
57.423
57.690
57.980
58.212
58.503
58.746
