0.010
0.170
0.280
0.330
0.550
0.600
0.750
0.860
0.910
1.130
1.180
1.340
1.440
1.650
1.720
1.770
1.900
2.020
2.070
2.200
2.270
2.320
2.450
2.550
2.600
2.650
2.700
2.760
2.860
2.910
3.200
3.250
3.360
3.440
3.720
3.770
3.820
3.970
4.020
4.310
4.370
4.590
4.740
4.790
4.840
4.890
4.940
5.040
5.160
5.390
5.490
5.660
5.760
5.810
6.050
6.340
6.440
6.490
6.640
6.760
6.830
6.940
7.130
7.230
7.280
7.390
7.510
7.680
7.810
7.860
8.050
8.100
8.390
8.440
8.650
8.840
8.980
9.030
9.240
9.380
9.470
9.550
9.630
9.810
9.860
