0.010
0.070
0.160
0.340
0.390
0.460
0.640
0.750
0.880
0.940
1.030
1.080
1.200
1.290
1.340
1.540
1.640
1.740
1.870
1.920
2.120
2.200
2.250
2.300
2.440
2.530
2.710
2.820
2.930
3.030
3.110
3.400
3.620
3.720
3.930
4.010
4.060
4.110
4.220
4.310
4.360
4.510
4.650
4.860
4.910
4.960
5.060
5.120
5.190
5.240
5.410
5.460
5.510
5.700
5.810
6.070
6.120
6.170
6.290
6.340
6.400
6.450
6.650
6.700
6.750
6.820
6.900
6.950
7.010
7.110
7.230
7.290
7.340
7.400
7.520
7.620
7.900
8.090
8.200
8.250
8.400
8.460
8.510
8.700
8.750
8.810
8.880
9.090
9.140
9.300
9.370
9.420
9.470
9.650
9.700
9.880
9.930
