0.090
0.150
0.200
0.440
0.490
0.550
0.780
0.880
0.930
1.120
1.170
1.240
1.290
1.340
1.600
1.840
1.890
1.940
2.180
2.300
2.420
2.530
2.650
2.710
2.850
2.990
3.230
3.280
3.340
3.460
3.580
3.630
3.700
3.930
4.050
4.130
4.330
4.410
4.630
4.700
4.760
4.840
4.990
5.100
5.150
5.210
5.310
5.360
5.460
5.680
5.810
6.020
6.220
6.350
6.510
6.700
6.780
6.870
6.920
7.030
7.080
7.190
7.240
7.370
7.470
7.520
7.570
7.670
7.730
7.790
7.900
7.950
8.120
8.170
8.270
8.330
8.430
8.510
8.610
8.820
8.870
8.960
9.200
9.310
9.360
9.520
9.570
9.630
9.680
9.730
9.780
9.840
9.920
