0.080
0.210
0.360
0.500
0.640
0.800
0.890
0.940
1.200
1.250
1.300
1.390
1.500
1.550
1.830
1.990
2.090
2.140
2.290
2.410
2.460
2.580
2.660
2.720
2.870
3.010
3.160
3.260
3.310
3.370
3.420
3.560
3.670
3.760
3.820
3.910
4.210
4.350
4.450
4.500
4.650
4.780
4.840
4.930
5.010
5.090
5.230
5.380
5.630
5.680
5.940
5.990
6.120
6.180
6.230
6.280
6.420
6.550
6.600
6.650
6.720
6.810
6.870
7.020
7.140
7.190
7.300
7.360
7.450
7.600
7.740
7.800
7.990
8.040
8.320
8.490
8.550
8.640
8.930
8.980
9.080
9.170
9.220
9.380
9.500
9.550
9.670
9.740
9.810
9.970
