0.060
0.110
0.280
0.330
0.470
0.630
0.820
0.950
1.000
1.130
1.180
1.320
1.510
1.560
1.690
1.880
2.040
2.220
2.380
2.430
2.570
2.730
2.780
2.900
2.950
3.090
3.270
3.440
3.620
3.800
3.960
4.140
4.340
4.500
4.680
4.860
5.010
5.060
5.200
5.380
5.540
5.590
5.760
5.870
5.920
6.040
6.090
6.140
6.250
6.340
6.460
6.590
6.660
6.820
6.960
7.120
7.310
7.490
7.660
7.830
8.000
8.180
8.350
8.530
8.700
8.870
8.920
9.050
9.170
9.290
9.400
9.450
9.530
9.580
9.750
9.920
10.070
10.120
10.290
10.450
10.630
10.790
10.980
11.150
11.330
11.500
11.650
11.700
11.870
12.040
12.210
12.260
12.390
12.560
12.630
12.730
12.910
13.080
13.250
13.430
13.600
13.700
13.780
13.910
13.960
14.060
14.140
14.300
14.510
14.560
14.660
14.840
14.890
15.010
