0.010
0.180
0.320
0.480
0.650
0.830
0.970
1.150
1.310
1.460
1.620
1.800
1.940
2.110
2.280
2.450
2.600
2.750
2.910
3.090
3.260
3.390
3.560
3.710
3.870
4.040
4.200
4.360
4.540
4.710
4.850
5.010
5.190
5.370
5.500
5.550
5.670
5.840
5.980
6.030
6.180
6.330
6.440
6.620
6.690
6.780
6.830
6.970
7.090
7.140
7.260
7.310
7.430
7.610
7.760
7.910
8.070
8.120
8.290
8.400
8.760
8.910
9.060
9.250
9.400
9.720
9.910
10.040
10.230
10.360
10.700
10.750
10.870
11.030
11.230
11.340
11.670
11.840
12.190
12.320
12.390
12.660
12.760
12.820
12.980
13.050
13.120
13.180
13.300
13.620
13.670
13.790
13.940
14.140
14.270
14.620
14.720
14.770
14.920
15.060
15.120
15.270
15.600
15.750
15.890
16.100
16.250
16.590
16.750
16.910
17.050
17.220
17.560
17.610
17.730
17.890
18.070
18.210
18.260
18.540
18.590
18.700
18.870
18.930
19.010
19.060
19.180
19.500
19.550
19.660
19.820
19.880
19.990
20.150
20.310
20.470
20.630
20.710
20.790
20.960
21.110
21.300
21.440
21.600
21.730
21.900
21.950
22.060
22.130
22.300
22.400
22.540
22.690
22.900
23.020
23.240
23.370
23.530
23.690
23.930
23.990
24.160
24.320
24.480
24.650
24.820
24.980
25.130
25.300
25.440
25.590
25.640
25.800
25.910
26.080
26.240
26.290
26.450
26.560
26.620
26.720
26.770
26.930
27.040
27.090
27.190
27.240
27.350
27.540
27.660
27.730
27.840
27.970
28.030
28.320
28.500
28.660
28.790
28.840
28.940
28.990
29.120
29.280
29.440
29.580
29.630
29.770
29.900
30.090
30.220
30.270
30.380
30.550
30.720
30.890
30.940
31.010
31.060
