0.090
0.280
0.460
0.640
0.820
1.020
1.370
1.550
1.720
1.820
1.990
2.090
2.180
2.270
2.350
2.440
2.570
2.640
2.810
3.000
3.170
3.360
3.540
3.700
3.890
4.090
4.250
4.430
4.610
4.720
4.990
5.040
5.150
5.330
5.700
5.880
6.040
6.090
6.240
6.440
6.590
6.800
6.880
7.150
7.330
7.500
7.600
7.670
7.780
7.880
7.970
8.050
8.230
8.410
8.590
8.780
8.940
8.990
9.140
9.320
9.480
9.670
9.760
9.870
10.040
10.210
10.400
10.500
10.590
10.780
10.830
10.930
11.120
11.280
11.480
11.830
11.880
12.020
12.200
12.370
12.580
12.940
13.110
13.290
13.380
13.450
13.560
13.660
13.750
13.830
14.020
14.100
14.200
14.370
14.560
14.730
14.900
15.090
15.260
15.450
15.540
15.650
15.810
15.990
16.170
16.370
16.620
16.710
16.900
17.260
17.440
17.620
17.800
17.980
18.150
18.350
18.700
18.880
19.070
19.240
19.440
19.530
19.610
19.800
19.970
20.150
20.340
20.510
20.690
20.880
21.050
21.240
21.330
21.600
21.780
21.950
22.160
22.340
22.490
22.540
22.690
22.860
23.040
23.220
23.400
23.590
23.760
23.940
24.140
24.490
24.670
24.850
25.020
25.220
25.320
25.390
25.580
25.750
25.930
26.120
26.290
26.470
26.670
26.830
26.960
27.020
27.200
27.380
27.560
27.740
27.950
28.180
28.280
28.470
28.830
29.000
29.180
29.370
29.720
29.770
29.910
29.960
30.090
30.170
30.270
30.450
30.630
30.810
31.010
31.100
31.180
31.360
