2.540
2.770
2.860
3.380
3.430
3.560
3.660
3.760
3.850
3.930
3.980
4.100
4.150
4.200
4.400
4.650
6.090
6.210
6.530
6.580
6.720
6.800
6.850
6.930
7.000
7.060
7.170
7.510
7.620
7.680
7.750
7.950
8.290
8.420
8.550
8.630
8.700
8.790
8.840
8.920
9.020
9.100
9.210
9.300
9.360
9.480
9.640
9.790
9.850
9.970
10.020
10.110
10.300
10.360
10.410
10.500
10.670
10.890
11.070
11.230
11.580
11.760
12.150
12.780
12.830
12.980
13.030
13.080
13.220
13.330
13.390
14.260
14.910
15.060
15.400
15.450
15.540
15.590
15.670
15.930
16.020
16.140
16.200
16.280
16.560
16.690
16.750
16.860
16.910
17.080
17.160
17.620
20.120
20.210
20.730
20.820
20.950
21.030
21.110
21.250
21.300
21.370
21.420
21.550
21.600
21.650
21.730
21.790
21.850
21.900
21.980
22.150
22.200
22.300
22.370
22.470
22.560
22.640
22.780
22.830
23.190
23.290
23.390
23.490
23.630
23.700
23.780
23.830
23.880
23.970
24.570
24.750
24.800
24.850
24.990
25.150
25.240
25.290
25.360
25.410
25.480
25.540
25.590
25.660
25.730
25.810
26.860
26.970
27.120
27.170
27.230
27.400
28.410
28.550
28.640
28.720
28.800
29.560
