0.290
1.020
1.110
1.200
1.430
1.660
1.780
1.890
2.010
2.120
2.350
2.470
2.590
2.700
2.820
2.930
3.050
3.160
3.280
3.390
3.510
3.620
3.670
3.740
3.850
3.900
3.970
4.080
4.130
4.200
4.310
4.360
4.430
4.540
4.590
4.660
4.710
4.780
4.900
5.630
5.720
5.810
6.040
6.280
6.390
6.510
6.620
6.740
6.970
7.080
7.200
7.320
7.430
7.550
7.660
7.780
7.890
7.940
8.010
8.120
8.170
8.240
8.350
8.400
8.470
8.580
8.630
8.700
8.810
8.860
8.930
9.040
9.090
9.160
9.210
9.270
9.320
9.390
9.440
9.520
10.200
10.290
10.380
10.430
10.660
10.890
11.010
11.120
11.170
11.240
11.350
11.590
11.700
11.820
11.930
12.050
12.160
12.280
12.390
12.510
12.620
12.670
12.740
12.850
12.900
12.970
13.080
13.130
13.200
13.310
13.360
13.430
13.540
13.590
13.660
13.710
13.770
13.820
13.890
13.940
14.010
14.130
14.780
14.870
14.960
15.050
15.280
15.510
15.620
15.740
15.850
15.900
15.970
16.200
16.320
16.430
16.550
16.660
16.780
16.890
16.940
17.010
17.120
17.170
17.240
17.360
17.470
17.580
17.630
17.700
17.810
17.860
17.930
18.040
18.090
18.160
18.210
18.280
18.390
18.440
18.500
18.550
18.620
18.670
18.750
18.810
19.010
19.440
19.660
19.890
20.120
20.240
20.350
20.400
20.470
20.590
20.820
20.930
21.050
21.160
21.280
21.400
21.510
21.620
21.670
21.740
21.860
21.970
22.090
22.200
22.320
22.430
22.540
22.590
22.660
22.710
22.780
22.890
22.940
23.010
23.120
23.170
23.240
23.360
24.190
24.280
24.510
24.740
24.860
24.970
25.090
25.200
25.430
25.550
25.660
25.780
25.900
26.010
26.130
26.240
26.350
26.400
26.470
26.590
26.700
26.820
26.930
26.980
27.050
27.160
27.280
27.390
27.440
27.510
27.620
27.670
27.740
27.850
27.900
27.980
28.040
28.210
28.670
28.760
28.890
29.120
29.360
29.470
29.590
29.700
29.820
30.050
30.160
30.280
30.390
30.510
30.630
30.740
30.860
30.970
31.090
31.200
31.320
31.430
31.550
31.660
31.710
31.780
31.890
31.940
32.010
32.120
32.170
32.240
32.350
32.400
32.470
32.600
33.000
33.280
33.420
33.510
33.740
33.970
34.090
34.200
34.320
34.430
34.660
34.780
34.890
35.010
35.130
35.240
35.360
35.470
35.590
35.700
35.820
35.930
36.050
36.160
36.210
36.280
36.390
36.440
36.510
36.620
36.670
36.740
36.850
36.900
36.970
37.090
37.210
37.900
38.130
38.350
38.590
38.700
38.820
38.930
39.050
39.280
39.400
39.510
39.630
39.740
39.860
39.970
40.090
40.200
40.320
40.430
40.550
40.660
40.710
40.780
40.890
40.940
41.010
41.120
41.170
41.240
41.350
41.400
41.470
41.580
41.630
41.700
41.830
42.510
42.740
42.970
43.200
43.320
43.430
43.550
43.660
43.900
44.010
44.130
44.240
44.360
44.470
44.590
44.700
44.750
44.820
44.930
45.050
45.160
45.210
45.280
45.390
45.440
45.510
45.620
45.670
45.740
45.850
45.900
45.970
46.080
46.130
46.200
46.250
46.320
46.440
46.810
47.130
47.180
47.260
47.360
47.590
47.820
47.930
48.050
48.160
48.280
48.510
48.630
48.740
48.860
48.970
49.090
49.200
49.320
49.430
49.550
49.660
49.710
49.780
49.890
49.940
50.010
50.120
50.170
50.240
50.350
50.400
50.470
50.590
50.700
50.750
50.810
50.860
50.930
50.980
51.060
51.540
51.710
51.840
51.970
52.200
52.430
52.550
52.660
52.710
52.780
52.900
53.130
53.240
53.360
53.470
53.590
53.700
53.820
53.930
53.980
54.050
54.170
54.280
54.390
54.440
54.510
54.620
54.670
54.740
54.850
54.900
54.970
55.090
55.200
55.250
55.320
55.430
55.480
55.550
55.670
56.120
56.360
56.590
56.820
57.050
57.160
57.280
57.400
57.510
57.740
57.860
57.970
58.090
58.210
58.320
58.440
58.550
58.660
58.710
58.780
58.900
59.010
59.130
59.240
59.360
59.470
59.590
59.700
59.750
59.820
59.930
59.980
