0.220
1.070
1.220
1.720
1.900
2.070
2.240
2.310
2.930
3.230
4.220
4.620
4.670
4.770
5.030
5.270
5.370
5.420
5.540
5.760
5.930
6.090
6.220
6.540
7.240
8.260
9.230
9.490
9.540
9.660
9.730
9.950
10.040
10.120
10.210
10.360
10.410
10.460
10.720
10.880
11.020
11.220
11.280
11.450
12.210
12.400
13.040
13.200
13.250
13.300
13.450
13.500
13.620
13.790
13.860
13.990
14.110
14.200
14.300
14.350
14.550
15.140
15.430
15.480
15.590
15.860
16.110
17.130
17.300
17.420
17.490
17.590
17.640
17.790
17.920
17.970
18.040
19.120
