0.230
0.280
0.820
2.030
2.080
2.290
2.370
2.520
3.130
3.310
3.410
3.660
4.340
5.100
5.420
6.040
6.200
6.300
6.380
6.650
7.360
7.810
7.970
8.100
8.350
8.400
8.500
8.600
8.800
8.880
8.930
9.350
9.420
9.620
9.670
9.720
9.980
10.090
10.160
10.250
10.410
10.460
10.580
10.730
11.030
11.190
11.360
11.460
11.510
11.660
11.820
12.070
12.130
12.190
12.280
12.480
12.720
12.990
13.160
13.210
13.390
13.460
13.510
13.610
13.660
13.740
13.790
13.920
14.010
14.180
14.480
14.550
14.630
14.770
14.830
14.900
15.080
15.150
15.200
15.250
15.300
15.470
15.520
15.570
15.730
