0.150
0.200
0.270
0.320
0.390
0.980
1.380
1.520
1.650
1.930
2.060
2.490
2.630
2.780
2.930
3.060
3.190
3.490
3.600
3.670
3.760
3.890
4.180
4.300
4.610
4.730
4.870
5.170
5.300
5.430
5.580
5.730
5.840
5.920
5.990
6.130
6.280
6.400
6.520
6.830
6.960
7.090
7.250
7.390
7.530
7.660
7.810
7.950
8.070
8.140
8.220
8.360
8.520
8.640
8.760
8.910
9.050
9.120
9.170
9.230
9.310
9.580
9.890
10.030
10.120
10.180
10.300
10.370
10.450
10.580
10.740
10.860
10.990
11.140
11.280
11.400
11.550
11.840
11.960
12.100
12.250
12.400
12.490
12.560
12.660
12.790
12.940
13.070
13.220
13.360
13.510
13.630
13.770
14.080
14.190
14.330
14.480
14.630
14.720
14.800
14.890
15.020
15.310
15.450
15.590
15.750
15.860
16.010
16.310
16.430
16.560
16.710
16.850
16.970
17.050
17.120
17.260
17.540
17.670
17.810
17.960
18.080
18.230
18.660
18.800
19.090
19.210
19.270
19.350
19.480
19.630
19.760
19.900
20.040
20.180
20.320
20.460
20.600
20.740
20.880
21.020
21.170
21.310
21.420
21.480
21.570
21.710
21.860
21.990
22.120
22.200
22.270
22.320
22.410
22.540
22.680
22.970
23.090
23.160
23.240
23.390
23.460
23.520
23.660
23.720
23.810
23.940
24.100
24.230
24.360
24.490
24.660
24.780
24.930
25.060
25.210
25.340
25.420
25.490
25.620
25.770
25.890
26.040
26.110
26.160
26.230
26.320
26.460
26.590
26.720
26.790
26.870
27.010
27.140
27.580
27.710
27.880
28.000
28.120
28.180
28.270
28.400
28.630
28.690
28.820
28.960
29.090
29.230
29.300
29.380
29.520
29.680
29.800
29.930
