0.070
0.120
0.380
0.440
0.680
0.850
0.990
1.070
1.620
2.210
2.280
2.330
2.550
2.880
3.040
3.200
3.300
3.470
3.820
4.120
4.190
4.260
4.450
4.580
4.710
4.760
4.940
5.070
5.120
5.190
5.580
5.850
5.920
6.030
6.180
6.310
6.360
6.510
6.610
6.660
6.960
7.130
7.280
7.390
7.530
7.580
7.740
7.890
8.190
8.410
8.490
8.540
8.670
8.800
9.030
9.110
9.280
9.420
9.720
9.790
9.840
9.950
10.030
10.080
10.180
10.330
10.640
10.820
10.890
10.960
11.100
11.270
11.540
11.700
11.850
12.020
12.150
12.310
12.450
12.500
12.620
12.750
12.910
13.050
13.230
13.370
13.520
13.680
13.940
13.990
14.220
14.270
14.440
14.560
14.610
14.730
14.850
14.900
