0.980
1.460
1.690
1.910
2.160
2.380
2.590
3.050
3.280
3.500
3.710
3.960
4.160
4.390
4.600
4.650
4.860
5.080
5.540
5.630
5.750
5.800
5.990
6.210
6.260
6.450
6.670
6.720
6.910
6.960
7.130
7.180
7.370
7.420
7.600
7.650
7.700
7.840
7.920
8.080
8.130
8.180
8.290
8.360
8.530
8.760
9.000
9.090
9.150
9.230
9.300
9.500
9.550
9.700
9.760
9.930
10.130
10.180
10.450
10.630
10.850
10.900
10.950
11.090
11.320
11.560
11.780
11.830
12.010
12.080
12.400
12.450
12.500
12.640
12.700
12.760
12.820
12.910
12.970
13.170
13.220
13.400
13.630
13.680
13.870
13.930
14.140
14.190
14.320
14.500
14.550
14.780
15.010
15.060
15.230
15.490
15.690
15.740
15.950
16.040
16.140
16.190
16.380
16.430
16.530
16.630
16.880
17.100
17.180
17.350
17.400
17.580
17.800
18.050
18.270
18.320
18.460
18.510
18.800
18.970
19.210
19.270
19.450
19.680
19.910
20.140
20.370
20.610
20.850
21.080
21.320
21.550
21.780
22.000
22.240
22.470
22.520
22.580
22.700
22.940
23.040
23.170
23.320
23.400
23.510
23.630
23.680
23.860
23.930
24.160
24.260
24.310
24.510
24.700
24.750
24.950
25.110
25.400
25.450
25.580
25.630
25.850
26.070
26.310
26.400
26.530
26.710
26.770
27.010
27.160
27.240
27.470
27.700
27.920
27.970
28.020
28.170
28.400
28.550
28.630
28.700
28.850
28.900
29.090
29.320
29.370
29.550
29.630
29.780
