0.060
0.270
0.390
0.500
0.550
0.720
0.830
0.940
1.160
1.230
1.370
1.460
1.580
1.650
1.780
1.880
1.930
2.040
2.180
2.230
2.280
2.400
2.450
2.530
2.630
2.800
2.860
3.070
3.140
3.260
3.470
3.680
3.730
3.810
3.930
3.980
4.130
4.280
4.340
4.550
4.650
4.780
4.830
4.980
5.030
5.190
5.430
5.480
5.540
5.630
5.870
5.920
6.060
6.220
6.280
6.500
6.730
6.840
6.920
7.150
7.210
7.260
7.310
7.360
7.570
7.620
7.770
8.000
8.190
8.410
8.540
8.620
8.860
9.050
9.260
9.460
9.690
9.910
10.120
10.330
10.430
10.580
10.690
10.750
10.800
10.880
11.040
11.110
11.190
11.250
11.390
11.530
11.630
11.850
12.060
12.290
12.340
12.500
12.570
12.830
12.880
13.010
13.140
13.190
13.360
13.560
13.780
13.860
13.990
14.200
14.330
14.420
14.470
14.520
14.640
14.730
14.860
15.070
15.160
15.210
15.280
15.490
15.630
15.730
15.780
15.920
16.060
16.140
16.350
16.460
16.590
16.790
16.990
17.200
17.400
17.450
17.530
17.600
17.650
17.710
17.870
17.940
18.050
18.100
18.200
18.280
18.370
18.500
18.600
18.680
18.730
18.930
19.010
19.130
19.200
19.350
19.450
19.510
19.710
19.760
19.990
20.090
20.200
20.450
20.530
20.630
20.850
20.930
21.070
21.350
21.400
21.480
21.700
21.910
22.120
22.330
22.570
22.670
22.760
23.100
23.210
23.420
23.530
23.580
23.850
23.930
24.070
24.160
24.230
24.280
24.330
24.510
24.610
24.680
24.930
25.160
25.360
25.580
25.700
25.780
26.020
26.120
26.220
26.460
26.530
26.580
26.650
26.730
26.860
27.070
27.150
27.200
27.270
27.420
27.470
27.520
27.710
27.760
27.920
28.000
28.050
28.150
28.260
28.350
28.510
28.560
28.680
28.790
28.950
29.000
29.050
29.110
29.160
29.220
29.290
29.370
29.450
29.540
29.640
