0.170
0.400
0.630
0.890
1.140
1.400
1.630
1.680
1.890
2.130
2.370
2.610
2.850
3.090
3.340
3.570
3.810
4.060
4.290
4.340
4.540
4.770
5.010
5.250
5.480
5.730
5.970
6.200
6.440
6.490
6.680
6.920
7.160
7.400
7.630
7.860
8.100
8.150
8.220
8.320
8.370
8.530
8.580
8.700
8.830
8.930
9.010
9.220
9.310
9.490
9.730
9.780
9.960
10.200
10.250
10.440
10.660
10.710
10.890
11.130
11.370
11.580
11.630
11.810
12.050
12.100
12.280
12.330
12.500
12.750
12.920
12.990
13.040
13.210
13.350
13.440
13.490
13.650
13.900
13.950
14.150
14.350
14.400
14.580
14.830
15.040
15.280
15.330
15.510
15.560
15.740
15.790
15.890
15.970
16.180
16.230
16.280
16.400
16.450
16.580
16.630
16.710
16.760
16.910
17.060
17.130
17.180
17.380
17.620
17.720
17.830
18.080
18.300
18.550
18.610
18.770
19.010
19.240
19.460
19.510
19.710
19.810
20.000
20.060
20.150
20.200
20.400
20.450
20.620
20.840
20.890
21.080
21.260
21.310
21.540
21.750
21.800
21.850
21.990
22.170
22.220
22.430
22.680
22.920
23.050
23.150
23.200
23.290
23.380
23.520
23.620
23.670
23.820
23.870
24.040
24.090
24.180
24.310
24.370
24.440
24.570
24.620
24.790
24.910
25.030
25.080
25.290
25.350
25.600
25.680
25.740
25.910
25.960
26.010
26.070
26.260
26.470
26.520
26.700
26.810
26.920
27.060
27.170
27.390
27.620
27.750
27.890
27.990
28.110
28.160
28.350
28.410
28.590
28.720
28.770
28.830
28.880
29.060
29.110
29.310
29.360
29.540
