0.010
0.340
0.670
0.990
1.040
1.330
1.660
1.980
2.310
2.630
2.970
3.020
3.130
3.200
3.390
3.440
3.630
3.880
3.970
4.030
4.280
4.600
4.920
4.980
5.040
5.250
5.300
5.570
5.760
5.880
6.210
6.370
6.520
6.760
6.850
7.080
7.180
7.500
7.700
7.820
8.130
8.470
8.650
8.700
8.770
8.820
9.100
9.430
9.600
9.760
9.830
9.980
10.060
10.380
10.510
10.710
10.880
10.940
11.030
11.190
11.240
11.360
11.530
11.680
12.000
12.330
12.620
12.670
12.970
13.300
13.530
13.630
13.940
14.260
14.520
14.590
14.740
14.810
14.860
15.040
15.250
15.410
15.540
15.590
15.880
16.210
16.540
16.860
17.190
17.510
17.830
18.150
18.490
18.810
19.130
19.460
19.780
20.110
20.390
20.440
20.590
20.640
20.760
20.870
21.090
21.310
21.410
21.730
22.020
22.070
22.220
22.370
22.610
22.690
22.920
23.000
23.050
23.150
23.210
23.330
23.650
23.970
24.310
24.640
24.710
24.800
24.950
25.000
25.130
25.260
25.570
25.880
26.140
26.200
26.250
26.310
26.530
26.610
26.840
27.030
27.160
27.300
27.490
27.620
27.750
27.800
28.130
28.350
28.450
28.680
28.730
28.790
28.930
29.080
29.130
29.430
