0.260
0.350
0.540
0.610
1.570
1.770
1.920
2.020
2.590
2.640
2.710
2.770
2.860
3.050
3.700
3.750
3.900
4.250
4.440
4.620
4.700
4.750
4.860
4.910
5.010
5.060
5.130
5.180
5.270
5.610
5.680
5.820
5.940
6.480
6.670
6.880
6.930
7.140
7.360
7.480
7.990
8.180
8.750
8.840
8.950
9.000
9.050
9.110
9.200
9.380
9.640
10.080
10.170
10.220
10.330
10.390
10.620
10.910
11.170
11.220
11.270
11.340
11.590
11.740
11.850
12.210
12.260
12.420
12.520
12.690
13.350
13.440
13.610
13.920
14.440
14.600
14.670
14.760
14.880
14.950
15.550
15.670
15.850
16.460
16.870
16.990
17.070
17.210
17.330
17.490
17.540
17.590
17.650
17.720
17.800
17.850
17.920
17.970
18.080
18.130
18.220
18.360
18.520
18.570
18.830
18.930
19.110
19.280
19.670
19.740
19.990
20.100
20.700
20.760
20.840
21.020
21.260
21.720
21.800
22.030
22.270
22.800
22.860
23.070
23.150
23.260
23.460
23.820
23.890
23.940
24.000
24.150
24.390
24.440
24.880
24.930
24.980
25.090
25.330
25.520
25.660
25.830
25.910
25.960
26.080
26.210
26.340
26.590
26.990
27.040
27.150
27.230
27.320
27.470
27.560
27.660
27.740
27.840
28.090
28.140
28.240
28.350
28.430
28.570
28.630
