1.370
2.660
3.070
3.120
3.210
3.470
3.710
3.820
3.870
3.970
4.200
4.520
4.980
5.690
6.700
7.670
7.930
7.980
8.090
8.170
8.400
8.470
8.550
8.650
8.730
8.890
9.310
9.460
9.660
9.710
9.880
10.650
11.490
11.640
11.690
11.740
11.880
11.930
12.060
12.230
12.430
12.640
12.730
12.780
13.000
13.460
13.580
13.860
13.910
14.300
14.550
15.570
15.740
15.850
16.030
16.080
16.220
16.360
17.560
19.040
19.090
19.140
19.190
19.260
19.400
19.460
19.530
19.690
19.750
20.900
21.530
22.500
23.040
23.140
23.220
23.270
23.330
23.460
23.560
23.690
23.740
23.800
23.960
24.020
24.470
24.780
24.860
25.090
25.190
25.380
25.440
25.700
26.030
26.890
27.440
