12.940
13.050
13.140
13.310
13.730
14.410
15.150
15.690
16.380
16.870
17.040
17.390
17.610
17.700
17.820
18.020
18.220
19.100
19.270
20.150
20.340
20.480
20.620
20.950
21.170
21.450
21.930
22.530
22.950
23.920
24.430
24.930
25.170
25.600
25.940
26.100
30.550
30.670
30.860
31.250
31.940
32.620
32.880
32.950
33.040
33.200
33.310
33.460
33.610
33.720
34.580
34.950
35.150
35.300
35.910
36.240
36.960
37.340
37.470
37.600
37.720
37.830
38.130
38.330
39.050
39.960
40.200
40.370
40.580
40.870
40.980
41.160
41.290
41.390
41.980
42.130
42.260
42.460
42.530
42.590
42.660
42.790
42.990
43.790
43.980
44.250
44.500
44.650
44.830
45.480
45.610
45.790
45.900
46.170
46.400
46.590
46.890
47.300
47.800
48.180
48.870
49.020
49.650
50.070
50.190
50.280
50.380
50.840
52.000
53.260
53.510
53.910
54.030
54.210
54.320
55.020
55.700
56.290
56.520
57.010
57.210
57.260
57.510
58.010
58.060
58.250
58.720
58.920
59.260
59.490
59.630
59.680
59.930
60.020
60.110
60.280
60.420
60.600
60.720
60.810
61.020
61.530
61.690
61.860
62.020
62.280
62.410
62.520
62.670
62.770
62.890
63.010
63.100
63.270
63.340
63.520
63.650
63.700
63.760
63.930
63.980
64.040
64.280
64.530
64.600
64.820
64.980
65.310
65.380
66.050
68.750
68.860
69.080
69.160
69.250
69.800
73.050
74.390
75.410
76.690
76.800
76.890
77.310
77.420
77.940
78.040
78.150
78.470
78.560
78.680
78.990
79.080
79.200
79.300
79.400
79.510
79.720
87.030
87.200
87.720
87.790
87.910
134.740
137.650
144.440
160.780
161.780
162.100
163.030
163.500
164.060
164.710
171.720
172.010
172.200
172.720
173.240
173.420
173.610
173.710
173.760
173.820
173.910
174.010
174.200
174.350
174.400
174.500
174.620
174.720
174.770
174.830
174.980
175.080
175.200
175.310
175.500
175.560
175.620
175.690
175.740
175.980
176.140
176.320
176.480
176.690
176.740
