30.540
30.660
30.710
30.850
30.970
31.240
32.710
32.790
33.010
33.230
36.180
39.860
39.970
44.260
46.130
57.640
57.850
67.790
71.140
71.250
71.340
71.420
71.530
71.580
71.750
71.990
72.070
73.470
74.420
76.640
82.330
83.160
84.820
85.380
85.480
85.670
92.070
93.270
94.290
94.480
94.660
94.980
95.160
95.240
95.290
95.460
95.560
95.610
95.710
95.770
95.820
95.880
95.940
96.000
96.060
96.130
96.190
96.270
96.340
96.420
96.510
96.610
96.710
96.820
96.930
97.010
97.070
97.130
97.180
97.230
97.280
97.380
98.040
98.480
98.880
99.110
99.280
99.330
99.450
99.500
99.580
99.700
99.750
102.020
102.330
104.560
104.990
105.150
105.240
105.400
105.660
105.830
106.180
106.430
106.750
106.850
106.980
107.320
107.690
108.190
108.390
109.010
109.390
110.000
110.260
110.580
110.680
111.060
111.450
111.540
111.630
111.830
111.950
112.140
112.190
112.810
112.860
112.920
113.150
113.370
113.490
113.540
113.610
113.680
113.790
113.900
114.010
114.060
114.110
114.310
114.360
114.410
114.510
114.590
114.710
114.780
114.850
114.960
115.010
115.170
115.710
115.790
115.870
116.150
116.420
116.560
116.690
116.790
116.840
117.000
117.430
117.850
118.710
122.170
122.680
123.150
123.500
123.870
123.920
124.660
125.400
125.520
125.640
125.830
125.980
126.390
126.610
127.930
128.050
128.270
128.340
129.060
129.920
130.510
131.120
131.170
131.900
131.950
132.630
132.960
133.400
133.510
133.600
133.860
134.010
134.080
134.150
134.510
134.720
134.770
135.030
135.200
135.310
135.410
135.730
136.250
136.460
136.720
136.770
136.820
136.900
137.040
137.140
137.270
137.320
137.410
137.580
138.060
138.170
138.220
138.310
138.370
138.700
138.960
139.080
139.160
139.280
139.360
139.500
139.630
139.680
139.910
140.010
140.100
140.220
140.330
140.610
140.720
140.880
140.960
141.050
141.420
141.470
141.570
141.650
141.700
141.760
141.920
142.040
142.130
142.230
142.410
142.460
142.510
142.560
142.880
143.030
143.080
143.180
143.250
143.310
143.370
143.420
143.520
143.590
143.660
143.830
143.890
143.950
144.020
144.220
144.290
144.360
144.420
144.510
144.580
144.640
144.770
144.960
145.060
145.140
145.200
145.250
145.330
145.380
145.430
145.500
145.580
145.640
145.720
145.790
145.840
145.900
146.080
146.210
146.270
146.330
146.400
146.460
146.510
146.580
146.710
146.780
146.840
146.910
146.970
147.020
147.080
147.150
147.210
147.270
147.340
147.400
147.460
147.530
147.970
