4.050
4.580
4.720
4.810
4.930
4.980
5.170
5.250
8.130
8.380
8.920
8.970
9.080
9.130
9.250
9.340
9.420
9.600
9.700
9.950
10.020
10.090
10.210
10.280
10.410
12.270
13.410
13.520
13.840
13.890
13.940
14.990
15.080
15.210
15.280
15.370
15.450
16.930
17.050
17.640
17.840
18.630
19.760
20.470
20.610
20.690
21.750
22.080
22.350
22.670
23.600
23.720
24.110
24.190
24.290
25.270
25.340
26.690
27.830
27.930
28.010
28.070
29.860
30.850
31.580
31.630
31.870
31.920
32.080
32.180
32.650
32.750
32.830
32.880
34.090
34.570
34.670
34.740
35.560
35.950
36.230
36.500
36.620
36.720
36.770
37.000
37.480
38.390
38.590
38.840
38.910
39.000
39.060
39.610
39.770
39.850
39.940
40.020
40.100
40.190
40.270
40.350
40.440
40.530
40.680
41.040
41.220
41.300
41.380
41.470
41.550
41.630
41.720
41.800
41.880
41.970
42.050
42.130
42.210
42.300
42.380
42.460
42.550
42.630
42.990
43.650
43.830
45.600
45.860
47.450
47.560
47.650
50.330
50.530
50.600
50.660
50.790
50.920
50.970
51.030
51.100
51.160
51.220
51.280
51.410
51.470
51.530
51.600
51.710
51.960
52.210
52.430
52.630
52.940
52.990
53.080
53.230
53.350
53.430
53.540
53.590
53.640
53.720
53.800
53.870
53.980
54.070
54.160
54.240
54.290
54.430
54.550
54.630
54.800
54.880
54.970
55.050
55.280
55.450
55.540
55.710
55.790
56.310
56.560
56.650
57.050
57.120
57.290
57.370
57.540
57.620
57.700
57.840
58.040
58.120
58.200
58.290
58.380
58.450
58.530
58.620
58.700
58.780
58.860
58.940
59.120
59.210
59.280
59.370
59.530
59.630
59.800
60.020
60.100
60.180
60.260
60.340
60.430
60.540
60.590
61.060
61.240
61.390
61.760
61.880
61.980
62.090
62.160
62.250
62.340
62.510
63.170
63.310
63.570
63.700
63.770
63.930
64.040
64.150
64.300
64.470
64.680
64.750
64.880
65.070
65.250
65.360
65.440
65.530
65.620
65.700
65.800
65.960
66.040
67.310
67.530
67.780
69.430
69.730
69.990
70.080
70.210
70.350
70.400
70.790
70.880
71.130
71.200
71.560
71.610
71.680
71.780
71.870
71.970
72.060
72.110
72.220
72.580
73.260
73.340
73.510
73.570
73.740
74.240
74.360
74.480
74.580
74.670
