1.710
1.760
1.820
1.880
1.930
1.980
2.030
2.550
2.940
3.060
3.300
3.630
3.780
3.890
4.060
4.280
4.370
4.550
4.820
4.890
5.130
5.210
5.260
5.440
5.710
5.940
6.000
6.050
6.100
6.150
6.210
6.720
6.890
7.110
7.240
7.510
7.760
7.810
8.030
8.280
8.340
8.440
8.510
8.560
8.710
8.820
8.870
9.030
9.110
9.360
9.440
9.630
9.870
10.410
10.680
10.800
10.930
11.160
11.650
11.850
12.470
12.960
13.020
13.290
13.510
13.800
14.030
14.110
14.600
14.650
15.100
15.150
15.380
15.630
15.810
15.880
16.120
16.400
16.500
16.640
16.890
16.940
17.160
17.210
17.710
17.970
18.230
18.280
18.780
19.270
19.320
19.540
19.790
19.940
20.010
20.100
20.300
20.840
21.130
21.350
21.610
21.910
22.150
22.200
22.400
22.450
22.500
22.940
22.990
23.470
23.520
23.720
23.990
24.190
24.250
24.490
24.540
24.730
24.980
25.030
25.270
25.520
25.920
26.010
26.110
26.190
26.290
26.370
26.440
26.490
26.560
26.610
26.660
26.710
26.760
27.090
27.140
27.190
27.240
27.450
27.670
27.720
27.930
28.160
28.370
28.430
28.670
28.900
29.150
29.200
29.420
29.470
29.660
29.710
29.990
30.260
30.510
30.690
30.780
30.850
31.050
31.100
31.200
31.290
31.530
31.630
31.820
31.870
31.960
32.070
32.290
32.340
32.590
32.840
33.090
33.140
33.350
33.600
33.660
33.880
33.930
34.050
34.190
34.460
34.530
34.720
34.810
34.880
35.080
35.640
35.940
36.060
36.520
36.590
36.780
36.850
37.040
37.110
37.300
37.380
37.560
37.640
37.820
37.890
38.130
38.370
39.140
39.210
39.670
39.720
40.000
40.200
40.430
40.480
40.530
40.600
40.650
40.930
40.990
41.130
41.240
41.330
41.430
41.750
42.110
42.290
42.540
42.590
42.810
43.070
43.120
43.270
43.340
43.630
43.770
43.840
43.910
44.220
44.380
44.630
44.890
44.940
45.120
45.170
45.390
45.440
45.700
45.780
45.830
45.930
45.980
46.150
46.200
46.380
46.460
46.780
46.990
47.040
47.240
47.510
47.560
47.610
47.840
47.890
48.010
48.070
48.120
48.250
48.490
48.560
48.610
48.810
48.860
48.910
48.960
49.300
49.350
49.410
49.480
49.590
49.690
49.740
49.830
50.100
50.150
50.210
50.320
50.620
50.670
50.750
50.910
50.960
51.400
51.450
51.530
51.620
51.710
51.760
51.950
52.090
52.210
52.260
52.530
52.610
52.730
52.780
52.840
52.890
53.010
53.250
53.300
53.510
53.560
53.770
53.820
54.020
54.070
54.180
54.240
54.290
54.340
54.430
54.510
54.560
54.680
54.800
54.850
54.940
55.020
55.070
55.280
55.470
55.520
55.570
55.620
55.670
55.740
55.830
55.880
56.150
56.200
56.350
56.480
56.700
56.870
56.950
57.010
57.160
57.210
57.340
57.870
57.990
58.130
58.260
58.520
58.780
59.050
59.320
59.800
60.070
60.300
60.560
60.780
60.830
60.880
61.080
61.170
61.350
61.620
61.740
61.870
61.940
62.160
62.210
62.400
62.450
62.680
62.900
62.950
63.040
63.230
63.610
63.790
63.980
64.030
64.300
64.420
64.470
64.570
64.710
64.840
65.110
65.220
65.270
65.370
65.510
65.640
65.910
65.980
66.050
66.180
66.310
66.370
66.450
66.500
66.710
66.760
66.850
66.900
66.980
67.030
67.110
67.250
67.300
67.350
67.420
67.520
67.570
69.130
