0.060
0.110
0.250
0.330
0.420
0.590
0.770
0.820
0.930
1.040
1.090
1.160
1.290
1.340
1.390
1.470
1.610
1.660
1.890
1.960
2.110
2.190
2.240
2.340
2.520
2.570
2.700
2.780
2.860
2.910
3.010
3.150
3.200
3.280
3.340
3.510
3.560
3.670
3.720
3.810
4.040
4.160
4.250
4.400
4.490
4.570
4.630
4.730
4.880
4.950
5.060
5.250
5.410
5.790
5.920
6.030
6.080
6.180
6.300
6.350
6.440
6.560
6.610
6.660
6.810
6.860
7.090
7.140
7.220
7.270
7.440
7.490
7.570
7.620
7.670
7.780
7.850
7.980
8.120
8.170
8.290
8.460
8.640
8.720
8.810
8.880
8.980
9.090
9.180
9.230
9.330
9.380
9.440
9.530
9.580
9.720
9.770
9.910
9.960
