0.010
0.250
0.390
0.450
0.550
0.630
0.680
0.800
0.880
0.960
1.050
1.120
1.170
1.390
1.520
1.600
1.650
1.710
1.880
1.930
1.980
2.040
2.170
2.240
2.290
2.360
2.410
2.510
2.560
2.630
2.690
2.780
2.860
3.020
3.170
3.270
3.350
3.400
3.570
3.620
3.670
3.720
3.840
3.920
3.970
4.020
4.350
4.400
4.450
4.520
4.600
4.740
4.870
4.960
5.020
5.100
5.450
5.740
5.820
5.920
6.010
6.200
6.380
6.570
6.700
6.750
7.030
7.370
7.790
7.850
7.950
8.030
8.100
8.210
8.260
8.390
8.520
8.570
8.740
8.840
8.910
9.040
9.360
9.720
9.790
9.900
9.960
