0.890
1.200
1.570
1.930
4.130
4.460
4.860
5.220
6.620
7.420
7.790
9.250
9.990
10.340
11.080
11.450
11.830
12.190
12.550
12.590
12.900
13.270
13.630
14.000
14.370
14.430
15.110
15.460
15.510
15.830
16.190
16.560
16.920
17.310
17.360
17.680
18.020
18.090
18.760
19.130
19.490
19.860
19.930
20.000
20.220
20.630
20.950
21.150
21.680
21.760
22.050
22.410
22.800
23.160
23.510
23.880
24.070
24.260
24.330
24.610
24.930
24.980
25.350
25.700
26.070
26.140
26.440
26.800
27.180
27.540
27.900
28.270
28.630
29.000
29.050
29.400
29.730
