2.350
4.100
6.120
6.850
7.730
8.470
9.600
9.760
9.840
10.600
10.850
11.600
12.190
12.950
13.150
13.320
13.500
13.670
13.900
14.220
14.670
14.920
15.090
15.170
15.920
18.140
18.670
19.110
19.680
19.950
20.160
20.480
20.620
21.180
23.650
23.940
24.270
24.820
25.340
26.860
27.300
27.690
27.940
28.540
28.670
28.880
29.460
29.960
30.550
31.260
31.960
32.620
32.890
33.320
33.480
33.750
33.970
34.580
34.960
35.150
35.450
36.250
36.970
37.230
37.350
37.500
37.620
37.730
37.840
38.080
38.250
38.340
38.480
38.610
38.990
39.060
39.980
40.400
40.980
41.990
42.240
42.390
42.990
43.320
43.660
44.270
44.830
45.620
46.400
47.530
48.000
48.630
48.880
49.030
49.660
50.080
50.300
50.410
50.770
53.010
53.930
54.040
54.320
55.030
55.420
56.020
56.270
56.530
57.020
57.230
57.510
58.020
58.240
58.720
58.940
59.270
59.520
59.640
59.940
60.120
60.290
61.530
62.280
62.780
63.380
63.670
63.780
65.000
65.710
66.060
67.090
67.340
67.720
67.820
68.340
68.450
68.550
68.660
68.760
68.880
69.820
69.930
70.430
70.680
70.770
71.720
71.960
72.310
72.420
72.680
73.060
73.150
73.360
73.810
73.900
73.990
74.400
74.820
75.030
75.240
76.430
76.910
77.020
77.110
77.330
77.430
77.840
77.950
78.060
78.160
78.270
78.370
78.470
78.580
78.680
79.000
79.210
79.310
79.410
79.520
79.730
79.830
80.040
80.350
80.460
80.860
80.970
84.130
86.540
86.780
87.040
87.220
87.390
87.480
87.730
102.500
124.210
126.890
131.740
131.860
132.570
132.990
133.590
133.820
133.910
134.310
134.500
135.460
136.920
137.170
137.660
137.910
138.750
139.000
139.330
139.940
140.520
140.610
141.420
141.800
141.990
142.340
142.450
143.000
143.170
143.340
143.420
143.590
143.780
144.920
145.980
146.320
146.900
147.070
147.150
147.570
148.490
148.650
148.740
148.910
149.320
150.030
151.370
151.450
152.500
152.750
155.260
155.350
155.610
156.140
158.890
160.000
160.760
162.590
164.060
164.710
165.420
169.570
170.720
170.880
171.230
171.520
171.820
172.020
172.210
172.940
173.250
173.300
173.620
174.230
174.640
174.820
174.890
175.230
175.320
175.520
175.700
175.830
175.990
176.160
176.330
176.490
176.700
