0.170
0.420
0.670
0.920
1.430
1.580
1.700
1.940
2.200
2.450
2.700
2.950
3.360
3.460
3.720
3.970
4.230
4.480
4.730
4.990
5.500
5.650
5.750
6.010
6.260
6.510
6.770
7.020
7.530
7.780
8.040
8.300
8.550
8.800
9.060
9.570
9.720
9.820
10.070
10.330
10.580
10.840
11.090
11.490
11.600
11.850
12.100
12.360
12.610
12.870
13.120
13.640
13.800
13.890
14.140
14.400
14.550
14.650
14.900
15.160
15.310
15.570
15.660
15.820
15.920
16.080
16.170
16.430
16.690
17.190
17.440
17.700
17.830
17.950
18.210
18.460
18.590
18.720
18.970
19.230
19.380
19.480
19.640
19.740
19.860
19.990
20.240
20.500
20.760
21.000
21.260
21.510
21.770
22.020
22.280
22.530
22.660
22.790
23.040
23.300
23.450
23.550
23.710
23.800
23.960
24.060
24.310
24.560
24.830
25.070
25.330
25.580
25.840
25.960
26.090
26.340
26.600
26.730
26.860
27.360
27.520
27.610
27.780
27.870
28.000
28.120
28.280
28.380
28.630
28.890
29.140
29.400
29.650
29.900
30.030
30.160
30.410
30.660
30.830
30.920
31.170
31.430
31.590
31.680
31.840
31.940
32.100
32.190
32.350
32.450
32.700
32.960
33.210
33.460
33.590
33.710
33.850
33.970
34.100
34.220
34.350
34.480
34.600
34.730
34.990
35.240
35.500
35.620
35.750
35.910
36.010
36.260
36.390
36.510
36.640
36.770
37.030
37.270
37.410
37.530
37.660
37.780
38.040
38.290
38.420
38.550
38.670
38.800
39.060
39.310
39.560
39.690
39.820
39.980
40.070
40.330
40.580
40.710
40.840
41.100
41.340
41.600
41.720
41.850
41.990
42.110
42.250
42.360
42.490
42.620
42.740
42.870
43.130
43.380
43.630
43.760
43.880
44.040
44.140
44.300
44.390
44.520
44.650
44.780
44.900
45.160
45.410
45.670
45.790
45.920
46.170
46.300
46.430
46.680
46.810
46.930
47.190
47.440
47.710
47.950
48.210
48.360
48.460
48.730
48.970
49.230
49.480
49.730
49.860
49.980
50.240
50.490
50.620
50.750
50.870
51.000
51.160
51.260
51.510
51.770
51.890
52.020
52.180
52.400
52.530
52.660
52.780
52.910
53.030
53.290
53.540
53.800
53.930
54.050
54.310
54.560
54.690
54.820
54.940
55.070
55.330
55.440
55.580
55.840
55.990
56.090
56.250
56.350
56.510
56.600
