0.635
0.143
0.981
0.982
0.905
0.917
0.955
0.863
0.854
0.964
0.980
1.000
0.870
0.971
0.960
1.000
0.976
1.000
0.935
1.000
0.983
0.807
1.000
0.904
0.940
1.000
1.000
1.000
0.949
1.000
0.964
1.000
0.968
0.948
1.000
0.983
0.941
0.918
0.833
0.978
0.915
0.909
0.957
0.854
0.985
0.945
0.911
0.978
0.980
0.952
0.882
0.983
1.000
0.871
0.984
0.949
0.962
1.000
0.790
0.971
0.911
0.674
0.909
0.899
0.662
0.963
0.959
0.948
0.988
0.974
0.993
1.000
0.558
0.697
0.940
0.695
0.990
0.982
0.873
0.993
1.000
1.000
0.867
0.910
1.000
1.000
0.386
1.000
0.661
1.000
1.000
0.707
1.000
1.000
0.913
0.958
0.982
1.000
1.000
1.000
0.976
1.000
1.000
0.917
1.000
1.000
1.000
1.000
1.000
0.950
1.000
1.000
1.000
0.947
1.000
0.824
1.000
0.976
0.939
0.956
0.993
0.871
0.938
0.970
1.000
0.682
1.000
0.982
0.931
0.973
0.818
0.897
0.968
0.994
0.931
0.970
0.895
0.918
0.401
1.000
0.946
0.992
0.913
0.905
0.976
0.861
1.000
0.885
0.246
0.402
0.183
0.400
1.000
1.000
0.765
0.879
0.333
0.865
0.951
0.957
1.000
1.000
0.959
0.600
0.723
0.857
0.439
0.978
0.962
0.889
0.276
0.957
0.400
0.730
0.972
1.000
1.000
0.962
1.000
1.000
1.000
0.977
1.000
0.656
1.000
