0.080
0.130
0.490
0.650
0.830
1.000
1.190
1.350
1.530
1.890
2.060
2.230
2.400
2.580
2.750
2.910
2.960
3.110
3.290
3.460
3.640
3.820
4.160
4.360
4.510
4.690
5.070
5.220
5.400
5.550
5.590
5.730
5.880
6.260
6.510
6.610
6.800
6.970
7.330
7.500
7.670
7.850
8.020
8.200
8.370
8.550
8.720
8.910
9.070
9.250
9.410
9.600
9.760
9.950
10.130
10.300
10.460
10.640
10.810
10.990
11.160
11.350
11.520
11.700
11.870
12.050
12.230
12.410
12.570
12.740
12.940
13.100
13.260
13.610
13.770
13.980
14.150
14.320
14.520
14.670
14.860
15.030
