0.300
1.210
1.440
1.670
1.790
1.900
2.020
2.130
2.360
2.480
2.600
2.710
2.830
2.940
3.060
3.170
3.290
3.400
3.520
3.630
3.750
3.860
3.980
4.090
4.210
4.330
4.440
4.560
4.670
4.790
4.920
5.820
6.060
6.290
6.400
6.520
6.630
6.750
6.980
7.210
7.330
7.440
7.560
7.670
7.790
7.900
8.020
8.130
8.250
8.360
8.480
8.710
8.940
9.060
9.170
9.290
9.400
9.530
10.440
10.670
10.900
11.020
11.130
11.250
11.360
11.590
11.710
11.830
11.940
12.060
12.170
12.290
12.400
12.520
12.630
12.750
12.860
12.980
13.210
13.330
13.440
13.560
13.670
13.790
13.900
14.020
14.150
15.020
15.060
15.290
15.520
15.630
15.750
15.980
16.210
16.330
16.440
16.560
16.670
16.790
16.900
17.020
17.130
17.250
17.480
17.600
17.710
17.830
17.940
18.060
18.170
18.290
18.400
18.520
18.630
18.760
19.670
19.900
20.130
20.250
20.480
20.600
20.830
20.940
21.060
21.290
21.520
21.750
21.980
22.100
22.210
22.330
22.440
22.560
22.670
22.790
22.900
23.020
23.250
23.380
24.290
24.520
24.750
24.980
25.100
25.210
25.440
25.560
25.670
25.790
25.900
26.020
26.250
26.480
26.600
26.710
26.830
26.940
27.060
27.170
27.290
27.400
27.520
27.630
27.750
28.000
29.130
29.370
29.480
29.600
29.710
29.830
30.060
30.170
30.520
30.750
30.870
30.980
31.100
31.210
31.330
31.440
31.560
31.670
31.790
31.900
32.020
32.250
32.370
32.480
32.610
33.520
33.750
33.980
34.100
34.210
34.330
34.440
34.670
34.790
35.020
35.250
35.370
35.480
35.600
35.710
35.830
35.940
36.060
36.170
36.290
36.400
36.520
36.750
36.870
36.980
37.100
37.230
38.140
38.370
38.600
38.710
38.830
39.080
39.290
39.410
39.640
39.870
39.980
40.100
40.210
40.330
40.440
40.560
40.790
40.900
41.020
41.250
41.370
41.480
41.600
41.710
41.840
42.750
42.980
43.210
43.330
43.440
43.560
43.670
43.900
44.020
44.140
44.250
44.370
44.480
44.600
44.710
44.830
44.940
45.060
45.170
45.290
45.520
45.750
45.870
45.980
46.100
46.210
46.330
46.460
47.370
47.600
47.830
48.060
48.520
48.640
48.870
48.990
49.100
49.210
49.330
49.440
49.560
49.790
49.910
50.020
50.250
50.370
50.480
50.600
50.710
50.830
50.940
51.070
51.980
52.210
52.440
52.560
52.670
52.790
52.910
53.140
53.250
53.370
53.480
53.600
53.710
53.830
53.940
54.060
54.290
54.410
54.520
54.640
54.750
54.870
54.980
55.100
55.210
55.330
55.440
55.560
55.680
56.140
56.370
56.600
56.830
57.060
57.290
57.410
57.750
57.870
57.980
58.100
58.220
58.330
58.560
58.790
58.910
59.020
59.140
59.250
59.370
59.480
59.600
59.710
59.830
59.940
