0.110
0.270
0.340
0.570
1.010
1.290
1.440
1.700
1.880
2.150
2.310
2.550
2.620
2.750
2.920
3.010
3.110
3.190
3.450
3.620
4.070
4.510
4.930
5.220
5.380
5.660
5.820
6.110
6.270
6.490
6.690
6.960
7.130
7.580
8.030
8.310
8.450
8.490
8.740
8.910
9.090
9.200
9.350
9.530
9.650
9.730
9.800
10.160
10.220
10.510
10.660
11.100
11.540
11.970
12.250
12.400
12.690
12.850
13.300
13.740
14.010
14.150
14.600
14.950
15.030
15.450
15.730
15.860
16.000
16.180
16.350
16.440
16.640
16.780
17.210
17.470
17.630
18.070
18.520
18.880
18.940
18.990
19.200
19.380
19.660
19.830
20.110
20.280
20.510
21.140
21.590
22.030
22.450
22.730
22.840
22.930
23.180
23.340
23.390
23.630
23.770
24.210
24.360
24.490
24.640
25.090
25.470
25.530
26.000
26.240
26.400
26.680
26.850
27.100
27.140
27.290
27.710
27.930
28.000
28.590
29.010
29.450
29.730
29.890
30.170
30.330
30.620
30.780
31.200
31.490
31.640
32.080
32.510
32.940
33.230
33.390
33.670
33.840
34.130
34.290
34.550
34.730
