2.110
5.920
9.830
14.790
22.340
22.740
27.340
31.240
37.980
39.150
39.670
43.650
47.070
47.630
48.100
48.420
48.540
55.530
55.920
56.220
56.780
57.280
57.350
57.440
57.810
58.090
58.390
58.480
58.870
59.360
59.610
60.870
61.190
63.920
64.550
65.410
65.710
67.610
68.100
68.260
68.780
68.870
69.950
71.400
71.830
75.280
75.430
75.740
76.150
76.220
77.210
77.980
78.090
78.210
78.320
78.460
79.550
79.710
79.840
80.480
80.980
81.530
81.780
82.010
82.230
82.270
82.430
82.600
82.840
83.020
83.120
83.340
83.450
83.580
83.920
84.980
85.490
85.600
86.080
87.700
87.810
87.910
88.010
88.130
88.230
88.320
88.430
91.540
92.490
93.500
