0.710
0.810
1.630
1.800
2.220
2.330
2.570
2.810
3.050
3.190
3.420
3.660
3.990
4.140
4.330
4.650
4.750
5.090
5.400
5.510
5.590
5.910
6.330
6.450
6.580
6.700
6.860
7.490
8.010
8.130
8.240
8.370
8.760
9.010
9.280
9.410
9.500
9.640
9.770
10.150
10.250
10.640
10.700
11.010
11.260
11.300
11.470
11.550
11.610
11.680
11.830
11.980
12.050
12.200
12.400
12.560
12.760
12.880
12.990
13.090
13.210
13.340
13.540
13.690
13.870
14.040
14.230
14.330
14.400
14.530
14.940
15.110
15.260
15.440
15.590
15.760
15.930
16.080
16.240
16.390
16.530
16.690
17.020
17.150
17.540
17.880
18.010
18.140
18.360
18.690
18.840
19.080
19.200
19.960
20.120
20.600
21.090
21.190
21.280
21.650
21.790
21.880
22.380
22.460
22.540
22.980
23.520
23.610
24.440
24.570
25.150
25.880
26.290
26.660
26.790
26.900
27.200
27.290
27.380
27.560
28.270
28.690
29.210
29.660
30.090
30.890
30.960
31.210
31.320
31.450
31.700
31.980
32.400
32.810
32.900
33.150
33.380
33.590
33.710
34.090
34.200
34.470
34.630
35.060
35.170
35.440
35.630
35.760
36.110
36.350
36.770
36.910
37.060
37.190
37.270
42.800
43.120
43.500
49.170
49.380
49.610
49.730
49.900
50.000
50.230
