15.760
29.250
30.550
30.730
31.250
32.730
39.870
46.150
50.040
50.290
52.060
57.650
63.270
63.880
65.740
65.870
67.450
67.600
67.810
68.480
71.170
73.490
74.440
76.660
82.350
84.840
86.610
91.200
91.490
91.570
91.840
93.280
94.310
94.600
95.280
95.890
96.290
96.370
96.450
96.720
96.840
96.950
102.040
102.350
104.580
105.010
105.410
105.840
109.030
109.410
110.010
110.690
111.470
111.550
112.200
113.500
113.630
115.190
116.170
116.860
117.440
120.620
122.010
122.180
122.260
123.510
123.930
124.670
125.420
125.650
126.000
127.950
128.060
128.280
129.940
130.530
131.140
131.920
132.650
133.420
134.020
134.740
136.750
138.980
139.510
139.650
140.240
141.070
143.270
143.970
144.380
146.230
146.290
146.600
147.100
147.160
147.220
147.410
