0.945
1.000
0.707
0.725
0.771
0.846
0.762
0.927
0.884
0.867
0.853
0.909
0.886
0.774
0.820
0.867
0.872
0.845
0.871
0.882
0.973
0.926
0.632
0.842
0.933
0.800
0.929
0.816
0.807
0.903
0.939
0.982
0.926
0.819
0.905
0.823
0.920
0.853
0.892
0.785
0.875
0.909
0.901
0.864
0.901
0.853
0.786
0.797
0.859
0.904
0.861
0.822
0.654
0.917
0.932
0.680
0.818
0.986
0.850
0.944
0.917
0.789
0.985
0.930
0.922
0.972
0.931
0.908
0.784
0.981
0.949
0.990
0.858
0.632
0.729
0.971
0.778
0.774
0.709
0.862
0.594
0.853
0.636
0.811
0.860
0.969
0.730
0.696
0.952
0.889
0.891
0.768
1.000
0.695
0.852
0.875
0.811
0.683
0.841
0.806
0.817
0.844
0.969
0.929
0.930
0.822
1.000
0.745
0.643
0.882
0.886
0.798
0.800
0.500
0.767
1.000
0.585
0.922
0.735
0.855
0.803
0.528
0.586
0.862
0.852
1.000
0.963
0.919
0.824
0.825
0.676
0.947
0.825
0.863
0.953
0.865
0.976
0.885
0.904
0.872
0.901
0.887
0.729
0.200
0.683
0.509
0.377
0.547
1.000
0.925
0.857
0.688
0.870
0.862
0.721
0.742
0.750
0.722
0.800
0.821
0.766
0.929
0.768
0.857
0.900
0.913
0.979
0.763
0.964
0.705
0.914
0.833
0.558
0.844
0.828
0.904
0.899
0.769
0.782
0.773
0.891
0.762
0.712
0.606
0.886
