0.515
0.640
1.170
1.540
1.900
2.250
2.545
2.630
2.880
3.245
3.575
3.940
4.070
4.275
4.595
4.975
5.080
5.125
5.275
5.655
5.975
6.305
6.465
6.650
6.945
6.995
7.320
7.650
7.965
8.285
8.630
8.720
8.980
9.145
9.305
9.690
10.015
10.350
10.675
11.010
11.340
11.675
12.025
12.400
12.740
12.910
13.100
13.755
14.070
14.390
14.675
14.990
15.335
15.665
16.020
16.420
16.875
17.050
17.250
17.600
17.930
18.265
18.585
18.895
19.160
19.245
19.585
19.910
20.255
20.605
20.905
21.070
21.260
21.385
22.035
22.350
22.670
22.985
23.330
23.970
24.300
24.645
24.945
25.025
25.205
25.295
25.630
25.925
26.250
26.590
26.895
27.190
27.545
27.885
28.115
28.180
28.475
28.760
28.915
29.010
29.110
29.200
29.680
29.885
30.025
30.330
30.650
30.955
31.275
31.615
