0.150
0.210
0.290
0.350
0.420
0.470
0.550
0.600
0.680
0.740
0.810
0.870
0.940
1.010
1.070
1.320
1.390
1.650
1.770
1.900
2.020
2.150
2.300
2.420
2.560
2.660
2.790
2.910
3.010
3.150
3.260
3.390
3.500
3.630
3.750
3.880
4.010
4.140
4.270
4.400
4.530
4.650
4.760
4.890
5.020
5.160
5.270
5.400
5.510
5.640
5.770
5.900
6.010
6.150
6.290
6.410
6.530
6.660
6.780
6.910
7.020
7.150
7.280
7.380
7.500
7.630
7.740
7.880
8.000
8.130
8.260
8.390
8.510
8.620
8.740
8.790
8.870
9.000
9.130
9.240
9.380
9.500
9.630
9.750
9.880
10.000
10.120
10.250
10.390
10.510
10.630
10.760
10.890
11.000
11.130
11.240
11.390
11.510
11.640
11.770
11.890
12.010
12.140
12.260
12.390
12.510
12.630
12.730
12.880
13.000
13.130
13.250
13.380
13.500
13.630
13.760
13.890
14.000
14.150
14.270
14.400
14.520
14.630
14.770
14.890
15.010
15.140
15.250
15.380
15.510
15.630
15.750
15.890
16.000
16.130
16.250
16.380
16.490
16.610
16.740
16.870
17.000
17.140
17.250
17.390
17.510
17.620
17.740
17.880
18.000
18.120
18.240
18.370
18.500
18.610
18.740
18.870
19.000
19.130
19.250
19.360
19.490
19.580
19.720
19.770
19.850
19.980
20.100
20.230
20.360
20.490
20.600
20.730
20.780
20.860
21.000
21.120
21.240
21.360
21.490
21.600
21.730
21.870
21.990
22.120
22.240
22.370
22.490
22.620
22.750
22.880
22.990
23.120
23.240
23.380
23.500
23.620
23.730
23.870
23.990
24.120
24.240
24.380
24.500
24.610
24.740
24.800
24.880
25.020
25.140
25.260
25.390
25.510
25.620
25.740
25.870
25.980
26.110
26.230
26.360
26.490
26.600
26.730
26.860
26.990
27.120
27.230
27.360
27.480
27.600
27.720
27.850
27.970
28.090
28.230
28.350
28.470
28.580
28.710
28.770
28.850
28.960
29.110
29.260
29.370
29.490
29.600
29.730
29.860
29.980
30.110
30.240
30.370
30.490
30.620
30.740
30.860
30.990
31.120
31.250
31.370
31.490
31.610
31.720
31.850
31.970
32.100
32.230
32.350
32.470
32.590
32.720
32.850
32.990
33.110
33.230
33.360
33.490
33.590
33.730
33.850
33.970
34.100
34.240
34.370
34.490
34.610
34.730
34.870
34.980
35.120
35.240
35.370
35.500
35.610
35.720
35.770
35.870
36.010
36.130
36.250
36.370
36.490
36.600
36.730
36.790
36.880
37.020
37.140
37.250
37.370
