0.913
0.857
0.857
0.829
0.828
0.737
0.923
0.848
0.720
0.860
0.813
0.877
0.893
0.985
0.894
0.957
0.981
1.000
0.655
0.892
0.867
0.571
0.909
0.826
0.735
0.625
0.730
0.391
0.800
0.735
0.473
0.692
0.791
0.842
0.760
0.862
0.667
0.694
0.789
0.809
0.780
0.881
0.373
0.690
0.559
0.507
0.543
0.610
0.213
0.648
0.766
0.691
0.779
0.477
0.357
0.526
0.480
0.432
0.429
0.437
0.878
0.835
0.968
0.846
0.882
0.933
0.920
0.920
0.800
0.829
0.809
0.708
0.660
0.741
0.820
0.748
0.738
0.639
0.577
0.656
0.385
0.806
0.769
0.866
0.745
0.694
0.754
0.480
0.405
0.584
0.803
0.623
0.713
0.785
0.730
0.819
0.714
0.721
0.667
0.785
0.841
0.803
0.667
0.776
0.900
0.732
0.703
0.710
0.748
0.732
0.816
0.736
0.771
0.806
0.691
0.842
0.844
0.784
0.877
0.755
0.832
0.692
0.742
0.741
0.768
0.752
0.748
0.551
0.711
0.731
0.693
0.662
0.757
0.815
0.698
0.768
0.708
0.667
0.750
0.835
0.733
0.824
0.708
0.750
0.864
0.618
0.736
0.710
0.768
0.836
0.777
0.889
0.793
0.831
0.846
0.835
0.881
0.562
0.467
0.607
0.817
0.887
0.627
0.833
0.821
0.850
0.683
0.636
0.769
0.781
0.616
0.872
0.670
0.830
0.619
0.315
0.650
0.764
0.745
0.872
0.400
0.899
0.780
0.911
0.138
0.774
0.742
0.667
0.913
0.756
0.737
0.864
0.698
0.780
0.826
0.902
0.919
0.828
0.824
0.768
0.889
0.253
0.892
0.763
0.737
0.421
0.900
0.859
0.769
0.875
0.833
0.836
0.903
0.739
0.780
0.739
0.727
0.857
0.800
0.800
0.829
0.792
0.938
0.751
0.609
0.836
0.632
0.836
0.683
0.671
0.671
0.909
0.776
0.757
0.324
0.891
0.853
0.681
0.812
0.662
0.764
0.830
0.590
0.721
0.845
0.826
0.740
0.767
0.640
0.778
0.712
0.787
0.760
0.708
0.692
0.682
0.339
0.807
0.785
0.755
0.724
0.621
0.685
0.448
0.708
0.545
0.725
0.602
0.367
0.526
0.811
0.797
0.783
0.727
0.696
0.845
0.810
0.667
0.803
0.725
0.763
0.532
0.796
0.847
0.533
0.777
0.862
0.651
0.575
0.702
0.777
0.634
0.667
0.672
0.877
0.771
0.602
0.346
0.659
0.567
0.717
0.905
0.875
0.601
0.757
0.913
0.921
0.727
0.941
0.821
0.909
0.507
0.182
0.773
0.704
0.858
0.276
0.786
0.667
0.522
0.843
