0.913
0.857
0.857
0.829
0.828
0.789
0.923
0.864
0.720
0.860
0.813
0.877
0.893
0.985
0.894
0.979
0.981
1.000
0.655
0.892
0.867
0.571
0.909
0.826
0.776
0.653
0.805
0.522
0.800
0.794
0.582
0.712
0.857
0.842
0.760
0.862
0.815
0.714
0.789
0.894
0.780
0.881
0.480
0.759
0.649
0.535
0.571
0.649
0.426
0.746
0.794
0.691
0.819
0.500
0.476
0.695
0.560
0.541
0.429
0.529
0.878
0.857
0.968
0.865
0.882
0.933
0.920
0.938
0.840
0.829
0.851
0.738
0.787
0.741
0.820
0.766
0.738
0.639
0.577
0.656
0.423
0.806
0.769
0.866
0.784
0.710
0.783
0.496
0.432
0.629
0.821
0.689
0.713
0.785
0.745
0.847
0.735
0.793
0.710
0.810
0.841
0.817
0.730
0.821
0.900
0.804
0.703
0.758
0.862
0.775
0.816
0.752
0.784
0.806
0.735
0.895
0.859
0.811
0.889
0.797
0.861
0.782
0.818
0.759
0.821
0.786
0.813
0.714
0.750
0.791
0.772
0.692
0.800
0.831
0.806
0.784
0.738
0.715
0.794
0.835
0.779
0.840
0.761
0.788
0.889
0.699
0.768
0.797
0.804
0.849
0.837
0.889
0.848
0.847
0.883
0.864
0.912
0.688
0.678
0.625
0.817
0.891
0.729
0.864
0.861
0.858
0.700
0.721
0.769
0.829
0.654
0.872
0.703
0.835
0.660
0.388
0.750
0.778
0.784
0.872
0.486
0.907
0.791
0.911
0.166
0.839
0.758
0.713
0.925
0.769
0.772
0.864
0.730
0.794
0.861
0.902
0.930
0.864
0.824
0.796
0.889
0.274
0.892
0.835
0.789
0.421
0.900
0.859
0.769
0.875
0.833
0.836
0.903
0.783
0.780
0.739
0.727
0.857
0.800
0.800
0.829
0.792
0.938
0.798
0.652
0.836
0.632
0.836
0.732
0.710
0.749
0.909
0.782
0.811
0.343
0.910
0.882
0.681
0.870
0.662
0.809
0.859
0.681
0.780
0.870
0.856
0.773
0.783
0.698
0.852
0.777
0.821
0.818
0.743
0.776
0.752
0.496
0.816
0.828
0.793
0.752
0.650
0.720
0.501
0.716
0.589
0.754
0.699
0.567
0.716
0.811
0.847
0.804
0.782
0.725
0.845
0.825
0.697
0.818
0.745
0.797
0.606
0.796
0.847
0.681
0.777
0.862
0.698
0.675
0.723
0.816
0.707
0.750
0.736
0.877
0.814
0.641
0.396
0.711
0.611
0.717
0.915
0.875
0.611
0.781
0.913
0.921
0.727
0.941
0.821
0.916
0.532
0.246
0.785
0.744
0.867
0.414
0.828
0.667
0.565
0.843
