0.259
0.294
0.449
0.539
0.579
0.683
0.823
0.958
1.018
1.073
1.217
1.337
1.377
1.452
1.576
1.711
1.836
1.976
2.060
2.105
2.205
2.250
2.325
2.360
2.484
2.599
2.709
2.839
2.958
3.043
3.078
3.228
3.337
3.477
3.597
3.751
3.836
4.131
4.270
4.310
4.460
4.615
4.854
4.979
5.014
5.233
5.348
5.532
5.632
5.767
5.907
6.136
6.415
6.610
6.805
7.004
7.169
7.303
7.403
7.568
7.757
7.932
8.082
8.196
8.321
8.361
8.471
8.531
8.695
8.800
8.840
8.940
9.059
9.129
9.244
9.279
9.419
9.488
9.578
9.713
9.917
10.047
10.177
10.297
10.381
10.421
10.461
10.506
10.546
10.626
10.666
