0.030
0.080
0.249
0.304
0.369
0.484
0.549
0.743
0.883
0.978
1.018
1.212
1.262
1.312
1.447
1.502
1.631
1.726
1.946
2.050
2.190
2.335
2.400
2.609
2.654
2.863
2.973
3.043
3.133
3.258
3.352
3.517
3.607
3.722
3.816
3.891
4.091
4.185
4.275
4.510
4.659
4.754
5.019
5.118
5.198
5.268
5.358
5.483
5.567
5.677
5.717
5.922
6.026
6.121
6.156
6.266
6.351
6.525
6.585
6.650
6.745
6.805
6.854
6.939
7.059
7.323
7.413
7.498
7.777
7.877
7.962
8.007
8.122
8.216
8.461
8.705
8.745
8.840
8.930
8.965
9.024
9.179
9.299
9.399
9.468
9.643
9.778
9.878
