0.090
0.145
0.215
0.299
0.419
0.474
0.514
0.609
0.738
0.783
0.823
0.863
0.948
0.983
1.093
1.127
1.187
1.292
1.327
1.402
1.437
1.532
1.611
1.661
1.706
1.761
1.796
1.866
1.951
2.065
2.130
2.275
2.360
2.474
2.594
2.639
2.724
2.809
2.978
3.058
3.113
3.233
3.382
3.487
3.537
3.597
3.717
3.751
3.821
3.861
3.921
3.966
4.041
4.200
4.290
4.350
4.505
4.654
4.694
4.769
4.844
4.879
4.949
4.999
5.073
5.113
5.298
5.378
5.478
5.592
5.702
5.757
5.797
5.927
5.996
6.106
6.146
6.226
6.296
6.400
6.460
6.520
6.565
6.640
6.680
6.815
6.854
6.934
6.979
7.089
7.184
7.219
7.254
7.293
7.333
7.373
7.428
7.463
7.563
7.608
7.707
7.747
7.817
7.927
7.997
8.062
8.112
8.221
8.306
8.441
8.541
8.585
8.725
8.830
8.865
8.945
9.069
9.154
9.199
9.349
9.429
9.558
9.618
9.653
9.693
9.768
9.828
9.863
9.947
9.987
