0.030
0.678
1.003
1.167
1.337
1.477
1.831
1.971
2.140
2.295
2.484
2.624
2.769
2.938
3.118
3.278
3.417
3.582
3.732
4.071
4.230
4.385
4.565
4.739
4.879
5.039
5.208
5.393
5.562
5.697
5.867
6.001
6.366
6.470
6.645
6.815
7.169
7.283
7.453
7.633
7.777
7.942
8.097
8.426
8.790
8.930
9.089
9.279
9.429
9.748
9.922
10.072
10.257
10.381
10.726
10.890
11.060
11.249
11.364
11.703
11.853
12.023
12.217
12.337
12.686
12.786
12.836
13.010
13.145
13.320
13.644
13.799
13.973
14.273
14.322
14.642
14.741
14.796
14.946
15.086
15.146
15.300
15.624
15.764
15.919
16.128
16.273
16.463
16.617
16.772
16.937
17.076
17.251
17.590
17.760
17.919
18.094
18.189
18.234
18.568
18.663
18.722
18.897
19.042
19.087
19.206
19.526
19.685
19.845
20.015
20.174
20.493
20.648
20.818
20.982
21.132
21.332
21.461
21.616
21.761
21.925
22.065
22.100
22.424
22.564
22.738
22.928
23.048
23.397
23.556
23.721
23.951
24.015
24.355
24.679
24.854
25.003
25.158
25.327
25.467
25.836
25.936
26.101
26.260
26.590
26.749
27.073
27.218
27.378
27.682
27.996
28.351
28.530
28.695
28.824
28.964
29.144
29.308
29.468
29.608
29.932
30.246
30.401
30.580
30.745
31.029
31.074
