0.060
0.399
0.654
1.023
1.147
1.532
1.786
2.150
2.529
2.694
2.898
3.073
3.327
3.472
3.717
4.096
4.634
5.263
5.517
5.637
6.191
6.565
6.820
7.199
7.333
7.712
7.977
8.356
8.740
9.134
9.513
9.893
10.127
10.272
11.429
11.813
11.853
12.048
12.088
12.172
12.322
12.716
12.980
13.350
13.494
13.744
14.113
14.487
14.861
15.016
15.230
15.400
15.639
15.789
16.158
16.418
16.946
17.331
17.570
17.934
18.418
18.473
18.852
19.087
19.571
19.965
20.204
20.543
20.688
20.907
21.292
21.661
22.195
22.444
22.818
23.332
23.906
24.095
24.439
25.238
26.031
26.415
26.814
27.433
28.610
29.139
29.558
29.792
29.857
