0.130
0.494
0.673
0.748
0.858
1.033
1.217
1.397
1.576
1.756
1.936
2.120
2.295
2.479
2.664
2.714
2.834
3.023
3.382
3.567
3.612
3.737
3.926
4.096
4.290
4.470
4.649
4.829
4.979
5.014
5.193
5.368
5.552
5.712
5.912
6.276
6.455
6.605
6.640
6.815
6.999
7.179
7.343
7.498
7.543
7.717
7.902
8.067
8.266
8.446
8.625
8.805
9.054
9.169
9.244
9.354
9.404
9.643
9.713
10.072
10.127
10.252
10.436
10.491
10.616
10.790
10.970
11.155
11.264
11.339
11.514
11.698
11.923
12.058
12.242
12.596
12.786
12.961
13.110
13.145
13.325
13.479
13.684
13.873
14.048
14.093
14.163
14.407
14.597
14.791
14.866
14.951
15.101
15.136
15.280
15.480
15.854
16.034
16.218
16.378
16.547
16.582
16.757
16.941
17.121
17.301
17.485
17.839
18.024
18.209
18.368
18.568
18.742
18.892
18.927
19.107
19.221
19.286
19.456
19.650
19.835
20.059
20.189
20.374
20.538
20.733
20.858
20.917
21.097
21.277
21.636
21.815
22.005
22.205
22.314
22.359
22.544
22.693
22.728
23.083
23.267
23.462
23.626
23.806
23.961
24.165
24.350
24.529
24.714
24.888
25.038
25.073
25.238
25.397
25.437
25.587
25.876
25.976
26.161
26.385
26.515
26.699
26.759
27.059
27.243
27.418
27.607
27.782
27.966
28.141
28.326
28.505
28.685
28.864
29.049
29.249
29.413
29.588
29.712
29.772
29.952
