0.050
0.654
1.247
1.861
2.439
3.048
3.632
4.245
4.844
5.448
6.036
6.650
7.244
7.633
7.847
8.336
9.838
10.456
11.040
11.644
12.247
12.851
13.424
14.023
14.612
15.220
15.824
16.438
17.021
17.420
17.490
17.540
17.630
18.129
18.343
19.112
20.010
20.643
21.247
21.855
22.444
23.063
23.621
24.240
24.834
25.447
26.046
26.664
27.273
27.677
27.902
28.410
28.670
31.763
31.902
32.022
32.117
32.257
32.441
32.561
32.676
32.800
32.915
32.985
33.025
33.190
33.234
33.349
33.399
33.479
33.584
33.818
33.928
34.048
34.277
34.382
34.482
34.616
34.736
34.851
34.980
35.090
35.205
35.300
35.410
35.549
35.664
35.779
35.898
36.013
36.128
36.337
36.467
36.587
36.702
36.821
36.936
37.051
37.156
37.295
37.550
37.794
38.049
38.313
38.882
39.505
39.610
39.740
39.859
39.899
39.944
39.984
40.089
40.199
40.308
40.423
40.548
40.673
40.902
41.027
41.137
41.251
41.356
41.635
41.710
41.840
41.940
42.059
42.179
42.284
42.409
42.533
42.653
42.878
42.992
43.117
43.232
43.366
43.491
43.611
43.711
43.935
44.050
44.170
44.284
44.404
44.519
44.639
44.758
44.868
44.998
45.112
45.237
45.352
45.452
45.581
45.691
45.816
45.936
46.080
46.534
46.719
47.412
47.542
47.642
47.751
47.886
48.096
48.220
48.315
48.440
48.570
48.620
48.654
48.694
48.739
48.789
48.869
48.994
49.108
49.208
49.333
49.448
49.557
49.662
49.782
49.897
50.011
50.116
50.251
50.371
50.485
50.610
50.715
50.829
50.944
51.054
51.189
51.303
51.423
51.538
51.653
51.762
51.872
51.997
52.097
52.226
52.336
52.451
52.566
52.685
52.790
52.935
53.184
53.459
53.728
54.032
54.741
