0.120
0.314
0.484
0.668
0.848
1.033
1.402
1.566
1.746
2.115
2.295
2.474
2.834
3.183
3.567
3.722
3.911
4.280
4.455
4.639
5.173
5.363
5.727
6.071
6.615
6.815
7.179
7.353
7.528
7.907
8.077
8.261
8.620
8.965
9.349
9.508
9.693
10.067
10.237
10.426
10.626
10.960
11.145
11.509
11.858
12.237
12.397
12.601
12.966
13.135
13.315
13.689
14.043
14.233
14.402
14.751
15.290
15.475
15.839
16.014
16.198
16.408
16.927
17.286
17.640
18.014
18.179
18.373
18.907
19.092
19.655
19.825
20.533
20.912
21.072
21.262
21.631
21.800
21.980
22.190
22.409
22.524
22.713
23.073
23.252
23.422
23.786
23.966
24.160
24.704
24.873
25.422
25.607
26.315
26.854
27.044
27.233
27.408
27.587
27.762
28.306
28.495
29.034
29.204
29.393
29.747
29.937
30.301
30.476
30.660
30.840
31.199
31.389
