0.090
0.140
0.659
0.848
0.973
1.018
1.202
1.362
1.541
1.901
2.070
2.410
2.759
2.799
2.923
2.973
3.113
3.298
3.462
3.642
3.826
3.991
4.171
4.360
4.520
4.699
4.884
5.034
5.083
5.228
5.413
5.562
5.607
5.782
5.887
6.061
6.276
6.625
6.849
6.984
7.159
7.348
7.518
7.683
7.862
8.027
8.206
8.381
8.561
8.725
8.900
9.084
9.424
9.608
9.778
9.962
10.317
10.476
10.651
10.820
11.000
11.175
11.359
11.509
11.544
11.668
11.893
12.068
12.237
12.586
12.756
12.946
13.275
13.459
13.624
13.809
13.988
14.173
14.337
14.687
15.046
