0.190
0.359
0.524
0.698
0.873
1.043
1.247
1.372
1.551
1.721
1.881
2.055
2.225
2.400
2.569
2.679
2.893
3.098
3.238
3.337
3.427
3.557
3.727
3.766
3.936
4.056
4.096
4.275
4.445
4.620
4.689
4.794
4.964
5.113
5.303
5.468
5.642
5.812
5.976
6.146
6.321
6.470
6.665
6.820
6.999
7.159
7.333
7.503
7.683
7.822
7.947
8.196
8.361
8.536
8.680
8.875
9.044
9.224
9.394
9.728
10.072
10.242
10.411
10.556
10.920
11.085
11.264
11.429
11.594
11.773
11.928
12.107
12.267
12.397
12.452
12.791
12.961
13.130
13.474
13.624
14.158
14.327
14.667
14.722
14.881
15.176
15.330
15.525
15.684
15.849
16.034
16.338
16.882
17.051
17.156
17.226
17.390
17.715
17.889
17.969
18.074
18.249
18.288
18.408
18.588
18.757
18.917
19.007
19.072
19.436
19.605
19.775
20.084
20.269
20.334
20.424
20.628
20.763
20.798
20.917
20.972
21.137
21.287
21.481
21.646
21.820
22.165
22.329
22.499
22.678
22.843
23.177
23.347
23.522
23.676
23.861
24.020
24.210
24.355
