0.349
0.479
1.023
1.392
1.527
1.601
1.756
2.120
2.420
2.564
2.614
2.694
2.744
3.472
3.846
4.180
4.515
4.894
5.004
5.049
5.208
5.927
6.256
6.540
6.605
6.909
6.959
7.293
7.623
7.947
8.276
8.630
8.720
8.845
8.975
9.010
9.099
9.154
9.314
9.713
10.042
10.810
11.020
11.065
11.394
11.733
12.093
12.477
12.811
12.976
13.175
13.534
13.859
14.183
14.507
14.806
15.101
15.465
15.809
16.049
16.168
16.577
17.006
17.041
17.161
17.221
17.420
17.565
18.119
18.458
18.623
19.102
19.346
19.456
20.493
20.848
21.137
21.272
21.322
21.481
21.516
21.631
22.304
22.624
22.848
22.958
23.277
23.611
24.290
24.968
25.203
25.352
25.542
25.632
25.991
26.071
26.280
26.624
26.694
26.764
26.799
26.989
27.203
27.268
27.353
27.567
27.927
28.226
28.281
28.580
28.824
28.879
29.174
29.413
29.478
29.523
29.618
30.112
30.266
30.461
30.755
31.094
31.414
31.533
31.703
31.738
32.082
