0.035
0.070
0.160
0.294
0.329
0.813
0.878
0.958
1.028
1.282
1.706
2.145
2.539
2.579
2.888
3.437
3.482
3.687
3.956
4.126
4.161
4.230
4.455
4.495
4.540
4.674
4.724
4.809
5.083
5.433
5.517
5.562
5.682
6.111
6.226
6.425
6.560
6.715
6.755
6.820
6.949
7.024
7.189
7.373
7.433
7.523
7.638
7.683
7.717
7.777
7.982
8.082
8.401
8.546
8.585
8.655
8.730
8.905
8.945
9.094
9.134
9.234
9.394
9.503
9.878
10.127
10.322
10.526
10.701
10.761
10.915
10.970
11.220
11.264
11.384
11.554
11.589
11.778
11.903
11.973
12.013
12.058
12.162
12.202
12.287
12.372
12.427
12.517
12.566
12.611
12.671
12.711
12.746
12.786
12.851
13.000
13.045
13.240
13.290
13.350
13.509
13.644
13.699
13.769
13.948
14.073
14.133
14.198
14.278
14.317
14.517
14.727
14.836
14.931
15.275
15.335
15.555
15.605
15.694
15.739
15.944
16.163
16.223
16.303
16.428
16.542
16.592
16.717
16.777
16.932
17.001
17.121
17.380
17.600
17.635
17.690
17.730
17.800
18.558
18.688
18.867
18.902
18.942
19.052
19.161
19.306
19.655
19.690
19.800
20.139
20.229
20.374
20.434
20.488
20.608
20.698
20.758
20.848
20.987
21.067
21.132
21.237
21.536
21.571
21.626
21.671
21.761
21.815
21.880
21.925
22.180
22.229
22.419
22.494
22.584
22.663
22.748
22.933
23.098
23.207
23.312
23.412
23.517
23.671
23.736
23.811
23.856
23.931
24.025
24.125
24.280
24.599
24.779
24.824
24.873
24.978
25.013
25.143
25.263
25.382
25.447
25.507
25.642
25.756
25.826
25.971
26.011
26.141
26.295
26.415
26.545
26.879
26.994
27.088
27.138
27.178
27.248
27.348
27.418
27.562
27.737
28.011
28.435
28.540
28.660
28.740
28.824
28.984
29.114
29.214
29.383
29.458
29.578
29.772
29.807
29.922
