0.314
0.389
0.454
0.519
0.584
0.663
0.723
0.798
0.843
0.893
0.943
1.008
1.048
1.102
1.137
1.242
1.327
1.392
1.432
1.467
1.532
1.576
1.646
1.726
1.781
1.821
1.951
2.025
2.075
2.135
2.170
2.225
2.310
2.370
2.410
2.459
2.504
2.564
2.669
2.709
2.759
2.799
2.844
2.878
2.923
2.968
3.013
3.048
3.088
3.123
3.193
3.263
3.357
3.392
3.452
3.492
3.537
3.577
3.622
3.682
3.801
3.876
3.926
4.006
4.061
4.101
4.156
4.230
4.290
4.330
4.365
4.400
4.460
4.495
4.535
4.590
4.639
4.674
4.714
4.774
4.814
4.854
4.909
4.949
4.994
5.034
5.093
5.163
5.203
5.238
5.318
5.403
5.463
5.498
5.532
5.582
5.627
5.727
5.812
5.872
5.946
6.006
6.041
6.091
6.126
6.181
6.216
6.251
6.321
6.371
6.420
6.475
6.535
6.585
6.685
6.770
6.839
6.884
6.924
6.989
7.074
7.164
7.199
7.283
7.338
7.388
7.438
7.488
7.608
7.668
7.737
7.807
7.902
7.972
8.037
8.102
8.141
8.181
8.251
8.311
8.361
8.396
8.441
8.506
8.551
8.615
8.665
8.715
8.800
8.845
8.945
9.005
9.089
9.139
9.189
9.229
9.284
9.369
9.404
9.483
9.523
9.578
9.628
9.673
9.768
9.838
9.888
9.962
9.997
10.062
10.102
10.197
10.242
10.287
10.361
10.461
10.511
10.581
10.626
10.666
10.701
10.736
10.830
10.875
10.915
11.005
11.090
11.130
11.185
11.224
11.269
11.314
11.374
11.414
11.489
11.529
11.579
11.624
11.688
11.733
11.783
11.858
11.938
12.018
12.078
12.147
12.192
12.227
12.307
12.397
12.482
12.541
12.596
12.676
12.736
12.816
12.861
12.921
12.966
13.030
13.085
13.150
13.185
13.240
13.295
13.355
13.400
13.474
13.524
13.609
13.649
13.719
13.754
13.794
13.854
13.923
13.983
14.023
14.108
14.158
14.243
14.288
14.327
14.392
14.442
14.487
14.582
14.622
14.692
14.737
14.821
14.871
14.926
14.986
15.046
15.116
15.166
15.200
15.270
15.310
15.370
15.430
15.495
15.565
15.600
15.674
15.739
15.794
15.864
