0.175
0.224
0.284
0.349
0.414
1.003
1.282
1.407
1.477
1.546
1.671
1.826
1.956
2.085
2.240
2.395
2.514
2.654
2.799
2.948
3.083
3.218
3.512
3.627
3.697
3.781
3.911
4.076
4.205
4.325
4.485
4.634
4.754
4.889
5.193
5.328
5.453
5.607
5.757
5.867
5.941
6.016
6.151
6.306
6.430
6.550
6.710
6.849
6.984
7.119
7.268
7.423
7.553
7.683
7.837
7.982
8.097
8.171
8.251
8.386
8.546
8.665
8.785
8.940
9.079
9.139
9.194
9.259
9.339
9.907
10.062
10.137
10.212
10.327
10.396
10.476
10.601
10.756
10.880
11.020
11.160
11.304
11.429
11.529
11.569
11.723
11.868
11.993
12.127
12.277
12.422
12.517
12.591
12.681
12.811
12.966
13.095
13.240
13.380
13.534
13.654
13.774
13.943
14.103
14.218
14.362
14.502
14.652
14.751
14.826
14.916
15.051
15.210
15.340
15.475
15.620
15.769
15.889
16.024
16.178
16.343
16.458
16.587
16.742
16.882
16.996
17.076
17.151
17.286
17.440
17.565
17.695
17.839
17.984
18.099
18.254
18.688
18.827
18.982
19.112
19.231
19.296
19.376
19.511
19.655
19.790
19.925
20.064
20.209
20.344
20.483
20.623
20.743
20.902
21.042
21.197
21.332
21.446
21.511
21.596
21.736
21.885
22.015
22.145
22.220
22.289
22.344
22.434
22.569
22.703
22.848
22.998
23.117
23.187
23.267
23.412
23.482
23.546
23.686
23.746
23.836
23.971
24.120
24.255
24.390
24.514
24.689
24.804
24.953
25.093
25.233
25.362
25.437
25.512
25.642
25.791
25.921
26.066
26.131
26.185
26.250
26.345
26.485
26.620
26.749
26.819
26.884
27.034
27.148
27.742
27.902
28.031
28.141
28.181
28.296
28.425
28.660
28.715
28.849
28.984
29.114
29.254
29.323
29.408
29.548
29.588
29.827
29.957
