0.215
0.404
0.913
1.377
1.417
1.601
1.816
1.995
2.030
2.285
2.469
2.704
3.088
3.382
3.592
3.781
3.816
4.270
4.495
4.889
5.173
5.383
5.418
5.607
5.857
5.996
6.236
6.296
6.710
6.750
6.954
7.159
7.338
7.842
8.032
8.740
8.950
9.149
9.194
9.618
9.828
9.868
10.282
10.531
10.925
11.409
12.322
12.551
12.766
13.210
13.434
13.819
13.854
14.053
14.258
14.447
14.921
15.076
15.156
15.575
15.799
16.034
16.208
16.398
16.667
16.897
17.326
17.525
17.760
17.969
18.408
18.628
19.062
19.281
19.526
19.680
19.715
19.895
19.935
20.034
20.154
