0.319
0.374
0.429
0.609
0.644
0.678
0.713
0.748
0.788
0.828
0.958
1.003
1.048
1.093
1.142
1.187
1.222
1.452
1.686
1.801
1.916
2.030
2.145
2.380
2.494
2.609
2.724
2.839
2.953
3.068
3.183
3.298
3.417
3.532
3.647
3.761
3.876
3.991
4.106
4.220
4.340
4.455
4.570
4.684
4.799
4.934
4.989
5.044
5.158
5.223
5.288
5.323
5.358
5.398
5.438
5.522
5.567
5.612
5.657
5.707
5.752
5.797
5.837
6.071
6.301
6.415
6.530
6.645
6.760
6.994
7.109
7.224
7.338
7.453
7.568
7.688
7.802
7.917
8.032
8.146
8.261
8.376
8.491
8.605
8.720
8.840
8.955
9.069
9.184
9.299
9.414
9.548
9.603
9.658
9.803
9.838
9.902
9.937
9.977
10.012
10.097
10.182
10.227
10.277
10.322
10.366
10.411
10.456
10.686
10.915
11.030
11.145
11.264
11.379
11.609
11.723
11.838
11.953
12.073
12.187
12.302
12.417
12.532
12.646
12.761
12.876
12.990
13.105
13.225
13.340
13.454
13.569
13.684
13.799
13.913
14.033
14.163
14.218
14.302
14.422
14.457
14.492
14.527
14.562
14.597
14.637
14.677
14.811
14.856
14.901
14.946
14.991
15.071
15.300
15.530
15.644
15.764
15.879
15.994
16.223
16.338
16.458
16.572
16.687
16.802
16.917
17.031
17.146
17.261
17.380
17.495
17.610
17.725
17.839
17.954
18.069
18.184
18.298
18.413
18.533
18.648
18.777
18.832
18.917
19.007
19.072
19.107
19.171
19.211
19.251
19.376
19.466
19.650
19.685
19.915
20.149
20.264
20.379
20.493
20.608
20.843
20.957
21.072
21.192
21.307
21.421
21.536
21.646
21.766
21.880
21.995
22.110
22.224
22.339
22.454
22.569
22.683
22.803
22.918
23.033
23.147
23.262
23.397
23.452
23.507
23.561
23.651
23.686
23.751
23.791
23.826
23.906
23.946
24.080
24.125
24.170
24.300
24.534
24.764
24.878
24.993
25.108
25.223
25.457
25.572
25.687
25.801
25.916
26.031
26.151
26.260
26.380
26.495
26.610
26.724
26.839
26.954
27.068
27.183
27.298
27.418
27.532
27.647
27.762
27.877
28.006
28.066
28.176
28.236
28.271
28.336
28.371
28.405
28.440
28.520
28.650
28.700
28.790
28.919
29.149
29.378
29.493
29.608
29.722
29.842
30.072
30.186
30.301
30.421
30.536
30.650
30.765
30.880
30.995
31.109
31.224
31.339
31.459
31.568
31.688
31.803
31.917
32.032
32.147
32.262
32.376
32.496
32.626
32.681
32.736
32.820
32.915
32.950
32.985
33.020
33.055
33.095
33.135
33.175
33.220
33.264
33.309
33.404
33.449
33.534
33.763
33.993
34.107
34.227
34.342
34.457
34.686
34.801
34.916
35.035
35.150
35.265
35.380
35.494
35.609
35.724
35.839
35.953
36.073
36.188
36.302
36.417
36.532
36.647
36.761
36.876
36.991
37.111
37.240
37.325
37.375
37.500
37.634
37.709
37.749
37.924
38.148
38.378
38.612
38.727
38.842
38.956
39.071
39.306
39.420
39.535
39.650
39.765
39.879
39.994
40.109
40.229
40.343
40.458
40.573
40.688
40.802
40.917
41.032
41.146
41.261
41.381
41.496
41.610
41.725
41.855
41.910
42.020
42.109
42.179
42.214
42.249
42.284
42.324
42.364
42.404
42.449
42.538
42.583
42.628
42.723
42.763
42.997
43.227
43.341
43.456
43.571
43.686
43.920
44.035
44.150
44.264
44.379
44.494
44.609
44.723
44.838
44.958
45.073
45.187
45.302
45.417
45.532
45.646
45.761
45.881
45.995
46.110
46.225
46.340
46.469
46.529
46.579
46.664
46.699
46.829
47.108
47.293
47.382
47.612
47.841
47.956
48.071
48.185
48.305
48.535
48.649
48.764
48.884
48.999
49.113
49.228
49.343
49.458
49.572
49.687
49.802
49.917
50.031
50.146
50.261
50.380
50.495
50.610
50.725
50.839
50.959
51.089
51.144
51.224
51.313
51.348
51.413
51.448
51.483
51.558
51.598
51.688
51.732
51.822
51.867
51.917
51.997
52.226
52.456
52.571
52.685
52.805
52.920
53.149
53.264
53.379
53.498
53.613
53.728
53.843
53.957
54.072
54.187
54.302
54.416
54.536
54.651
54.766
54.880
54.995
55.110
55.224
55.339
55.454
55.574
55.693
55.763
55.843
55.933
56.152
56.387
56.611
56.841
57.075
57.190
57.305
57.420
57.539
57.769
57.883
57.998
58.113
58.233
58.342
58.457
58.572
58.687
58.806
58.921
59.036
59.151
59.265
59.380
59.495
59.615
59.724
59.839
59.954
