0.180
0.224
0.359
0.414
0.574
0.668
0.783
0.848
0.893
1.008
1.107
1.222
1.282
1.372
1.432
1.482
1.591
1.626
1.706
1.841
1.921
2.040
2.125
2.160
2.200
2.245
2.305
2.365
2.415
2.519
2.559
2.614
2.694
2.769
2.809
2.903
2.963
3.093
3.183
3.223
3.302
3.377
3.507
3.552
3.692
3.781
3.871
3.931
3.991
4.031
4.146
4.260
4.355
4.450
4.560
4.629
4.749
4.849
4.959
5.034
5.158
5.213
5.328
5.413
5.463
5.527
5.572
5.652
5.687
5.752
5.842
5.976
6.061
6.176
6.241
6.356
6.435
6.540
6.575
6.650
6.770
6.849
6.969
7.034
7.094
7.219
7.283
7.353
7.438
7.518
7.618
7.678
7.812
7.887
8.012
8.206
8.256
8.306
8.391
8.461
8.590
8.655
8.760
8.830
8.875
8.945
9.049
9.104
9.169
9.239
9.329
9.429
9.468
9.623
9.753
9.818
9.932
10.032
10.112
10.252
10.337
10.416
10.496
10.566
10.736
10.785
10.900
11.095
11.145
11.195
11.294
11.389
11.444
11.484
11.569
11.703
11.768
11.808
11.893
11.998
12.107
12.357
12.541
12.651
12.736
12.921
12.956
13.075
13.120
13.220
13.340
13.375
13.420
13.454
13.504
13.609
13.749
13.789
13.854
13.993
14.098
14.248
14.437
14.527
14.637
14.826
14.956
15.036
15.245
15.330
15.405
15.530
15.595
15.639
15.689
15.779
15.859
15.914
16.054
16.133
16.208
16.263
16.308
16.343
16.403
16.443
16.488
16.557
16.617
16.652
16.737
16.882
16.937
17.011
17.086
17.206
17.336
17.415
17.450
17.565
17.650
17.695
17.770
17.869
17.984
18.179
18.378
18.488
18.538
18.603
18.668
18.792
18.847
18.922
19.002
19.037
19.176
19.276
19.321
19.411
19.506
19.546
19.610
19.675
19.710
19.820
19.880
19.925
20.010
20.044
20.094
20.134
20.259
20.314
20.354
20.394
