0.439
0.763
1.073
1.372
1.666
1.971
2.270
2.579
2.878
3.123
3.183
3.482
3.786
4.086
4.395
4.689
4.999
5.298
5.597
5.897
6.041
6.206
6.500
6.735
6.800
7.119
7.413
7.712
8.027
8.201
8.316
8.471
8.630
8.920
9.224
9.374
9.523
9.643
9.838
10.137
10.431
10.731
11.045
11.349
11.659
11.958
12.152
12.272
12.412
12.571
12.881
13.180
13.489
13.794
14.103
14.412
14.697
15.001
15.091
15.305
15.500
15.629
15.914
16.103
16.208
16.403
16.502
16.627
16.802
17.111
17.415
17.725
18.044
18.323
18.513
18.633
18.932
19.241
19.476
19.531
19.670
19.835
20.154
20.314
20.459
20.753
