0.130
0.359
0.584
1.013
1.302
1.447
1.706
1.871
2.155
2.320
2.559
2.749
3.018
3.123
3.198
3.462
3.632
4.076
4.505
4.844
4.944
5.083
5.163
5.228
5.388
5.667
5.827
6.126
6.261
6.510
6.705
6.979
7.139
7.453
7.568
8.017
8.326
8.466
8.755
8.900
9.204
9.364
9.538
9.668
9.798
10.172
10.232
10.526
10.671
11.105
11.529
11.978
12.267
12.412
12.701
12.856
13.150
13.295
13.749
14.023
14.168
14.612
15.041
15.465
15.699
15.874
16.198
16.358
16.792
17.221
17.400
17.650
18.084
18.533
18.827
18.897
18.947
19.211
19.386
19.675
19.845
19.955
20.124
20.279
20.683
21.152
21.591
22.040
22.464
22.738
22.838
23.192
23.352
23.726
23.791
24.220
24.370
24.654
25.098
25.482
25.547
25.836
26.255
26.415
26.694
26.859
27.113
27.293
27.727
27.941
28.156
28.600
29.029
29.458
29.752
29.897
30.181
30.341
30.635
30.770
30.955
31.029
31.214
31.648
32.087
32.526
32.955
33.244
33.399
33.683
33.843
34.147
34.282
34.561
34.746
