0.115
0.244
0.339
0.469
0.569
0.703
0.803
0.928
1.028
1.157
1.257
1.387
1.487
1.621
1.716
1.841
1.941
2.075
2.175
2.300
2.400
2.534
2.634
2.759
2.859
2.988
3.093
3.218
3.317
3.452
3.552
3.677
3.776
3.906
4.006
4.131
4.230
4.365
4.465
4.590
4.689
4.819
4.924
5.049
5.153
5.283
5.383
5.507
5.607
5.737
5.837
5.966
6.066
6.196
6.296
6.420
6.520
6.655
6.755
6.879
6.984
7.114
7.214
7.338
7.438
7.568
7.668
7.797
7.897
8.032
8.132
8.256
8.356
8.486
8.585
8.710
8.815
8.950
9.044
9.169
9.269
9.399
9.498
9.628
9.728
9.863
9.962
10.087
10.187
10.317
10.416
10.546
10.646
10.780
10.875
11.000
11.100
11.234
11.334
11.459
11.559
11.693
11.793
