1.003
1.482
1.936
2.180
2.405
2.629
3.078
3.307
3.737
3.981
4.180
4.410
4.624
4.674
5.098
5.572
5.777
6.016
6.281
6.495
6.695
6.745
6.934
7.393
7.628
7.673
7.867
8.102
8.151
8.561
8.760
8.810
9.024
9.189
9.728
10.157
10.207
10.481
10.661
10.880
11.339
11.584
11.843
12.038
12.432
12.931
12.995
13.190
13.250
13.424
13.649
13.888
14.213
14.347
14.527
14.806
15.036
15.255
15.510
15.714
15.969
16.173
16.413
16.897
17.605
17.834
18.074
18.298
18.822
19.236
19.476
19.940
20.169
20.399
20.638
20.883
21.117
21.346
21.571
21.800
22.030
22.264
22.494
22.718
22.968
23.192
23.432
23.651
23.891
24.280
24.534
24.729
25.871
26.335
26.789
27.213
27.273
27.493
27.722
27.946
28.196
28.420
28.665
28.879
29.119
29.343
29.578
29.807
