0.090
0.324
0.579
0.783
1.033
1.257
1.502
1.736
1.971
2.190
2.449
2.644
2.679
2.908
3.143
3.382
3.617
3.831
4.056
4.320
4.540
4.779
5.014
5.258
5.488
5.722
5.951
6.191
6.420
6.650
6.884
7.114
7.353
7.463
7.578
7.693
7.802
8.062
8.271
8.516
8.745
8.985
9.204
9.434
9.912
10.142
10.616
10.850
11.070
11.299
11.998
12.237
12.417
12.452
12.701
12.921
13.145
13.400
13.619
13.849
14.093
14.312
14.552
14.771
15.016
15.480
15.699
15.939
16.153
16.408
16.627
16.857
17.106
17.331
17.545
17.785
18.024
18.249
18.478
18.712
19.186
19.401
19.640
19.875
20.104
20.324
20.563
20.808
21.032
21.252
21.481
21.706
21.950
22.180
22.414
22.888
23.112
23.352
23.576
23.816
24.035
24.270
24.654
24.754
24.963
25.198
25.427
25.667
25.881
26.121
26.340
26.590
26.814
27.054
27.278
27.448
27.742
27.937
27.976
28.445
28.655
28.889
29.119
29.353
29.573
29.812
