0.085
0.289
0.409
0.529
0.963
1.397
1.611
1.676
1.811
2.070
2.659
3.098
3.173
3.293
3.487
3.707
4.300
4.370
4.590
4.804
5.218
5.453
5.502
5.667
5.882
5.922
6.081
6.525
6.710
6.869
6.939
7.174
7.383
7.598
7.792
8.022
8.201
8.650
9.069
9.498
9.713
9.937
10.152
10.341
10.376
11.224
11.554
12.098
12.527
12.856
13.035
13.165
13.390
13.794
14.013
14.233
14.667
15.180
15.515
15.749
15.944
16.088
16.378
16.812
17.016
17.236
17.415
17.555
17.680
18.089
18.318
18.533
18.707
18.957
19.391
19.735
20.015
20.239
20.648
20.873
21.097
21.511
21.940
22.359
22.594
22.698
22.788
23.127
23.232
23.447
23.556
23.601
23.876
23.976
24.305
24.360
24.958
25.382
25.811
26.046
26.146
26.245
26.679
26.879
27.098
27.443
27.502
27.966
28.380
28.535
28.705
28.815
29.244
29.663
