0.070
0.195
0.359
0.464
0.668
0.893
1.018
1.217
1.596
1.736
1.936
1.980
2.125
2.305
2.983
3.208
3.337
3.417
3.547
3.766
3.801
3.881
4.465
4.864
5.014
5.228
5.542
6.066
6.121
6.610
6.765
7.069
7.229
7.428
7.593
7.787
8.007
8.156
8.281
8.521
8.571
8.625
8.740
8.955
9.199
9.503
9.598
9.658
9.693
10.002
11.454
11.703
11.833
11.913
12.197
12.272
12.561
12.606
12.916
13.280
13.504
13.644
13.893
14.098
14.372
14.522
14.766
14.816
15.111
15.480
15.590
15.624
15.739
15.844
16.208
16.453
16.567
16.747
16.932
17.306
17.376
17.675
17.765
18.034
18.104
18.159
18.224
18.408
18.772
18.927
19.132
19.241
19.311
19.501
19.750
19.870
19.950
20.010
20.234
20.444
20.598
20.648
20.962
21.157
21.332
21.696
21.776
22.060
22.259
22.424
22.798
22.943
23.162
23.207
23.282
23.522
23.766
23.891
24.020
24.080
24.260
24.345
24.624
24.789
24.923
24.993
25.352
25.722
25.981
26.086
26.156
26.365
26.435
26.814
26.934
27.183
27.547
27.742
27.912
28.016
28.276
28.645
29.009
29.064
29.288
29.483
29.742
