0.030
0.140
0.259
0.364
0.479
0.723
0.833
0.948
1.063
1.172
1.402
1.527
1.611
1.656
1.866
2.100
2.220
2.290
2.325
2.564
2.769
3.028
3.208
3.253
3.372
3.487
3.597
3.697
3.831
3.951
4.066
4.171
4.385
4.525
4.639
4.754
4.869
4.989
5.024
5.098
5.218
5.333
5.453
5.562
5.922
6.006
6.246
6.425
6.475
6.695
6.745
7.069
7.194
7.393
7.842
7.902
8.137
8.326
8.421
8.905
9.199
9.239
9.424
9.488
9.623
9.703
9.893
9.947
10.107
10.232
10.361
10.411
10.466
10.546
10.621
11.105
11.499
11.569
11.604
11.833
12.098
12.537
13.115
13.170
13.255
13.295
13.395
13.469
13.514
13.664
14.108
14.238
14.377
14.821
15.250
15.290
15.495
15.739
16.088
16.792
16.842
16.892
17.021
17.111
17.301
17.420
17.540
17.595
17.800
17.839
17.974
18.209
18.498
18.947
19.181
19.231
19.456
19.630
19.745
19.855
20.079
20.219
20.264
20.314
20.349
20.648
20.698
21.237
21.516
21.681
21.955
22.035
22.254
22.394
22.599
22.639
22.878
22.993
23.102
23.282
23.327
23.551
23.911
24.015
24.170
24.375
24.434
24.719
24.839
24.913
24.948
25.093
25.213
25.402
25.642
25.751
25.876
25.931
26.101
26.305
26.540
26.575
26.679
26.794
27.024
27.198
27.258
27.443
27.612
27.652
27.712
27.951
28.066
28.171
28.351
28.400
28.530
28.625
28.760
28.869
28.989
29.074
29.224
29.348
29.453
29.553
29.807
