0.254
0.429
0.584
0.838
0.873
1.142
1.222
1.292
1.447
1.611
1.736
2.000
2.040
2.315
2.594
2.943
3.377
3.462
3.771
3.811
3.976
4.076
4.121
4.300
4.335
4.400
4.709
5.168
5.243
5.532
5.712
5.827
6.091
6.415
6.465
6.665
7.119
7.293
7.338
7.633
7.782
7.887
8.181
8.750
9.079
9.149
9.259
9.628
9.952
10.491
10.661
10.800
10.835
10.895
11.075
11.130
11.733
11.883
12.412
12.601
12.816
12.861
13.330
13.429
13.569
13.709
14.003
14.073
14.273
14.592
14.776
14.826
14.921
15.151
15.200
15.490
15.714
15.774
16.044
16.368
16.922
16.976
17.071
17.201
17.400
17.460
17.690
17.820
18.124
18.358
18.408
18.668
18.972
19.261
19.566
19.870
19.925
20.189
20.239
20.449
20.513
21.027
21.332
21.396
21.646
21.875
22.210
22.524
22.813
22.943
23.088
23.586
23.696
23.961
24.240
24.345
24.390
24.449
24.509
24.619
24.699
24.749
24.834
24.968
25.153
25.732
25.991
26.265
26.590
27.004
27.378
27.458
27.537
27.622
28.316
28.385
28.510
28.595
28.889
28.959
29.229
29.548
29.722
