0.035
0.369
0.698
1.018
1.327
1.362
1.497
1.671
2.000
2.340
2.659
2.983
3.228
3.317
3.412
3.662
3.986
4.305
4.610
4.914
4.949
5.278
5.607
6.236
6.545
7.204
7.528
7.717
7.842
8.161
8.486
8.670
8.790
9.139
9.454
10.092
10.401
10.746
10.970
11.065
11.224
11.349
11.389
11.534
11.693
12.023
12.352
12.646
12.995
13.105
13.320
13.649
13.968
14.283
14.617
14.836
14.951
15.016
15.270
15.550
15.724
15.909
16.198
16.238
16.562
16.882
17.206
17.530
17.849
18.174
18.508
18.832
19.002
19.141
19.351
19.481
19.800
20.134
20.379
20.748
20.788
21.122
21.436
21.756
22.035
22.080
22.244
22.394
22.718
22.943
23.058
23.232
23.367
23.676
23.995
24.330
24.664
24.978
25.148
25.298
25.592
25.906
26.565
26.879
27.054
27.517
27.812
28.156
28.376
28.480
28.705
28.815
29.104
29.388
29.448
