0.185
0.284
0.409
0.494
0.569
0.703
0.768
0.888
0.943
1.018
1.147
1.227
1.312
1.407
1.442
1.477
1.522
1.581
1.786
1.851
1.946
2.045
2.110
2.390
2.514
2.549
2.614
2.674
2.724
2.794
2.878
3.018
3.093
3.218
3.427
3.467
3.637
3.672
3.722
3.761
3.806
3.926
4.016
4.051
4.190
4.240
4.275
4.460
4.644
4.699
4.854
4.924
4.999
5.078
5.163
5.303
5.433
5.473
5.597
5.637
5.702
5.767
5.842
5.927
5.961
6.101
6.196
6.286
6.351
6.475
6.595
6.795
6.889
6.939
6.984
7.134
7.229
7.308
7.498
7.538
7.658
7.772
7.827
7.862
8.022
8.062
8.196
8.231
8.366
8.446
8.491
8.770
8.865
8.925
8.960
9.005
9.079
9.139
9.179
9.334
9.404
9.444
9.528
9.583
9.668
9.853
9.907
9.977
10.042
10.187
10.242
10.406
10.471
10.576
10.651
10.691
10.870
10.940
11.020
11.155
11.190
11.279
11.354
11.399
11.539
11.614
11.738
11.818
11.863
11.908
11.963
12.177
12.232
12.272
12.337
12.382
12.447
12.537
12.706
12.786
12.876
12.926
12.990
13.055
13.295
13.370
13.469
13.514
13.694
13.943
14.223
14.327
14.467
14.617
14.652
14.692
14.786
14.906
14.971
15.116
15.305
15.355
15.390
15.500
15.560
15.699
15.879
16.039
16.143
16.263
16.413
16.473
16.557
16.677
16.951
17.156
17.231
17.351
17.510
17.620
17.670
17.780
17.904
17.999
18.144
18.383
18.543
18.583
18.623
18.707
18.802
18.852
18.957
19.132
19.171
19.206
19.301
19.341
19.376
19.595
19.650
19.725
19.785
19.900
19.955
20.015
20.119
20.254
20.463
20.573
20.708
20.778
20.863
20.992
21.042
21.092
21.152
21.287
21.411
21.481
21.536
21.711
21.751
21.845
22.000
22.045
22.200
22.289
22.409
22.449
22.574
22.738
22.783
22.878
22.933
23.023
23.088
23.172
23.277
23.327
23.392
23.427
23.482
23.581
23.696
23.801
23.851
23.926
24.175
24.295
24.410
24.549
24.849
24.898
25.123
25.158
25.258
25.347
25.482
25.552
25.851
25.936
25.976
26.111
26.180
26.235
26.310
26.355
26.460
26.495
26.659
26.829
27.014
27.073
27.213
27.353
27.493
27.532
27.597
27.682
27.752
27.822
27.862
27.937
28.106
28.380
28.490
28.585
28.655
28.755
29.174
29.358
