1.013
1.192
1.312
1.432
1.551
1.671
1.726
1.791
1.911
2.030
2.140
2.260
2.385
2.439
2.504
2.619
2.744
2.799
2.863
2.983
3.103
3.158
3.512
3.816
3.861
4.220
4.585
4.909
5.123
5.832
6.011
6.301
6.366
6.725
7.044
7.084
7.433
7.782
8.855
9.214
9.379
9.414
9.548
9.932
10.277
10.820
11.000
11.349
11.708
12.073
12.402
12.786
13.140
13.185
13.494
13.594
13.679
14.208
14.557
14.911
15.570
15.739
15.894
16.138
17.126
17.341
17.755
18.049
18.353
18.653
19.396
19.546
19.865
20.204
20.543
20.922
21.312
21.511
22.140
22.579
23.023
23.427
23.911
24.360
24.809
25.253
25.472
25.921
26.136
26.590
27.029
27.253
27.463
27.662
27.862
28.056
28.151
28.420
28.600
28.770
28.949
29.129
29.303
29.668
29.842
30.017
30.201
30.381
30.561
30.740
31.005
31.089
31.269
31.449
31.628
31.798
31.977
32.157
32.506
32.870
33.050
33.229
33.409
33.504
33.589
33.683
33.763
33.848
33.943
34.117
34.297
34.477
34.661
34.831
35.005
35.370
35.544
35.729
35.903
36.078
36.263
36.437
36.791
36.966
37.156
37.315
37.500
37.674
37.854
38.044
38.218
38.393
38.577
38.752
