9.863
10.870
12.736
12.966
13.165
13.330
13.689
15.435
16.393
18.678
19.122
19.281
20.169
20.364
20.503
20.633
21.825
23.806
23.941
24.290
25.627
26.116
26.385
26.610
27.956
28.560
28.595
28.964
29.932
30.571
30.880
31.284
31.972
32.297
32.636
32.905
33.329
33.489
34.601
34.861
34.976
35.165
35.320
35.883
36.263
36.991
37.365
37.490
37.629
37.749
37.854
38.098
38.348
39.071
39.241
40.887
41.311
42.483
44.005
44.274
44.673
44.858
45.512
45.631
47.527
48.445
49.044
49.677
50.096
50.306
50.405
50.864
51.278
51.428
52.027
53.284
53.528
53.942
54.052
55.040
56.023
56.322
56.541
57.035
57.529
58.028
58.946
59.041
59.290
59.540
59.654
59.959
60.303
60.742
61.550
62.049
62.298
62.438
62.548
62.782
63.037
63.291
63.541
63.800
64.314
64.558
64.858
65.012
65.751
68.569
68.674
68.774
68.883
69.178
69.831
69.941
70.789
72.336
72.435
72.695
73.079
73.169
73.827
74.002
74.416
74.526
75.049
75.439
75.693
76.451
76.711
76.920
77.135
77.339
77.449
77.963
78.068
78.177
78.287
78.492
79.010
79.115
79.225
79.325
79.429
79.534
79.744
79.849
80.053
87.052
87.227
87.406
87.746
87.935
88.090
88.229
133.013
133.606
134.175
134.759
137.677
138.765
142.152
142.990
143.519
143.803
144.462
151.835
155.656
158.166
159.657
160.221
160.795
161.553
161.802
162.122
162.206
162.416
162.640
163.054
163.429
163.533
163.678
164.077
170.742
170.971
171.246
172.034
172.219
172.593
172.752
173.935
174.379
174.788
175.341
175.526
175.651
175.716
176.000
176.170
176.339
176.499
176.718
