0.080
0.259
0.354
0.419
0.504
0.614
0.763
0.833
0.883
0.973
1.058
1.262
1.307
1.342
1.427
1.492
1.611
1.666
1.721
1.786
1.841
1.916
1.985
2.035
2.090
2.135
2.215
2.290
2.350
2.484
2.519
2.584
2.624
2.704
2.739
2.799
2.908
3.043
3.168
3.223
3.263
3.298
3.372
3.412
3.472
3.532
3.567
3.617
3.667
3.727
3.826
3.901
4.061
4.190
4.265
4.420
4.495
4.550
4.590
4.654
4.739
4.904
4.979
5.059
5.093
5.128
5.258
5.323
5.423
5.473
5.532
5.592
5.647
5.717
5.792
5.937
5.986
6.041
6.116
6.196
6.241
6.291
6.326
6.371
6.415
6.455
6.510
6.580
6.625
6.675
6.720
6.805
6.844
6.964
7.034
7.099
7.154
7.244
7.278
7.318
7.383
7.423
7.468
7.508
7.583
7.648
7.683
7.747
7.787
7.867
7.992
8.146
8.271
8.311
8.376
8.416
8.486
8.585
8.650
8.685
8.735
8.835
8.895
8.995
9.074
9.109
9.189
9.334
9.404
9.454
9.548
9.598
9.703
9.748
9.783
9.818
9.912
9.957
