0.035
0.075
0.190
0.224
0.374
0.449
0.504
0.594
0.698
0.768
0.858
0.933
0.973
1.013
1.068
1.157
1.192
1.272
1.307
1.342
1.412
1.492
1.541
1.661
1.696
1.731
1.801
1.856
1.891
1.961
1.995
2.060
2.100
2.150
2.185
2.285
2.340
2.375
2.464
2.529
2.564
2.913
2.963
3.238
3.327
3.512
3.587
3.707
3.791
3.831
3.871
3.971
4.031
4.111
4.265
4.425
4.590
4.769
4.809
4.884
5.004
5.059
5.118
5.153
5.188
5.248
5.298
5.338
5.383
5.572
5.687
5.722
5.772
5.857
5.897
5.937
5.981
6.041
6.081
6.121
6.181
6.356
6.410
6.520
6.570
6.620
6.690
6.745
6.969
7.039
7.084
7.204
7.283
7.388
7.448
7.488
7.528
7.628
7.712
7.752
7.812
7.937
7.992
8.052
8.087
8.181
8.246
8.286
8.326
8.411
8.501
8.590
8.630
8.820
9.069
9.109
9.199
9.244
9.304
9.354
9.449
9.523
9.568
9.733
9.803
9.898
