0.045
0.135
0.190
0.239
0.349
0.484
0.579
0.753
0.793
0.838
0.913
1.083
1.147
1.237
1.347
1.422
1.467
1.586
1.676
1.786
1.911
1.971
2.075
2.145
2.210
2.315
2.479
2.594
2.639
2.709
2.794
2.968
3.058
3.123
3.248
3.307
3.362
3.402
3.507
3.562
3.612
3.707
3.801
3.856
3.901
4.021
4.071
4.190
4.275
4.405
4.510
4.570
4.605
4.699
4.809
4.914
5.113
5.198
5.353
5.388
5.433
5.522
5.612
5.652
5.712
5.837
5.882
5.922
6.001
6.036
6.161
6.211
6.316
6.376
6.525
6.600
6.655
6.690
6.725
6.834
6.909
6.999
7.074
7.154
7.244
7.318
7.373
7.433
7.493
7.533
7.608
7.643
7.702
7.782
7.832
7.872
7.947
7.987
8.082
8.141
8.181
8.221
8.301
8.356
8.456
8.511
8.625
8.670
8.730
8.905
8.940
8.975
9.099
9.194
9.259
9.339
9.389
9.493
9.553
9.593
9.643
9.703
9.743
9.793
9.873
9.922
9.957
