0.030
0.120
0.160
0.220
0.254
0.314
0.429
0.519
0.559
0.649
0.723
0.778
0.853
0.918
0.973
1.088
1.147
1.212
1.307
1.382
1.432
1.527
1.581
1.656
1.721
1.786
1.831
1.891
1.931
1.976
2.020
2.110
2.180
2.255
2.305
2.395
2.494
2.544
2.734
2.789
2.933
2.978
3.013
3.068
3.143
3.213
3.258
3.298
3.372
3.637
3.687
3.751
3.791
3.846
3.896
4.061
4.250
4.390
4.575
4.664
4.699
4.789
4.879
4.924
5.039
5.083
5.258
5.308
5.772
5.877
6.131
6.191
6.366
6.440
6.535
6.590
6.685
6.750
6.874
7.084
7.214
7.263
7.308
7.423
7.503
7.568
7.608
7.693
7.747
7.807
7.907
7.942
7.987
8.042
8.231
8.301
8.356
8.406
8.441
8.516
8.556
8.605
8.650
8.695
8.730
8.805
8.850
8.890
8.950
8.990
9.024
9.109
9.179
9.239
9.309
9.369
9.444
9.523
9.648
9.738
9.788
9.853
9.912
9.982
