0.215
2.968
5.662
8.356
11.075
13.729
16.463
19.236
21.870
22.239
22.439
22.634
22.828
23.028
23.227
23.422
23.621
23.811
23.995
24.190
24.385
24.579
24.759
24.968
25.158
25.342
25.537
25.741
25.941
26.146
26.335
26.550
26.694
26.739
26.929
27.118
27.318
27.512
27.722
27.922
28.126
28.316
28.525
28.720
28.914
29.109
29.298
29.498
29.707
29.907
30.097
30.286
30.496
30.700
30.880
31.074
31.274
31.468
31.658
31.853
32.052
32.212
32.252
32.441
32.631
32.835
33.035
33.229
33.424
33.629
33.838
34.028
34.227
34.442
34.651
34.831
35.025
35.225
35.429
35.614
35.809
36.023
36.218
36.397
36.592
36.796
37.001
37.195
37.395
37.595
37.799
37.979
38.183
38.373
38.597
38.767
38.956
39.151
39.366
39.545
39.755
39.959
40.149
