0.175
0.529
1.267
3.118
3.487
4.225
6.081
6.445
7.189
9.039
9.409
10.147
10.376
11.998
12.367
13.110
14.956
15.325
16.068
16.353
16.902
17.341
17.929
18.293
19.032
20.878
21.252
21.636
21.990
23.142
23.377
23.576
24.215
25.317
25.687
26.230
27.173
28.261
28.645
29.767
30.141
30.870
32.721
33.095
33.494
33.833
34.242
35.684
36.053
36.422
36.791
37.171
37.540
37.909
38.293
38.642
39.016
39.385
39.750
40.119
40.688
40.857
41.620
41.980
42.344
42.713
43.087
43.456
43.820
44.229
44.564
44.928
45.302
45.686
46.045
46.415
46.774
47.532
47.896
48.255
48.634
48.994
49.448
49.737
50.490
50.849
51.224
51.588
51.862
52.710
53.224
53.449
54.172
54.551
54.910
55.284
55.663
56.028
56.402
56.771
57.130
57.504
57.878
58.248
58.607
58.991
59.365
60.098
60.473
61.216
61.565
61.949
62.313
63.047
63.421
64.189
64.548
64.957
65.292
66.010
66.748
67.487
68.015
68.235
68.978
69.362
69.717
70.086
70.445
71.183
71.941
72.371
73.398
74.161
74.605
74.900
75.638
75.992
76.042
76.227
76.386
76.611
77.848
78.601
79.340
80.078
80.657
80.831
81.215
81.570
81.939
82.288
83.036
83.780
85.251
86.015
86.498
86.698
86.733
87.476
87.855
88.205
88.938
89.691
90.080
90.439
90.824
91.173
91.926
92.654
93.054
93.408
93.782
94.146
94.884
95.623
96.067
97.099
97.853
98.237
98.576
99.150
99.688
100.053
100.811
101.544
102.288
103.031
103.485
103.784
104.498
104.877
105.226
105.620
105.984
106.712
113.417
