0.294
5.198
5.951
8.191
11.359
12.122
12.377
12.666
13.759
13.973
14.178
14.382
16.158
16.453
18.308
18.523
19.336
19.790
20.010
20.229
20.483
20.708
20.937
21.197
23.566
23.741
24.030
24.180
24.410
24.584
24.734
24.829
24.983
25.283
25.457
25.587
25.876
26.235
27.707
27.882
28.051
28.246
28.400
28.635
29.059
29.328
30.620
30.855
31.054
33.579
33.908
34.122
34.447
34.621
34.776
34.951
37.844
38.986
39.341
40.054
40.283
40.668
41.760
42.099
42.354
44.668
45.142
46.829
47.003
50.081
50.261
50.435
50.939
51.094
52.266
52.416
53.254
53.753
54.157
55.140
55.329
55.673
56.018
56.182
56.372
56.856
57.090
57.699
57.829
58.058
58.203
58.397
58.781
59.355
