0.229
0.474
0.708
1.751
2.734
4.385
4.629
4.959
5.667
6.046
6.720
6.884
7.603
7.648
7.852
8.122
8.156
8.615
8.815
9.064
9.309
9.798
10.027
10.267
10.511
10.970
11.005
11.479
11.978
12.222
12.477
12.796
12.901
13.469
13.888
14.028
14.667
14.911
15.156
16.168
16.642
20.029
20.269
21.187
21.790
21.830
22.185
22.469
22.848
23.217
23.267
23.771
23.881
23.971
24.439
24.709
24.938
25.442
25.677
25.921
26.151
26.615
27.123
27.627
27.867
28.126
28.321
29.224
29.498
29.618
30.361
30.496
30.860
31.069
31.319
31.703
32.820
33.544
33.753
34.447
34.561
34.681
35.215
36.218
36.367
36.527
36.717
36.806
37.719
37.914
38.078
38.193
38.353
39.011
39.141
40.119
40.179
40.463
41.082
42.119
42.573
43.067
43.431
43.805
43.880
44.020
44.274
44.499
44.728
44.973
45.222
45.457
45.696
46.215
46.265
46.429
46.689
46.983
47.183
47.228
47.367
47.422
47.622
47.821
48.146
48.375
48.644
48.989
49.133
49.373
49.428
49.617
52.690
53.229
53.768
54.267
54.516
55.015
55.050
55.284
55.544
56.013
56.237
56.452
56.796
56.966
57.195
57.439
57.933
58.158
59.021
60.627
60.892
61.121
61.166
61.849
62.109
62.338
62.827
63.556
63.820
64.049
64.089
64.349
64.793
65.037
65.277
65.766
66.224
66.499
66.768
66.818
66.988
67.023
67.736
67.976
68.220
68.704
69.687
69.936
70.185
70.420
71.183
71.607
72.565
72.600
72.730
73.578
73.613
74.112
74.770
74.930
75.109
75.778
75.813
76.681
77.020
77.509
77.758
77.988
