0.175
0.434
0.678
0.933
1.442
1.576
1.701
1.951
2.210
2.380
2.424
2.459
2.714
2.963
3.362
3.472
3.727
3.981
4.240
4.495
4.744
4.999
5.507
5.662
5.767
6.021
6.276
6.400
6.470
6.515
6.780
7.034
7.428
7.543
7.792
8.047
8.311
8.566
8.815
9.064
9.573
9.733
9.833
10.087
10.346
10.446
10.491
10.536
10.596
10.845
11.100
11.499
11.609
11.863
12.117
12.377
12.591
12.626
12.881
13.135
13.644
13.799
13.903
14.153
14.407
14.567
14.662
14.911
15.166
15.325
15.570
15.674
15.834
15.929
16.088
16.183
16.443
16.702
16.946
17.091
17.201
17.460
17.715
17.844
17.964
18.219
18.473
18.737
18.982
19.241
19.396
19.491
19.750
19.880
20.000
20.254
20.508
20.768
21.012
21.162
21.272
21.526
21.780
21.910
22.035
22.289
22.539
22.803
23.048
23.307
23.467
23.556
23.816
23.976
24.065
24.320
24.574
24.839
25.083
25.337
25.592
25.846
25.981
26.101
26.355
26.610
26.869
27.118
27.378
27.532
27.627
27.887
28.016
28.136
28.291
28.395
28.645
28.904
29.149
29.408
29.663
29.917
30.047
30.171
30.426
30.675
30.840
30.935
31.184
31.444
31.598
31.693
31.858
31.947
32.107
32.207
32.366
32.456
32.711
32.970
33.220
33.364
33.474
33.728
33.983
34.232
34.492
34.741
35.000
35.250
35.400
35.509
35.669
35.759
35.903
36.018
36.268
36.522
37.041
37.285
37.545
37.794
38.059
38.303
38.562
38.817
39.071
39.321
39.580
39.740
39.834
40.089
40.338
40.598
40.852
41.107
41.351
41.501
41.610
41.860
42.005
42.119
42.369
42.628
42.878
43.137
43.386
43.641
43.805
43.895
44.040
44.150
44.309
44.404
44.659
44.913
45.172
45.422
45.566
45.676
45.931
46.075
46.185
46.439
46.694
46.948
47.203
47.452
47.966
48.220
48.370
48.475
48.979
49.243
49.493
49.752
49.996
50.121
50.231
50.420
50.510
50.755
51.014
51.273
51.523
51.782
51.937
52.032
52.171
52.286
52.536
52.795
53.044
53.304
53.553
53.703
53.813
53.947
54.067
54.322
54.571
54.785
54.830
55.080
55.339
55.589
55.853
56.008
