0.220
0.908
1.596
2.230
2.839
3.457
4.036
4.610
5.148
5.712
5.981
6.241
6.765
7.298
7.807
8.316
8.815
9.069
9.563
9.813
10.047
10.521
10.751
11.185
11.404
11.609
11.808
11.998
12.207
12.591
12.980
13.170
13.355
13.709
13.893
14.053
14.228
14.407
14.741
14.911
15.066
15.225
15.390
15.545
15.684
15.834
15.969
16.113
16.263
16.408
16.537
16.662
16.792
16.917
17.046
17.181
17.286
17.395
17.520
17.625
17.735
17.854
18.034
18.149
18.239
18.348
18.458
18.553
18.638
18.742
18.827
18.962
21.217
21.481
21.746
21.880
22.000
22.259
22.798
23.068
23.332
23.581
23.846
24.115
24.390
24.649
24.918
25.188
25.467
25.722
25.991
26.260
26.525
26.784
27.054
27.328
27.597
27.857
28.121
28.395
28.655
28.924
29.189
29.458
29.727
29.997
30.261
30.406
30.511
30.780
31.319
31.598
31.873
32.132
32.401
32.666
32.935
33.200
33.474
33.748
34.018
34.277
34.537
34.676
34.816
34.956
35.070
35.315
35.609
35.878
36.153
36.412
36.677
36.951
37.106
37.220
37.485
37.759
38.029
38.163
38.288
38.428
38.547
38.702
38.807
38.961
39.071
39.336
39.879
40.159
40.288
40.428
40.678
40.947
41.216
41.481
41.735
42.005
42.279
42.553
42.818
43.087
43.351
43.616
43.870
44.135
44.294
44.399
44.663
44.923
45.192
45.467
45.716
46.045
46.120
46.235
46.494
46.734
46.809
46.888
47.013
47.143
47.263
47.407
47.522
47.791
48.330
48.605
48.879
49.019
49.133
49.388
49.667
49.932
50.181
50.445
50.715
50.984
51.249
51.513
51.787
52.047
52.301
52.566
52.835
52.985
53.119
53.374
53.633
53.902
54.162
54.421
54.691
54.965
55.090
55.359
55.634
55.898
56.013
56.292
56.566
56.831
57.110
57.375
57.519
57.634
57.893
58.153
58.427
58.682
58.951
59.220
59.370
59.505
59.754
60.009
60.168
60.283
60.428
60.547
60.792
61.066
61.336
61.610
61.869
62.129
62.408
62.668
62.937
63.201
63.471
63.750
63.905
64.164
64.284
64.429
64.533
64.813
65.351
65.636
65.900
66.160
66.419
66.683
66.948
67.212
67.487
67.761
68.035
68.175
68.290
68.554
68.719
68.829
68.973
69.083
69.357
69.632
69.901
70.176
70.430
70.704
70.979
71.238
71.507
71.767
72.036
72.371
72.450
72.545
72.630
72.715
72.790
72.874
72.964
73.059
73.323
73.862
74.141
74.416
74.675
74.940
75.219
75.478
75.753
76.012
76.287
76.571
76.726
76.835
77.105
77.374
77.649
77.908
78.182
78.452
78.726
78.990
79.260
79.434
79.534
79.694
79.804
80.058
80.332
80.597
80.851
81.001
81.265
81.530
81.644
81.929
82.473
82.757
83.036
83.286
83.550
83.829
84.094
84.348
84.628
84.907
85.176
85.326
85.446
85.715
85.990
86.254
86.523
86.788
87.057
87.332
87.486
87.591
87.855
88.135
88.394
88.534
88.788
88.913
89.172
89.312
89.551
89.681
89.936
89.980
90.400
90.524
