0.190
0.404
0.619
0.818
1.242
1.651
1.861
2.080
2.285
2.489
2.908
3.153
3.367
3.567
3.781
3.981
4.200
4.644
4.859
5.029
5.238
5.892
6.306
6.535
6.720
6.934
7.149
7.378
7.513
7.573
7.787
8.012
8.186
8.406
8.890
9.114
9.738
9.893
9.937
10.107
10.157
10.346
10.771
11.000
11.424
11.828
12.462
12.676
13.075
13.200
13.300
13.415
13.714
13.923
14.128
14.352
14.741
14.961
15.151
15.585
15.994
16.413
16.642
16.862
17.256
17.470
17.680
18.089
18.378
18.493
18.912
19.107
19.301
19.710
19.945
20.139
20.324
20.528
20.763
20.848
20.898
20.962
21.182
21.815
23.477
23.556
23.596
24.040
24.265
24.669
25.098
