0.205
0.239
0.698
0.928
1.202
1.372
1.497
1.696
1.816
2.065
3.243
3.662
4.071
4.275
4.615
4.729
4.779
4.939
4.984
5.198
5.328
5.917
6.655
7.493
7.807
8.032
8.077
8.231
8.276
9.404
10.217
10.262
10.322
10.840
10.880
11.015
11.170
11.269
11.524
12.452
13.115
14.023
14.063
14.312
14.422
14.776
15.315
15.590
16.088
16.213
16.328
16.807
17.126
25.612
26.205
26.595
29.014
29.064
29.129
29.174
29.239
29.448
29.593
29.762
29.802
29.842
29.997
30.206
30.246
30.386
30.511
30.551
30.655
31.024
31.209
31.478
32.960
33.035
33.234
33.374
33.773
33.898
33.988
34.058
34.407
36.073
36.228
36.283
36.547
36.717
37.400
38.498
39.041
39.186
39.286
40.513
43.127
43.312
43.606
43.746
45.566
47.442
48.270
48.330
48.470
