0.290
1.533
1.602
1.927
5.201
5.573
5.956
11.366
12.086
12.132
12.353
12.643
13.758
13.978
14.187
14.396
14.594
16.161
16.463
18.112
18.309
18.530
19.342
19.574
19.783
20.004
20.225
20.492
20.712
20.944
21.200
23.568
23.754
24.033
24.184
24.416
24.590
24.741
24.834
24.985
25.287
25.461
25.600
25.728
26.239
26.564
26.645
26.784
27.713
27.876
28.050
28.259
28.410
28.642
28.793
28.897
29.037
29.327
30.627
30.859
33.576
34.122
34.447
34.621
34.783
34.958
37.849
38.986
39.323
40.054
40.287
40.670
40.890
41.622
41.761
42.109
42.353
42.678
44.664
45.047
45.140
46.835
46.997
47.148
50.085
50.271
50.434
50.898
50.945
51.072
51.734
51.920
52.268
52.419
53.255
53.754
54.161
54.300
54.335
55.136
55.333
55.531
55.670
55.821
56.018
56.378
56.575
57.098
57.702
57.841
57.876
58.073
58.201
58.398
58.572
58.793
59.362
59.873
60.349
