0.280
0.440
1.510
1.590
1.660
1.760
1.970
5.170
5.210
5.490
5.560
5.890
5.950
8.190
8.370
8.560
11.300
11.340
12.360
12.650
13.570
13.610
13.980
14.160
14.360
14.580
16.130
16.420
18.070
18.290
19.340
20.500
20.650
20.940
21.190
23.510
23.560
23.740
23.870
23.990
24.150
24.300
24.410
24.560
24.690
24.820
24.980
25.150
25.280
25.450
25.570
25.720
25.850
26.000
26.160
26.240
26.340
26.560
26.740
27.660
27.700
28.050
28.230
28.370
28.410
28.630
28.790
29.030
29.320
30.600
30.830
31.030
32.980
33.540
33.740
33.910
34.020
34.120
34.210
34.410
34.600
34.760
34.940
37.590
37.670
37.840
38.990
39.040
39.310
40.030
40.230
40.280
40.480
40.630
40.850
41.630
41.750
42.340
44.630
44.960
45.140
45.210
46.820
46.990
50.000
50.060
50.250
50.430
50.580
50.930
51.070
51.730
52.220
52.410
52.500
53.240
53.460
53.630
53.740
53.910
54.110
54.280
55.130
55.340
55.670
55.820
56.010
56.150
56.340
56.460
56.830
57.090
57.630
57.670
58.040
58.180
58.390
58.760
59.080
59.160
59.310
59.350
59.540
59.640
59.720
59.920
59.990
60.180
60.280
60.330
60.720
