0.035
0.093
0.302
0.464
0.546
0.662
0.697
0.789
0.824
0.929
0.987
1.068
1.103
1.207
1.265
1.358
1.509
1.649
1.765
1.881
1.950
1.985
2.067
2.229
2.264
2.496
2.543
2.577
2.635
2.833
2.868
2.961
3.065
3.170
3.297
3.355
3.495
3.634
3.669
3.715
3.796
3.889
3.936
4.040
4.145
4.214
4.331
4.481
4.783
4.865
5.027
5.097
5.224
5.329
5.364
5.445
5.480
5.608
5.666
5.735
5.886
6.037
6.130
6.165
6.304
6.444
6.490
6.571
6.687
6.722
6.861
6.896
7.001
7.117
7.175
7.268
7.326
7.465
7.558
7.616
7.697
7.802
7.837
7.883
7.988
8.115
8.231
8.266
8.406
8.440
8.545
8.673
8.707
8.789
8.951
9.079
9.230
9.358
9.392
9.520
9.636
9.706
9.741
9.822
9.950
10.054
10.101
10.228
10.356
10.391
10.495
10.542
10.635
10.693
10.751
10.797
10.937
11.088
11.192
11.250
11.320
11.471
11.505
11.633
11.784
11.900
12.051
12.132
12.214
12.272
12.341
12.469
12.643
12.783
12.980
13.073
13.189
13.340
13.386
13.468
13.595
13.630
13.781
13.897
13.955
14.036
14.083
14.199
14.303
14.373
14.512
14.617
14.663
14.756
14.907
15.116
15.256
15.290
15.441
15.476
15.511
15.546
15.662
15.766
15.882
15.964
16.080
16.126
16.161
16.208
16.277
16.417
16.544
16.579
16.649
16.730
16.776
16.823
16.881
17.020
17.136
17.218
17.392
17.554
17.624
17.694
17.821
18.007
18.100
18.158
18.216
18.286
18.321
18.471
18.518
18.611
18.739
18.773
18.855
18.901
18.982
19.145
19.319
19.412
19.458
19.598
19.749
19.876
19.992
20.062
20.190
20.294
20.352
20.410
20.584
20.712
20.747
20.863
21.037
21.142
21.293
21.409
21.676
21.711
21.838
21.966
22.013
22.071
22.129
22.198
22.372
22.407
22.477
22.512
22.558
22.616
22.721
