0.070
0.128
0.313
0.511
0.546
0.673
1.010
1.614
2.775
2.833
3.030
3.181
3.379
3.529
4.307
5.956
6.548
6.711
6.850
6.989
7.187
8.034
8.173
8.278
8.522
8.754
9.067
9.369
9.718
9.857
10.344
10.495
10.658
10.797
11.564
11.610
11.749
11.854
12.040
12.190
12.504
12.632
13.084
13.259
13.468
13.619
13.735
13.886
14.025
14.234
14.362
14.396
14.524
14.838
14.896
15.197
15.720
15.975
16.312
16.428
16.556
16.602
17.032
17.369
17.810
17.949
18.762
18.797
18.878
19.029
19.064
19.110
19.180
19.238
19.296
19.423
19.458
19.725
19.969
20.619
21.060
21.316
21.827
22.361
