0.186
0.580
1.695
2.078
2.833
3.239
3.576
4.331
4.725
4.876
5.097
5.457
5.828
6.571
6.943
7.326
7.709
8.081
8.824
9.218
9.392
9.474
9.578
9.961
10.333
10.704
11.831
12.214
12.574
12.957
13.328
13.526
13.735
14.454
14.826
14.872
14.988
15.592
15.778
16.324
17.067
17.473
17.601
17.845
18.065
18.576
19.331
20.074
20.155
20.445
20.666
20.840
21.200
21.571
22.326
22.709
23.464
23.661
23.708
23.835
24.126
24.207
24.358
24.961
25.565
25.704
26.088
26.459
27.458
27.504
27.574
27.968
28.340
29.083
29.838
30.209
30.581
30.952
31.335
31.707
32.090
32.450
32.833
33.205
33.599
