0.035
0.360
0.697
1.033
1.347
1.683
1.985
2.020
2.345
2.659
3.007
3.239
3.437
3.669
3.901
4.017
4.319
4.644
4.934
4.969
5.596
5.921
6.235
6.560
6.896
7.221
7.546
7.755
7.872
8.173
8.499
8.684
8.800
8.835
9.149
9.462
9.625
9.810
10.101
10.414
10.762
11.076
11.285
11.401
11.587
11.714
12.040
12.365
12.666
13.015
13.328
13.572
13.665
13.978
14.292
14.629
14.849
14.965
15.081
15.279
15.569
15.615
15.917
16.254
16.579
16.893
17.218
17.543
17.868
18.193
18.530
18.843
19.168
19.505
19.818
20.143
20.422
20.805
21.130
21.386
21.769
22.059
22.094
22.407
22.744
23.034
23.069
23.359
23.684
24.009
24.346
24.683
24.996
25.170
25.321
25.612
25.913
26.250
26.552
26.889
27.225
27.550
27.829
28.177
28.398
28.491
28.816
29.129
29.408
29.466
29.803
