0.035
0.290
0.430
1.103
1.277
1.741
1.869
2.067
2.949
3.355
3.529
3.704
3.878
4.284
4.807
5.387
5.735
6.269
6.432
6.803
7.012
7.384
7.918
8.278
8.986
9.183
9.369
9.892
10.066
10.252
10.426
10.612
10.751
10.948
11.308
11.471
11.923
12.365
12.469
12.701
12.910
13.444
13.479
13.630
13.816
14.350
14.896
15.790
16.161
16.347
16.486
16.625
16.695
16.939
17.206
18.088
18.204
18.471
18.611
19.133
19.493
19.528
20.248
20.596
20.956
21.153
21.316
21.502
22.930
23.301
23.835
24.184
24.369
24.543
24.869
25.078
25.275
25.844
26.308
26.575
26.703
26.854
27.307
27.748
27.783
28.015
28.154
28.294
28.479
28.665
29.048
29.199
29.408
29.547
