0.035
0.279
0.499
0.743
0.859
0.975
1.196
1.428
1.660
1.881
2.113
2.345
2.589
2.705
2.810
3.042
3.274
3.390
3.506
3.727
3.971
4.191
4.423
4.551
4.656
4.783
4.888
5.120
5.236
5.364
5.468
5.584
6.037
6.281
6.502
6.966
7.210
7.442
9.288
9.485
9.718
9.915
10.136
10.495
10.635
10.890
11.122
12.121
12.272
12.736
12.968
13.189
13.410
13.653
13.688
14.257
14.803
15.256
15.743
16.103
16.521
16.858
17.125
17.310
17.450
17.566
17.995
18.228
18.274
18.506
18.959
19.203
19.470
19.760
19.900
20.120
20.248
20.352
20.805
21.037
21.258
21.711
21.745
21.862
21.978
22.187
22.430
22.651
22.895
23.011
23.127
23.348
23.580
23.824
24.033
24.288
24.497
24.741
24.857
24.950
25.112
25.205
25.426
25.670
25.774
25.890
26.122
26.343
26.587
26.703
26.819
27.040
27.272
27.516
27.725
27.968
28.189
28.433
28.549
28.665
28.781
28.886
29.118
29.362
29.571
