0.035
0.104
0.325
0.546
0.580
0.987
1.265
1.416
1.695
1.823
2.252
2.577
2.670
2.914
3.123
3.529
3.762
3.982
4.168
4.377
4.621
4.679
4.830
5.236
5.526
5.689
5.944
6.095
6.293
6.339
6.536
6.966
7.198
7.372
7.651
7.732
7.814
8.243
8.661
9.091
9.509
9.729
9.961
10.170
10.368
10.681
10.844
10.937
11.146
11.238
11.471
11.587
11.691
11.831
12.109
12.341
12.550
12.887
12.968
13.189
13.259
13.827
14.036
14.245
14.559
14.687
14.907
14.988
15.128
15.244
15.464
15.534
15.813
15.975
16.126
16.382
16.834
17.043
17.252
17.438
17.682
17.903
17.995
18.100
18.332
18.553
18.739
18.971
19.400
19.783
19.830
20.039
20.259
20.666
21.119
21.525
21.745
21.966
22.372
22.605
22.709
22.814
23.150
23.255
23.464
23.568
23.615
23.766
23.893
23.986
24.369
24.555
24.811
24.985
25.217
25.414
25.821
26.262
26.622
26.691
26.924
27.121
27.341
27.516
27.550
27.783
27.818
27.992
28.398
28.828
29.257
29.687
