2.125
6.978
9.857
10.519
13.619
13.665
14.814
15.848
18.100
18.413
19.911
19.981
22.361
22.767
27.353
29.222
29.292
32.868
34.795
36.386
38.998
39.172
39.462
39.695
47.090
47.345
47.647
48.007
48.135
48.448
48.576
49.052
50.248
50.399
51.769
54.567
55.565
55.948
56.123
56.239
56.390
57.388
57.469
57.678
57.818
58.120
58.421
58.503
58.909
60.082
60.558
60.674
60.883
61.219
61.254
63.042
63.379
63.948
64.389
64.830
65.155
65.295
65.341
65.434
65.736
66.641
67.291
67.408
67.640
67.791
68.093
68.127
68.301
68.360
68.522
68.801
69.335
69.973
70.206
70.635
70.972
71.088
71.146
71.425
71.854
72.086
72.678
74.699
74.733
75.302
75.767
76.173
76.684
76.986
77.230
77.520
77.648
77.706
78.007
78.124
78.240
78.344
78.495
79.203
79.598
79.737
79.888
80.132
80.179
80.213
80.504
81.003
81.548
81.723
81.816
82.024
82.268
82.303
82.454
82.628
82.872
83.046
83.151
83.476
83.615
83.685
83.870
84.474
85.519
86.100
86.506
86.796
87.168
87.725
87.853
87.934
88.050
88.155
88.259
88.340
88.874
89.327
91.045
91.545
91.870
92.032
93.472
93.518
94.018
95.666
