1.022
1.753
2.461
2.821
3.181
3.831
4.528
4.644
4.934
5.550
6.026
6.316
7.802
8.870
9.590
9.938
11.018
11.366
11.726
12.423
12.527
12.922
13.108
13.212
14.571
14.756
15.279
15.604
17.148
17.438
17.786
18.692
19.563
20.561
21.537
22.593
23.441
24.671
25.414
25.484
25.937
26.157
26.610
27.051
27.272
27.481
27.876
28.444
28.619
28.793
28.967
29.141
29.315
29.687
29.849
30.035
30.221
30.395
30.581
30.755
31.289
31.463
31.649
31.823
31.997
32.171
32.520
32.705
32.879
33.065
33.251
33.425
33.611
34.145
34.319
34.493
34.679
34.853
35.027
35.387
35.550
35.747
35.921
36.095
36.281
36.455
36.989
37.338
37.512
37.698
37.872
38.058
38.232
38.592
38.777
