0.035
0.221
2.972
5.666
8.359
11.088
13.735
16.475
19.249
21.873
22.256
22.454
22.651
22.848
23.046
23.243
23.429
23.824
24.009
24.207
24.590
24.776
24.985
25.356
25.554
25.751
26.157
26.355
26.564
26.947
27.133
27.330
27.736
27.934
28.131
28.537
28.735
28.932
29.315
29.513
29.722
29.931
30.116
30.302
30.511
30.720
30.894
31.092
31.289
31.498
31.672
31.869
32.067
32.461
32.647
32.845
33.239
33.437
33.646
33.855
34.040
34.238
34.447
34.842
35.039
35.236
35.445
35.631
35.828
36.037
36.246
36.409
36.606
36.804
37.024
37.210
37.407
37.616
37.814
37.999
38.197
38.383
38.777
38.975
39.160
39.567
39.776
39.973
