0.864
0.400
0.970
0.910
0.812
0.809
0.857
0.974
0.765
0.965
0.983
0.984
0.750
0.701
0.745
0.915
0.955
0.986
0.968
0.902
0.859
0.867
0.962
0.911
0.857
0.905
0.981
0.984
0.945
0.922
0.929
0.932
0.843
0.912
0.952
0.969
0.919
0.875
0.771
0.939
0.934
0.951
0.908
0.903
0.973
0.896
0.977
0.981
0.896
0.868
0.957
0.940
0.981
0.935
0.953
0.975
0.963
0.971
0.891
0.962
0.886
0.957
0.921
0.921
0.733
0.903
0.962
0.959
0.947
0.935
0.888
0.978
0.631
0.689
0.841
0.562
0.996
0.951
0.692
0.942
0.871
0.714
0.882
0.844
0.942
0.950
0.467
0.952
0.809
0.979
0.977
0.754
1.000
0.987
0.781
0.743
0.947
0.967
0.987
0.891
0.895
0.940
0.944
0.923
0.938
0.900
0.938
1.000
0.950
0.885
0.921
0.917
1.000
0.959
0.960
0.484
0.952
0.935
0.874
0.979
0.993
0.938
0.889
0.987
0.925
0.893
0.905
0.953
0.901
0.854
0.847
0.936
0.874
0.954
0.931
0.939
0.811
0.961
0.800
1.000
0.885
0.896
0.971
0.948
0.946
0.883
0.987
0.645
0.577
0.897
0.448
0.871
0.922
0.905
0.864
0.922
0.605
0.968
0.894
0.800
0.984
0.922
0.934
0.852
0.796
0.913
0.854
0.836
0.897
0.857
0.524
0.945
0.821
0.926
0.909
0.985
0.949
0.957
0.964
0.899
0.923
0.933
1.000
0.676
0.951
