0.180
0.260
0.390
0.700
0.840
0.970
1.270
1.430
1.560
1.860
2.150
2.310
2.440
2.600
2.750
2.890
3.050
3.180
3.320
3.620
3.790
3.910
4.210
4.360
4.490
4.800
4.940
5.090
5.220
5.380
5.670
5.980
6.110
6.260
6.540
6.850
6.990
7.150
7.290
7.450
7.750
8.020
8.330
8.490
8.620
8.910
9.050
9.200
9.360
9.500
9.660
9.800
9.950
10.110
10.240
10.380
10.680
10.840
10.970
11.270
11.550
11.720
11.850
12.010
12.150
12.300
12.460
12.590
12.730
13.030
13.190
13.320
13.620
13.770
13.900
14.210
14.350
14.510
14.630
14.780
15.080
15.380
15.520
15.670
15.950
16.260
16.390
16.550
16.700
16.850
16.990
17.140
17.280
17.430
17.620
17.740
17.890
18.030
18.180
18.320
18.480
18.610
18.830
18.910
19.070
19.210
19.370
19.520
19.620
19.660
19.780
20.090
20.250
20.370
20.680
20.830
20.960
21.130
21.260
21.400
21.560
21.720
22.000
22.140
22.440
22.580
22.730
22.900
23.030
23.170
23.310
23.610
23.690
23.770
23.910
24.050
24.210
24.350
24.490
24.790
25.070
25.380
25.510
25.660
25.820
25.950
26.090
26.270
26.410
26.560
26.710
26.840
27.140
27.300
27.430
27.600
27.730
27.900
28.020
28.320
28.470
28.620
29.050
29.190
