0.190
0.460
0.730
0.990
1.130
1.260
1.520
1.790
2.060
2.320
2.580
2.850
3.110
3.250
3.380
3.640
3.910
4.170
4.440
4.700
4.970
5.230
5.370
5.490
5.760
6.020
6.290
6.550
6.690
6.820
7.090
7.350
7.480
7.620
7.880
8.020
8.140
8.410
8.670
8.940
9.200
9.470
9.610
9.730
10.000
10.260
10.530
10.790
10.940
10.990
11.060
11.320
11.590
11.720
11.860
12.120
12.380
12.650
12.910
13.180
13.440
13.710
13.840
13.970
14.240
14.370
14.500
14.770
14.900
15.030
15.170
15.300
15.440
15.560
15.830
16.090
16.370
16.620
16.890
17.150
17.420
17.680
17.850
17.950
18.180
18.220
18.480
18.740
18.910
19.030
19.140
19.270
19.530
19.770
19.810
20.070
20.200
20.330
20.600
20.860
21.120
21.390
21.650
21.920
22.180
22.450
22.710
22.980
23.240
23.380
23.510
23.640
23.770
24.040
24.300
24.440
24.480
24.570
24.830
25.100
25.370
25.530
25.630
25.890
26.160
26.420
26.690
26.950
27.220
27.350
27.490
27.610
27.710
27.750
28.010
28.270
28.390
28.540
28.670
28.810
29.070
29.330
