0.260
0.310
0.500
0.660
0.820
1.000
1.140
1.180
1.350
1.510
1.690
1.860
2.030
2.200
2.370
2.530
2.710
2.880
2.920
3.030
3.080
3.230
3.410
3.570
3.750
3.920
4.090
4.260
4.450
4.610
4.780
4.960
5.110
5.150
5.300
5.470
5.620
5.660
5.800
5.840
5.950
5.990
6.120
6.320
6.660
6.850
6.890
7.010
7.180
7.370
7.540
7.700
7.880
8.040
8.220
8.380
8.560
8.730
8.910
9.070
9.250
9.410
9.590
9.750
9.920
10.110
10.280
10.440
10.610
10.770
10.950
11.120
11.300
11.470
11.650
11.820
11.990
12.170
12.340
12.500
12.670
12.860
13.020
13.180
13.360
13.520
13.710
13.880
14.050
14.220
14.560
14.740
