0.180
0.230
0.530
0.840
1.020
1.160
1.320
1.480
1.630
1.780
1.930
2.230
2.380
2.710
2.870
3.010
3.340
3.500
3.640
3.810
3.960
4.120
4.280
4.430
4.720
4.890
5.210
5.520
5.740
5.840
6.000
6.080
6.140
6.310
6.460
6.630
6.780
6.890
6.930
7.220
7.380
7.700
7.880
8.010
8.300
8.340
8.510
8.640
8.800
8.940
9.120
9.270
9.410
9.730
9.880
10.180
10.220
10.510
10.670
10.830
11.010
11.140
11.310
11.630
11.780
11.910
12.240
12.390
12.700
13.020
13.320
13.510
13.650
14.130
14.270
14.390
14.440
14.740
14.890
15.050
15.160
15.200
15.630
15.700
15.830
15.980
16.140
16.460
16.550
16.630
16.920
16.980
17.080
17.330
17.390
17.670
17.870
18.010
18.310
18.350
18.510
18.560
18.660
18.820
18.960
19.130
19.280
19.450
19.590
19.750
19.910
20.230
20.540
20.870
21.030
21.180
21.320
21.470
21.660
21.800
21.950
21.990
22.280
22.430
22.700
22.750
23.060
23.390
23.560
23.720
23.880
24.030
24.180
24.330
24.500
24.650
24.810
24.960
25.130
25.280
25.530
25.600
25.920
26.080
26.180
26.230
26.390
26.450
26.720
26.850
26.980
27.300
27.470
27.650
27.780
27.960
28.090
28.430
28.590
28.730
28.900
29.220
29.370
