0.180
0.570
0.900
1.080
1.180
1.230
1.410
1.450
1.490
1.650
1.850
1.990
2.390
2.900
3.050
3.440
3.780
3.820
3.950
4.000
4.350
4.520
4.870
5.240
5.320
5.410
5.760
5.940
6.150
6.300
6.370
6.450
6.600
6.660
6.700
6.830
6.900
7.030
7.380
7.600
7.750
7.910
8.100
8.650
8.800
8.960
9.000
9.150
9.320
9.490
9.530
9.840
10.020
10.190
10.370
10.550
10.700
10.880
11.230
11.400
11.840
11.930
12.090
12.270
12.590
12.640
12.680
12.800
13.170
13.330
13.690
14.040
14.220
14.410
14.620
14.750
14.930
15.100
15.290
15.450
15.630
15.990
16.170
16.320
16.450
16.500
16.750
16.830
17.020
17.360
17.540
17.730
17.990
18.250
18.390
18.810
18.900
19.070
19.260
19.620
19.790
19.910
19.990
20.130
20.330
20.500
20.680
21.230
21.430
21.780
21.920
22.110
22.490
22.630
22.810
22.980
23.020
23.180
23.330
23.520
23.860
24.030
24.210
24.530
24.600
24.780
24.900
25.200
25.270
25.450
25.490
25.930
25.970
26.190
26.320
26.580
26.910
27.030
27.210
27.350
27.390
27.630
27.730
27.870
28.060
28.250
28.400
28.600
28.770
28.810
28.950
28.990
29.110
29.230
