0.190
0.230
0.420
0.520
0.620
0.820
1.010
1.120
1.220
1.320
1.410
1.510
1.610
1.710
1.810
2.010
2.110
2.210
2.310
2.400
2.610
2.700
2.810
2.910
3.000
3.110
3.200
3.310
3.400
3.600
3.700
3.800
3.990
4.190
4.290
4.400
4.500
4.590
4.790
4.890
4.990
5.190
5.290
5.390
5.490
5.590
5.790
5.890
5.990
6.100
6.190
6.290
6.390
6.490
6.580
6.880
6.980
7.180
7.380
7.480
7.580
7.680
7.780
7.880
7.980
8.080
8.170
8.380
8.480
8.570
8.770
8.970
9.070
9.180
9.270
9.360
9.560
9.760
9.960
10.160
10.360
10.550
10.690
10.820
10.960
11.060
11.150
11.250
11.350
11.550
11.650
11.750
11.940
12.150
12.240
12.350
12.450
12.540
12.650
12.740
12.840
12.880
12.940
13.140
13.240
13.340
13.540
13.740
13.840
13.940
14.040
14.140
14.230
14.330
14.430
14.530
14.730
14.830
14.930
15.130
15.330
15.430
15.530
15.640
15.730
15.830
15.930
16.030
16.130
16.330
16.430
16.530
16.630
16.730
16.930
17.030
17.130
17.230
17.320
17.420
17.520
17.620
17.720
17.820
17.920
18.020
18.130
18.220
18.320
18.420
18.520
18.620
18.720
18.820
18.920
19.020
19.120
19.220
19.320
19.420
19.520
19.710
19.810
19.910
20.010
20.110
20.310
20.410
20.510
20.600
20.710
20.800
20.910
21.110
21.210
21.300
21.500
21.700
21.750
21.800
21.860
21.900
21.960
22.000
22.100
22.200
22.300
22.400
22.500
22.700
22.790
22.890
23.090
23.290
23.500
23.590
23.690
23.790
23.890
24.090
24.190
24.290
24.390
24.490
24.690
24.790
24.890
24.990
25.080
25.180
25.280
25.410
25.480
25.580
25.680
25.970
26.070
26.270
26.470
26.570
26.670
26.780
26.870
26.970
27.080
27.180
27.270
27.470
27.570
27.670
27.860
28.070
28.170
28.270
28.380
28.460
28.560
28.660
28.770
28.860
29.160
29.260
