0.180
0.260
0.460
0.690
0.730
0.910
1.120
1.330
1.400
1.550
1.760
1.820
1.950
2.190
2.370
2.410
2.680
2.780
2.950
3.000
3.210
3.280
3.410
3.620
3.810
3.850
4.030
4.070
4.260
4.390
4.450
4.670
4.750
4.890
4.930
5.100
5.290
5.530
5.570
5.610
5.720
5.980
6.130
6.290
6.350
6.570
6.910
6.980
7.210
7.350
7.400
7.620
7.660
7.710
7.810
8.030
8.240
8.450
8.650
8.880
9.070
9.280
9.480
9.690
9.920
10.120
10.330
10.570
10.750
10.830
11.170
11.380
11.500
11.600
11.830
12.020
12.250
12.450
12.510
12.790
12.860
12.950
13.080
13.290
13.500
13.700
13.920
14.120
14.550
14.760
14.970
15.070
15.160
15.380
15.620
15.720
15.810
15.940
16.220
16.450
16.650
16.850
17.060
17.250
17.380
17.480
17.900
18.120
18.180
18.330
18.510
18.750
18.950
19.050
19.170
19.510
19.580
19.790
20.000
20.410
20.630
20.810
20.850
21.130
21.250
21.470
21.680
21.880
22.090
22.310
22.410
22.510
22.840
22.940
23.150
23.260
23.300
23.570
23.650
23.790
23.940
23.990
24.040
24.220
24.310
24.640
24.860
25.050
25.270
25.380
25.470
25.690
25.800
25.880
25.920
26.130
26.180
26.220
26.310
26.520
26.640
26.730
27.120
27.160
27.380
27.550
27.590
27.640
27.780
27.900
27.980
28.140
28.220
28.300
28.410
28.720
28.830
29.060
29.150
29.250
