0.250
0.640
1.010
1.060
1.370
1.730
2.070
2.490
3.110
3.520
3.870
3.910
4.230
4.560
4.610
4.950
5.300
5.350
6.670
6.820
7.100
7.450
7.820
7.880
8.530
9.210
9.250
9.660
9.970
10.320
10.680
11.040
11.410
11.770
12.130
12.480
12.520
12.830
13.190
13.540
13.900
14.270
14.330
14.630
14.690
14.990
15.340
15.390
15.700
16.060
16.410
16.770
17.140
17.200
17.500
17.850
17.910
18.220
18.270
18.570
18.930
18.970
19.280
19.650
19.720
20.000
20.370
20.410
20.720
20.930
21.110
21.440
21.510
21.790
22.150
22.520
22.560
22.890
22.930
23.220
23.260
23.590
23.630
23.960
24.030
24.300
24.620
24.670
25.020
25.380
25.740
25.800
26.090
26.450
26.820
27.170
27.530
27.890
28.250
28.600
28.650
28.990
29.060
29.320
