0.190
0.490
0.810
0.980
1.150
1.240
1.300
1.470
1.640
1.790
1.960
2.120
2.290
2.450
2.630
2.780
2.950
3.110
3.270
3.330
3.430
3.600
3.760
3.930
4.080
4.240
4.550
4.850
4.900
4.970
5.050
5.180
5.380
5.550
5.840
6.160
6.280
6.360
6.510
6.680
6.770
6.860
7.150
7.450
7.600
7.720
7.810
7.990
8.070
8.160
8.480
8.520
8.780
8.950
9.120
9.300
9.470
9.630
9.800
9.960
10.120
10.240
10.290
10.440
10.610
10.780
10.940
11.110
11.260
11.430
11.510
11.590
11.760
11.910
12.080
12.240
12.400
12.560
12.730
12.850
12.900
13.060
13.220
13.390
13.550
13.710
13.870
14.040
14.150
14.210
14.360
14.520
14.690
14.990
15.310
15.460
15.580
15.660
15.830
16.000
16.310
16.670
17.040
17.140
17.210
17.300
17.630
17.980
18.140
18.330
18.440
18.600
18.950
19.280
19.390
19.440
19.530
19.640
19.750
19.910
20.080
20.250
20.400
20.570
20.740
20.890
21.050
21.220
21.380
21.550
21.710
21.880
22.040
22.200
22.370
22.530
22.690
22.850
23.010
23.180
23.350
23.500
23.670
23.840
24.000
24.160
24.320
24.490
24.650
24.810
24.970
25.010
25.150
25.300
25.470
25.620
25.800
25.950
26.120
26.280
26.330
26.440
26.600
26.780
26.930
27.100
27.260
27.420
27.580
27.740
27.910
28.080
28.230
28.400
28.570
28.730
28.890
29.060
29.110
29.210
29.380
