2.280
7.480
15.620
23.970
24.360
28.840
30.120
30.300
30.810
32.250
34.810
35.640
38.540
39.260
39.900
42.700
43.570
44.630
44.960
45.400
47.290
48.680
48.970
49.220
49.460
49.920
50.920
51.050
51.490
56.680
61.900
62.180
62.510
62.790
63.150
64.610
64.740
66.180
66.280
66.430
66.630
67.290
68.700
69.910
70.130
72.200
73.130
75.300
78.330
80.220
80.880
81.690
83.320
84.160
84.400
84.820
84.950
85.060
89.420
89.550
89.680
89.840
89.920
90.050
90.190
90.300
90.420
91.600
92.600
92.890
93.560
94.150
94.460
94.700
94.780
94.880
94.980
95.080
95.190
95.270
95.340
95.430
96.290
96.550
96.640
96.950
100.180
100.480
102.670
103.090
103.490
103.910
105.040
105.730
106.420
107.030
107.410
107.860
107.990
108.250
108.420
108.550
108.590
108.660
109.420
109.500
109.600
110.140
110.750
111.310
111.410
111.540
113.070
114.020
114.700
115.270
115.610
116.530
117.440
118.010
118.180
118.270
118.390
118.490
118.590
119.160
119.630
119.750
119.920
120.000
120.410
120.900
121.220
121.420
121.580
121.630
122.270
122.360
122.850
122.980
123.090
123.200
123.320
123.420
123.510
123.570
123.660
124.280
125.570
125.680
125.900
126.680
127.520
128.100
128.700
129.460
130.180
130.940
131.530
131.680
132.230
133.920
134.200
134.250
134.730
134.780
134.860
136.380
136.900
137.040
137.620
137.770
138.430
138.760
139.280
140.220
140.380
140.590
141.270
141.680
142.500
143.480
143.550
143.610
143.730
143.790
143.850
143.980
144.040
144.100
144.160
144.220
144.280
144.340
144.400
144.460
144.520
144.590
144.650
144.710
144.770
145.200
146.660
147.200
