0.310
0.460
0.660
1.020
2.480
2.710
2.810
3.060
3.720
4.410
4.870
6.180
6.380
6.890
7.390
7.760
8.370
8.480
8.720
9.110
9.590
9.680
9.750
9.830
9.970
10.180
10.400
10.570
10.700
10.820
11.040
11.080
11.550
11.840
12.120
12.440
12.640
12.870
13.070
13.230
13.410
13.580
13.800
14.120
14.470
14.550
14.800
14.980
15.040
15.290
15.790
16.030
16.230
16.730
17.420
17.960
18.230
18.470
18.600
18.720
18.910
19.040
19.080
19.470
19.590
19.730
19.940
20.120
20.260
20.390
20.520
20.710
20.940
21.130
21.500
21.540
22.260
22.470
22.660
22.700
22.950
23.080
23.360
23.500
23.640
23.970
24.020
24.260
24.510
24.620
25.020
25.280
25.600
25.690
25.760
25.890
26.020
26.250
26.500
26.750
26.940
27.080
27.320
27.560
28.150
28.280
28.480
28.560
29.050
29.360
29.510
29.550
30.130
30.230
30.320
30.420
30.520
30.820
30.920
31.120
31.250
31.380
31.500
31.690
31.830
32.150
32.420
32.480
32.570
32.710
32.830
32.990
33.140
33.260
33.470
33.950
34.070
34.180
34.310
34.450
34.630
34.780
34.930
35.030
35.070
35.170
35.240
35.330
35.710
35.850
36.420
36.540
36.670
36.780
36.910
36.950
37.050
37.120
37.160
37.270
37.500
37.680
37.750
37.900
38.020
38.260
38.390
38.460
38.590
38.760
38.870
39.110
39.200
39.360
39.750
39.790
39.950
40.020
40.180
40.240
40.340
40.500
40.640
40.870
40.940
41.030
41.130
41.330
41.570
41.720
42.190
42.310
42.640
42.970
43.120
43.300
43.450
43.560
43.800
44.120
44.290
44.770
44.890
44.990
45.070
45.200
45.460
45.660
46.050
46.240
46.390
46.760
46.870
47.220
47.400
47.650
47.830
48.000
48.080
48.230
48.340
48.700
48.850
49.090
49.260
49.380
49.470
49.580
49.900
49.940
50.020
51.150
51.470
51.570
51.640
51.840
51.970
52.050
52.130
52.380
52.630
53.040
53.140
53.420
53.650
54.110
54.500
54.930
55.080
55.330
55.370
55.590
56.060
56.270
56.310
56.550
56.920
57.040
57.260
57.450
57.600
57.730
57.940
58.270
58.510
58.640
58.810
58.930
59.020
59.100
59.200
59.270
59.400
59.600
59.790
59.900
59.990
60.050
60.160
60.320
60.490
60.640
60.810
60.980
61.220
61.350
61.470
61.710
61.830
62.040
62.150
62.210
62.290
62.340
62.450
62.570
62.690
62.850
63.190
63.430
63.500
63.630
63.680
63.720
63.890
64.100
64.190
64.260
64.420
64.580
64.920
65.320
65.930
66.150
66.190
66.250
66.550
66.650
67.160
67.270
67.360
67.470
67.570
67.610
67.680
67.790
67.880
67.970
68.050
68.600
68.710
69.210
69.310
69.420
69.460
69.540
69.820
69.900
70.470
70.650
70.700
71.050
71.150
71.240
71.400
71.500
71.780
71.870
72.070
72.280
72.510
72.610
72.690
72.790
72.880
72.960
73.100
73.190
73.510
73.710
73.920
74.100
74.350
74.410
74.680
74.950
75.090
75.350
75.560
75.760
75.870
75.960
76.070
76.170
76.470
76.570
76.680
76.780
76.890
76.990
77.090
77.190
77.290
77.400
77.500
77.600
77.700
77.810
77.910
78.010
78.110
78.320
78.420
78.620
78.670
78.850
78.930
79.030
79.120
79.240
79.430
79.530
81.730
82.630
82.970
83.660
84.020
84.990
85.230
85.480
85.650
85.820
85.910
86.160
87.590
87.810
87.860
92.090
92.800
93.970
95.680
95.780
95.870
97.590
97.820
100.630
100.730
107.700
108.110
108.600
108.670
108.770
108.840
109.000
109.410
109.570
109.650
110.140
110.220
110.310
110.390
110.470
110.550
110.630
110.720
110.800
111.210
111.290
111.370
111.450
111.700
111.780
111.860
111.940
112.020
112.100
112.190
112.260
112.340
112.430
112.510
112.590
112.840
112.910
113.000
113.080
113.170
113.250
113.330
113.410
113.500
113.570
113.660
113.740
113.810
113.900
113.980
114.060
114.380
114.470
114.560
114.640
114.720
114.800
114.880
114.960
115.040
115.130
115.200
115.290
115.370
115.460
115.540
115.610
115.690
115.780
115.860
115.940
116.020
116.280
116.340
116.520
116.600
116.680
116.770
116.840
116.930
117.000
117.090
117.170
117.420
117.500
117.750
117.820
117.910
117.980
118.070
118.150
118.240
118.320
118.400
118.480
118.730
118.800
118.890
118.970
119.050
119.130
119.220
119.300
119.550
119.620
119.710
119.780
119.870
119.950
120.040
120.110
120.200
120.280
120.360
120.430
120.520
120.600
120.690
120.760
120.860
120.940
121.020
121.090
121.180
121.260
121.350
121.420
121.510
121.590
121.680
121.750
121.830
121.910
122.000
122.080
122.160
122.240
122.320
122.410
122.490
122.570
122.650
122.730
122.830
122.900
122.980
123.060
123.230
123.310
123.390
123.470
123.550
123.800
123.880
123.970
124.040
124.220
124.300
124.370
124.450
124.530
124.780
124.860
125.190
125.360
125.530
125.850
125.930
126.010
126.180
126.340
126.420
126.500
126.670
126.750
126.830
126.990
127.320
128.240
128.880
128.960
129.040
129.210
129.280
129.590
129.780
129.860
129.920
130.110
130.200
130.260
130.350
130.430
130.520
130.600
130.680
130.760
130.840
130.920
131.010
131.100
131.180
131.240
131.320
131.410
131.510
131.660
131.740
131.810
131.890
132.000
132.150
132.200
132.240
132.310
132.410
132.480
132.540
132.640
132.700
132.800
132.860
132.900
132.940
133.140
133.340
133.460
133.500
133.560
133.640
134.110
134.200
134.290
134.360
134.940
135.090
135.340
135.580
136.000
136.080
136.160
136.330
136.410
136.730
137.220
137.320
137.440
137.890
137.980
138.130
138.240
138.370
138.460
138.560
138.610
138.700
138.770
138.860
138.940
138.980
139.150
139.190
139.340
139.470
139.530
139.590
139.670
139.780
140.000
140.040
140.100
140.290
140.330
140.410
140.490
140.540
140.580
140.650
140.740
140.820
140.900
140.990
141.090
141.150
141.240
141.310
141.410
141.500
141.580
141.670
141.730
141.830
141.920
141.990
142.200
143.080
143.160
143.240
143.570
143.650
143.820
143.900
143.980
144.060
144.140
144.230
144.310
144.390
144.560
144.640
144.720
144.800
144.880
144.970
145.050
145.130
145.210
145.460
145.540
145.620
145.700
145.790
145.870
145.950
146.040
146.110
146.190
146.360
146.440
146.520
146.600
146.690
146.770
146.880
146.980
147.070
147.140
147.210
147.300
147.350
147.390
147.510
147.830
147.910
148.000
148.080
148.160
148.210
148.250
148.290
148.330
148.450
148.530
148.610
148.900
148.960
149.150
149.280
149.550
149.630
149.720
149.760
149.800
149.850
149.890
149.960
150.040
150.130
150.220
150.480
150.750
150.880
150.970
151.030
151.110
151.190
151.570
151.670
152.020
152.260
152.340
152.420
152.550
152.630
152.680
152.720
153.200
153.330
153.430
153.500
153.570
153.860
153.910
154.480
154.550
154.640
154.680
155.150
155.520
155.700
155.780
155.870
155.910
156.020
156.620
156.980
157.110
157.190
157.370
157.730
158.220
158.350
158.450
158.710
159.020
159.330
159.460
159.520
159.960
160.320
160.420
160.580
160.970
161.590
162.040
162.300
162.910
163.280
163.940
165.590
166.000
166.280
166.350
166.920
167.100
167.300
167.490
167.720
167.820
167.980
168.150
168.280
168.330
168.390
168.450
168.510
168.690
168.760
168.810
168.950
169.100
169.310
169.470
169.530
169.580
169.670
169.780
169.850
169.910
169.960
170.020
170.190
170.270
170.330
170.430
170.520
170.620
170.690
170.800
170.850
170.930
170.990
171.060
171.110
171.180
171.260
171.330
171.410
171.510
171.570
171.630
171.670
171.730
171.910
172.000
172.070
172.130
172.190
172.260
172.300
172.370
172.430
172.490
172.650
172.820
172.980
173.140
173.350
174.440
175.010
