0.320
0.450
1.740
2.100
2.400
2.730
3.110
4.490
4.870
4.980
5.030
5.180
5.570
6.230
6.580
6.940
7.270
7.600
7.920
8.250
8.600
8.700
8.950
9.000
9.130
9.290
9.690
10.360
10.690
11.040
11.370
11.710
12.070
12.450
12.790
13.160
13.840
14.150
15.090
15.440
15.780
16.140
16.550
17.020
17.200
17.400
17.760
18.100
18.430
18.770
19.080
19.350
19.430
19.780
20.110
20.470
20.830
21.120
21.300
21.620
22.600
22.930
23.250
23.600
25.520
25.610
25.950
26.250
27.550
27.900
28.200
28.260
28.550
28.850
29.150
29.500
29.590
30.080
30.440
30.750
31.080
31.390
31.710
