0.540
0.770
0.870
1.190
1.540
1.860
2.540
2.820
3.160
3.510
3.810
4.120
4.400
4.460
4.770
5.090
5.410
5.760
6.110
6.390
6.710
7.010
7.690
8.010
8.360
8.690
9.020
9.270
9.320
9.610
9.670
10.010
10.320
10.640
10.980
11.300
11.620
11.940
12.300
12.640
12.960
13.200
13.280
13.610
14.290
14.620
15.290
15.590
15.910
16.260
16.610
16.910
17.240
17.590
17.950
18.250
18.550
18.940
19.320
19.630
19.870
19.940
20.140
20.240
20.290
20.670
21.000
21.310
21.670
22.000
22.290
22.630
22.940
23.300
23.610
23.930
24.300
24.960
25.000
25.590
25.630
25.980
26.300
26.620
26.920
26.980
27.310
27.620
27.980
28.290
28.350
28.990
29.030
29.280
29.550
29.640
