0.737
0.615
0.417
0.472
0.522
0.586
0.816
0.841
0.403
0.688
0.706
0.857
1.000
1.000
0.985
1.000
1.000
0.941
0.773
0.725
1.000
0.632
0.818
1.000
0.720
0.614
0.857
0.333
0.739
0.794
0.309
0.785
0.707
0.578
0.295
0.862
0.286
0.702
1.000
0.733
0.511
0.638
0.210
0.545
0.442
0.273
0.714
0.571
0.131
0.962
0.934
0.878
0.896
0.392
0.478
0.374
0.053
0.086
0.034
0.141
0.644
0.826
0.625
0.868
0.952
0.953
0.974
1.000
0.917
1.000
0.645
0.442
0.458
0.450
0.849
0.833
0.487
0.423
0.800
0.359
0.769
0.651
1.000
0.781
0.938
0.692
0.644
0.366
0.500
0.352
0.930
0.875
0.809
0.932
0.944
0.982
0.704
0.935
0.903
0.968
0.950
1.000
0.934
0.938
0.966
0.754
0.984
0.904
0.898
0.983
1.000
1.000
0.970
0.963
0.951
0.975
0.934
0.965
0.952
0.966
0.901
0.857
0.689
0.957
0.879
0.879
0.845
0.821
0.957
0.925
0.812
1.000
0.961
0.909
0.905
0.939
0.953
0.775
0.940
0.947
0.963
0.969
0.692
0.970
0.880
0.529
0.839
0.892
0.678
0.992
0.939
0.681
0.938
0.971
0.968
0.931
0.971
0.909
0.445
0.786
1.000
0.991
0.719
0.873
0.922
1.000
1.000
0.558
0.990
0.956
0.662
0.982
0.811
0.993
0.964
1.000
0.867
0.833
1.000
0.988
0.292
0.754
1.000
0.648
0.113
0.978
1.000
0.645
1.000
0.962
0.818
0.633
0.758
0.980
0.979
0.994
1.000
0.981
0.953
1.000
1.000
0.833
0.979
1.000
0.971
1.000
1.000
1.000
1.000
0.875
1.000
0.938
0.938
1.000
0.607
1.000
0.667
0.857
0.923
1.000
1.000
0.952
1.000
0.873
1.000
1.000
0.936
0.917
0.789
1.000
0.943
1.000
0.957
0.975
0.947
0.993
0.893
0.882
0.933
1.000
0.969
0.983
0.644
0.981
0.960
0.903
0.957
0.933
0.860
0.823
0.963
0.995
0.968
0.927
0.854
0.816
0.463
1.000
0.949
1.000
0.890
0.936
0.906
0.969
0.992
0.815
0.235
0.417
0.174
0.500
0.958
0.958
0.543
0.863
0.370
0.889
0.919
0.909
0.966
0.978
0.957
0.536
0.688
0.837
0.500
0.978
0.926
0.871
0.320
0.708
0.953
0.411
0.729
1.000
0.982
0.982
0.903
0.224
0.390
0.412
0.971
0.870
0.970
0.267
0.633
1.000
1.000
0.889
1.000
1.000
1.000
0.926
0.061
0.996
0.994
1.000
0.250
0.935
1.000
0.556
0.974
