0.151
0.395
0.430
0.569
0.685
0.836
0.906
1.173
1.219
1.823
1.881
2.067
2.136
2.229
2.473
2.821
3.170
3.495
3.564
4.168
4.377
4.516
4.656
4.795
4.830
5.120
5.155
5.329
5.468
5.793
6.002
6.444
6.780
7.105
7.430
7.639
8.104
8.324
8.580
8.731
9.079
9.416
9.451
9.752
10.089
10.147
10.298
10.553
10.693
10.890
10.995
11.343
11.633
11.668
11.958
12.051
12.190
12.434
12.574
12.783
12.910
13.166
13.224
13.479
13.526
13.677
13.804
13.909
13.978
14.048
14.118
14.176
14.315
14.373
14.420
14.826
14.977
15.058
15.105
15.267
15.592
