0.163
0.244
0.406
0.441
0.569
0.789
1.010
1.115
1.231
1.289
1.370
1.440
1.509
1.625
1.718
1.950
2.043
2.299
2.496
2.694
2.833
2.914
2.961
3.100
3.146
3.297
3.402
3.506
3.576
3.704
3.866
3.959
4.017
4.156
4.272
4.365
4.563
4.725
4.760
4.876
4.957
5.132
5.166
5.236
5.341
5.468
5.561
5.596
5.689
5.770
5.875
5.979
6.188
6.235
6.362
6.571
6.664
6.769
6.873
6.978
7.221
7.326
7.407
7.628
7.814
7.976
8.022
8.197
8.313
8.452
8.603
8.824
8.928
8.963
9.033
9.114
9.242
9.369
9.427
9.462
9.636
9.776
9.810
10.008
10.124
10.228
10.275
10.391
10.472
10.577
10.739
10.902
11.099
11.262
11.297
11.482
11.587
11.691
11.773
11.807
11.912
12.156
12.214
12.353
12.550
12.655
12.748
12.934
13.119
13.235
13.351
13.619
13.886
13.978
14.013
14.118
14.280
14.431
14.640
14.687
14.780
14.826
14.965
15.035
15.209
15.348
15.406
15.523
15.615
15.650
15.708
15.824
15.871
15.929
16.033
16.149
16.242
16.347
16.405
16.451
16.684
16.881
17.090
17.229
17.334
17.450
17.566
17.670
17.775
17.891
17.984
18.100
18.181
18.367
18.495
18.657
18.785
18.924
19.006
19.040
19.180
19.319
19.423
19.621
19.691
19.830
20.027
20.132
20.225
