0.197
0.418
0.662
0.917
1.173
1.428
1.649
1.916
2.148
2.392
2.647
2.879
3.123
3.355
3.390
3.587
3.855
4.087
4.307
4.342
4.563
4.795
5.039
5.271
5.503
5.759
5.991
6.235
6.467
6.699
6.943
7.175
7.430
7.651
7.883
8.115
8.243
8.348
8.382
8.557
8.603
8.847
9.044
9.369
9.520
9.567
9.764
9.799
9.985
10.228
10.461
10.681
10.728
10.913
11.146
11.389
11.610
11.842
12.074
12.307
12.341
12.539
12.574
12.771
13.015
13.050
13.224
13.375
13.410
13.688
13.932
13.967
14.164
14.385
14.629
14.814
14.872
15.070
15.314
15.557
15.766
15.929
16.010
16.208
16.254
16.417
16.498
16.660
16.776
16.962
17.078
17.148
17.206
17.415
17.659
17.740
17.879
18.135
18.332
18.576
18.634
18.808
19.029
19.261
19.493
19.725
19.841
20.143
20.178
20.434
20.654
20.863
21.107
21.281
21.351
21.560
21.780
22.024
22.187
22.245
22.465
22.500
22.709
22.941
23.081
23.208
23.406
23.661
23.847
24.056
24.114
24.195
24.335
24.590
24.636
24.834
25.054
25.101
25.321
25.530
25.774
25.937
26.030
26.146
26.262
26.494
26.726
26.831
26.958
27.086
27.191
27.411
27.643
27.910
28.131
28.177
28.247
28.375
28.607
28.862
28.932
29.083
29.141
29.327
29.420
29.559
29.803
