0.151
0.209
1.335
1.962
2.380
2.426
2.624
2.972
3.146
3.332
3.495
3.657
3.855
4.029
4.203
4.377
4.505
4.656
4.807
4.899
5.074
5.271
5.445
5.619
5.909
6.060
6.235
6.397
6.560
6.699
6.931
8.046
8.417
8.603
8.777
8.963
9.149
9.323
9.497
9.671
9.845
10.019
10.205
10.391
10.577
10.762
11.041
11.262
11.436
11.622
12.005
12.063
12.492
12.690
12.841
12.875
13.038
13.270
13.456
13.630
13.665
13.839
13.990
14.257
14.373
14.420
15.058
15.128
15.197
15.859
16.161
16.335
16.521
16.579
16.684
16.834
16.997
17.043
17.276
17.345
18.100
18.135
18.170
19.145
19.342
19.540
19.714
20.050
20.213
20.376
20.492
20.550
20.968
21.026
21.571
21.711
21.896
22.071
22.245
22.407
22.547
22.686
23.719
23.917
24.114
24.311
24.520
24.718
24.938
25.147
27.852
28.003
28.828
29.118
29.292
29.571
29.629
29.814
29.977
30.140
30.290
30.418
30.581
30.859
31.057
31.161
31.196
31.382
31.544
31.707
32.044
32.276
32.461
32.578
32.879
32.938
33.112
33.669
33.831
34.006
34.180
34.331
34.516
35.376
35.910
36.177
37.013
37.117
37.558
38.081
38.348
38.441
38.626
38.789
39.114
39.265
39.439
39.625
39.787
39.938
40.124
40.240
40.588
40.728
40.867
41.018
41.227
41.401
41.645
41.877
42.063
42.225
42.272
42.400
42.585
42.678
42.736
42.910
43.073
43.236
43.410
43.456
44.246
44.815
45.894
45.987
46.591
46.777
47.067
47.427
47.624
48.007
48.065
48.193
48.530
48.878
49.099
49.261
49.400
49.598
49.772
50.143
50.364
50.399
50.573
50.736
50.794
50.863
51.130
51.304
51.711
51.746
52.071
52.268
52.419
52.582
52.744
52.883
53.046
53.209
53.359
53.522
53.708
53.789
53.835
53.975
54.149
54.184
54.404
54.486
54.764
55.147
55.263
55.449
55.577
55.693
55.867
56.018
56.204
56.355
56.506
56.726
56.959
57.109
57.272
57.411
57.446
57.562
57.702
57.876
58.224
58.270
58.479
58.642
58.805
58.955
59.106
59.257
59.420
59.571
59.675
59.780
60.163
60.372
60.964
61.185
61.347
61.521
61.707
61.893
