0.905
0.333
0.960
0.923
0.929
0.950
0.883
0.720
0.750
0.902
0.966
0.966
0.841
0.808
0.810
0.984
0.891
1.000
0.906
0.828
0.953
0.875
0.960
0.870
0.867
1.000
0.962
1.000
0.918
0.897
0.980
0.982
0.937
0.952
0.946
0.983
0.984
0.909
0.857
0.930
0.941
0.957
0.899
0.886
0.918
0.941
0.952
0.935
0.968
0.923
0.920
1.000
0.907
0.920
0.952
1.000
0.946
0.969
0.870
0.956
0.970
0.827
0.940
0.892
0.826
0.956
0.943
0.876
0.953
0.888
0.878
0.966
0.750
0.821
0.952
0.557
0.990
0.990
0.829
0.973
0.815
0.338
0.933
0.965
0.959
0.978
0.857
1.000
0.869
0.977
0.980
0.750
1.000
1.000
0.759
0.735
0.953
0.995
1.000
0.983
0.987
0.952
0.937
0.929
0.952
0.970
0.933
0.941
1.000
1.000
1.000
0.949
0.960
1.000
0.963
0.652
0.886
0.940
0.905
0.978
0.987
0.962
0.842
0.964
0.986
0.736
0.950
0.965
0.935
0.951
0.809
0.949
0.900
0.967
0.936
0.951
0.887
0.894
0.487
1.000
0.976
0.931
0.983
0.973
0.952
0.564
0.997
0.790
0.629
0.649
0.739
0.903
0.939
1.000
0.967
0.956
0.917
0.968
0.981
0.750
0.964
0.872
0.978
0.688
0.824
0.872
0.702
0.896
0.961
0.721
0.647
0.979
0.640
0.906
0.864
0.969
0.906
0.884
0.978
0.925
0.997
0.919
1.000
0.793
0.975
