0.010
0.080
0.130
0.200
0.250
0.460
0.530
0.580
0.810
0.930
1.170
1.280
1.330
1.380
1.520
1.620
1.680
1.870
1.920
1.970
2.200
2.250
2.320
2.670
2.720
2.780
2.830
3.000
3.090
3.260
3.310
3.360
3.600
3.650
3.710
3.760
3.960
4.070
4.120
4.170
4.260
4.360
4.410
4.460
4.620
4.670
4.780
4.880
5.020
5.120
5.370
5.470
5.710
5.820
5.870
6.030
6.080
6.270
6.520
6.580
6.730
6.890
6.940
7.150
7.220
7.350
7.480
7.590
7.650
7.710
7.830
7.880
7.930
8.040
8.090
8.180
8.290
8.410
8.460
8.530
8.620
8.730
8.850
8.900
8.980
9.200
9.250
9.330
9.460
9.540
9.590
9.690
9.740
9.790
9.940
9.990
