0.010
0.060
0.180
0.290
0.340
0.490
0.600
0.660
0.900
1.060
1.170
1.380
1.460
1.660
1.750
1.800
1.930
2.040
2.090
2.310
2.360
2.420
2.470
2.580
2.660
2.710
2.910
3.200
3.250
3.390
3.470
3.520
3.740
3.790
3.840
4.040
4.240
4.340
4.390
4.440
4.530
4.610
4.760
4.810
4.860
4.910
4.960
5.090
5.190
5.470
5.530
5.670
5.770
5.820
5.970
6.070
6.190
6.340
6.390
6.550
6.660
6.710
6.850
6.950
7.000
7.150
7.270
7.320
7.490
7.540
7.710
7.830
7.880
8.100
8.400
8.450
8.670
8.720
8.880
8.990
9.040
9.090
9.160
9.220
9.270
9.400
9.480
9.550
9.830
9.880
