0.010
0.080
0.210
0.360
0.470
0.600
0.670
0.800
0.960
1.120
1.410
1.460
1.720
1.880
2.010
2.190
2.240
2.310
2.480
2.620
2.760
2.810
2.870
2.950
3.060
3.210
3.300
3.350
3.420
3.520
3.800
4.110
4.260
4.400
4.610
4.720
4.850
4.900
5.010
5.150
5.310
5.370
5.440
5.600
5.680
5.730
5.920
6.050
6.210
6.260
6.380
6.500
6.680
6.810
6.870
6.950
7.000
7.120
7.260
7.410
7.570
7.750
7.870
8.010
8.090
8.320
8.610
8.910
9.050
9.200
9.510
9.670
9.810
9.960
10.070
10.200
10.270
10.400
10.560
10.720
11.010
11.060
11.310
11.490
11.610
11.790
11.840
11.910
12.080
12.220
12.360
12.410
12.460
12.550
12.660
12.810
12.940
13.020
13.120
13.400
13.710
13.870
14.000
14.210
14.310
14.470
14.530
14.610
14.760
14.900
14.950
15.040
15.200
15.310
15.520
15.650
15.810
15.910
16.090
16.280
16.410
16.470
16.540
16.710
16.860
17.010
17.160
17.310
17.450
17.610
17.700
17.800
17.880
17.930
18.030
18.080
18.200
18.250
18.380
18.520
18.570
18.670
18.720
18.770
18.820
18.910
18.960
19.010
19.110
19.160
19.270
19.320
19.390
19.440
19.580
19.660
19.740
19.840
19.960
20.010
20.190
20.260
20.310
20.480
20.600
20.700
20.780
20.900
20.950
21.000
21.080
21.200
21.340
21.390
21.480
21.530
21.610
21.660
21.790
21.840
21.990
22.040
22.090
22.140
22.210
22.280
22.360
22.410
22.500
22.590
22.710
22.850
22.900
23.000
23.120
23.180
23.230
23.310
23.460
23.510
23.600
23.820
23.890
23.940
24.000
24.080
24.150
24.220
24.360
24.450
24.520
24.600
24.670
24.720
24.800
24.880
24.970
25.130
25.200
25.400
25.540
25.730
25.790
25.860
25.940
26.000
26.050
26.150
26.200
26.290
26.340
26.450
26.580
26.630
26.760
26.810
26.880
26.930
26.980
27.030
27.080
27.200
27.250
27.300
27.410
27.460
27.530
27.640
27.690
27.770
27.820
27.980
28.110
28.240
28.290
28.410
28.530
28.590
28.720
28.870
29.010
29.060
29.140
29.190
29.310
29.380
29.470
29.600
29.720
29.910
