0.010
0.140
0.250
0.360
0.470
0.590
0.700
0.810
0.920
1.030
1.150
1.260
1.370
1.480
1.590
1.710
1.810
1.930
2.040
2.150
2.270
2.380
2.490
2.600
2.710
2.830
2.940
3.050
3.160
3.270
3.390
3.500
3.620
3.720
3.770
3.830
3.950
4.060
4.170
4.280
4.390
4.510
4.610
4.730
4.850
4.960
5.060
5.180
5.300
5.400
5.510
5.630
5.740
5.850
5.960
6.070
6.190
6.290
6.410
6.520
6.630
6.740
6.860
6.970
7.080
7.200
7.260
7.310
7.420
7.520
7.600
7.650
7.740
7.860
7.970
8.080
8.190
8.310
8.420
8.530
8.640
8.760
8.860
8.980
9.090
9.200
9.310
9.430
9.540
9.650
9.760
9.880
9.980
10.110
10.210
10.320
10.430
10.550
10.650
10.780
10.880
11.000
11.100
11.220
11.330
11.450
11.550
11.660
11.770
11.890
12.000
12.110
12.220
12.340
12.440
12.560
12.670
12.790
12.890
13.010
13.120
13.240
13.340
13.460
13.560
13.690
13.790
13.910
14.010
14.140
14.240
14.300
14.360
14.460
14.580
14.680
14.800
14.910
15.030
15.130
15.250
15.350
15.480
15.580
15.700
15.810
15.930
16.030
16.150
16.250
16.370
16.470
16.600
16.700
16.820
16.920
17.040
17.150
17.260
17.370
17.490
17.590
17.720
17.810
17.940
18.040
18.170
18.270
18.390
18.490
18.610
18.720
18.840
18.940
19.060
19.160
19.210
19.280
19.390
19.500
19.610
19.730
19.830
19.990
