0.200
0.250
0.680
0.920
1.360
1.460
1.590
1.810
1.860
2.020
2.460
2.540
2.700
2.750
3.080
3.130
3.180
3.230
3.370
3.580
3.780
3.830
3.940
4.250
4.300
4.490
4.920
4.970
5.170
5.380
5.430
5.600
5.850
6.000
6.050
6.230
6.290
6.500
6.710
6.760
6.940
7.150
7.330
7.820
7.870
7.920
8.050
8.500
8.620
8.730
8.960
9.160
9.460
9.620
9.850
10.050
10.270
10.510
10.720
10.840
10.940
10.990
11.400
11.630
12.070
12.260
12.310
12.530
12.580
12.760
13.120
13.200
13.250
13.430
13.810
13.860
14.000
14.050
14.140
14.250
14.310
14.380
14.440
14.490
14.610
14.660
14.800
14.900
15.040
15.090
15.140
15.260
15.380
15.560
15.660
15.790
15.880
15.930
16.020
16.070
16.200
16.280
16.400
16.450
16.540
16.650
16.750
16.880
16.990
17.040
17.110
17.170
17.310
17.420
17.470
17.530
17.660
17.800
17.950
18.210
18.310
18.390
18.480
18.630
18.820
18.970
19.050
19.270
19.400
19.490
19.540
19.590
19.670
19.720
19.780
19.910
20.040
20.140
