0.010
0.170
0.560
0.940
1.140
1.330
1.530
1.610
1.730
1.920
2.110
2.190
2.240
2.290
2.340
2.500
2.690
2.740
2.870
2.920
3.090
3.150
3.260
3.350
3.480
3.610
3.660
3.870
3.940
4.070
4.460
4.560
4.610
4.660
4.740
4.790
4.850
4.990
5.040
5.110
5.160
5.440
5.500
5.620
5.760
5.820
5.880
5.980
6.030
6.130
6.310
6.380
6.430
6.480
6.560
6.610
6.790
6.990
7.060
7.180
7.370
7.570
7.680
7.760
7.850
7.960
8.150
8.340
8.530
8.730
8.940
9.010
9.060
9.130
9.210
9.330
9.490
9.540
9.590
9.710
9.910
10.100
10.300
10.410
10.460
10.670
10.760
10.890
10.950
11.080
11.160
11.310
11.480
11.660
11.860
12.060
12.130
12.250
12.300
12.460
12.660
12.710
12.760
12.830
12.950
13.030
13.120
13.170
13.230
13.290
13.340
13.420
13.620
13.810
13.870
14.000
14.090
14.200
14.380
14.580
14.770
14.880
14.930
14.980
15.170
15.350
15.430
15.560
15.730
15.780
15.830
15.950
16.140
16.340
16.530
16.730
16.930
17.130
17.200
17.320
17.390
17.690
17.890
18.080
18.290
18.350
18.460
18.550
18.650
18.700
18.770
18.870
19.060
19.270
19.420
19.480
19.530
19.650
19.850
