0.020
0.070
0.120
0.230
0.290
0.400
0.450
0.640
0.700
1.000
1.120
1.180
1.240
1.460
1.560
1.640
1.790
1.940
2.230
2.280
2.330
2.500
2.570
2.690
2.760
2.850
2.920
3.010
3.080
3.210
3.350
3.400
3.450
3.500
3.550
3.660
3.830
3.880
3.990
4.080
4.160
4.220
4.270
4.350
4.400
4.460
4.670
4.750
4.800
4.900
4.990
5.040
5.090
5.140
5.190
5.320
5.420
5.480
5.650
5.720
5.770
5.830
5.880
5.950
6.040
6.220
6.270
6.320
6.370
6.420
6.530
6.630
6.680
6.840
6.950
7.000
7.120
7.200
7.280
7.330
7.550
7.600
7.670
7.910
8.200
8.340
8.500
8.550
8.820
9.050
9.130
9.190
9.330
9.440
9.620
9.700
9.750
9.810
9.860
9.910
9.970
10.050
10.120
10.200
10.350
10.510
10.610
10.660
10.810
10.960
11.010
11.110
11.160
11.270
11.320
11.550
11.600
11.870
12.040
12.180
12.360
12.470
12.520
12.750
12.800
12.860
13.070
13.240
13.390
13.530
13.580
13.690
13.960
14.010
14.270
14.470
14.580
14.630
14.730
14.800
14.900
