0.010
0.180
0.380
0.580
0.790
0.980
1.190
1.380
1.590
1.780
1.980
2.180
2.380
2.580
2.790
2.980
3.190
3.380
3.580
3.780
3.990
4.180
4.390
4.580
4.770
4.820
4.980
5.190
5.240
5.390
5.440
5.490
5.610
5.790
6.000
6.170
6.390
6.590
6.790
6.890
6.990
7.190
7.390
7.590
7.790
7.990
8.190
8.390
8.590
8.790
8.990
9.190
9.390
9.590
9.790
9.980
10.190
10.310
10.400
10.590
10.660
10.800
10.990
11.190
11.390
11.590
11.700
11.800
12.000
12.190
12.400
12.590
12.740
12.800
12.990
13.090
13.200
13.400
13.600
13.780
13.990
14.190
14.400
14.470
14.590
14.790
14.990
15.170
15.220
15.390
15.520
15.600
15.790
15.870
16.000
16.200
16.400
16.560
16.610
16.660
16.800
16.990
17.200
17.250
17.400
17.590
17.800
17.940
18.000
18.200
18.250
18.410
18.600
18.660
18.730
18.990
19.200
19.340
19.390
19.600
19.800
20.000
20.090
20.200
20.400
20.600
20.800
21.000
21.200
21.400
21.600
21.800
22.000
22.200
22.400
22.600
22.800
23.000
23.200
23.400
23.590
23.690
23.790
23.890
23.990
24.090
24.190
24.290
24.390
24.480
24.590
24.690
24.780
24.890
24.990
25.090
25.200
25.290
