0.320
0.370
0.740
1.160
1.210
1.580
2.000
2.060
2.420
2.840
3.260
3.420
3.680
4.100
4.520
4.570
4.930
5.360
5.770
5.820
5.930
6.200
6.610
6.660
7.030
7.450
7.870
8.290
8.340
8.710
9.130
9.180
9.550
9.970
10.040
10.130
10.390
10.810
11.100
11.230
11.650
12.070
12.910
13.100
13.520
13.610
13.710
13.760
13.960
14.010
14.160
14.330
14.380
14.440
14.590
14.640
14.790
14.850
14.900
14.990
15.040
15.250
15.410
15.490
15.580
15.840
15.890
16.000
16.080
16.130
16.270
16.320
16.610
16.680
16.900
16.970
17.070
17.120
17.230
17.370
17.520
17.640
17.790
17.940
17.990
18.240
18.290
18.360
18.610
18.790
18.840
19.180
19.260
19.440
19.620
19.670
19.930
20.290
20.470
20.620
20.690
20.820
20.880
21.050
21.110
21.200
21.330
21.380
21.480
21.560
21.640
21.750
21.870
21.920
22.140
22.190
22.240
22.310
22.360
22.430
22.710
22.760
22.870
22.970
23.040
23.120
23.170
23.250
23.410
23.550
23.600
23.860
24.000
24.070
24.130
24.300
24.400
24.600
24.660
24.710
24.760
24.830
24.990
25.100
25.220
25.270
25.510
25.620
25.670
25.890
25.940
26.030
26.080
26.300
26.350
26.400
26.470
26.520
26.600
26.680
26.740
26.790
26.900
26.950
27.090
27.170
27.330
27.380
27.620
27.760
27.880
28.030
28.120
28.190
28.430
28.480
28.540
28.600
28.710
28.870
29.020
29.440
29.500
29.700
29.750
29.830
29.880
29.980
30.030
30.140
30.280
30.370
30.490
30.610
30.680
30.730
30.810
