0.010
0.060
0.230
0.350
0.440
0.680
0.820
0.990
1.120
1.170
1.220
1.430
1.480
1.630
1.790
1.990
2.100
2.220
2.270
2.570
2.650
2.730
2.890
3.040
3.220
3.370
3.420
3.530
3.700
4.020
4.170
4.350
4.440
4.550
4.650
4.810
4.930
5.040
5.130
5.240
5.330
5.440
5.560
5.660
5.710
5.760
5.810
5.910
5.970
6.030
6.080
6.200
6.250
6.560
6.620
6.680
6.730
6.840
6.890
6.970
7.070
7.140
7.190
7.240
7.350
7.470
7.690
7.790
7.850
7.980
8.110
8.190
8.280
8.440
8.490
8.610
8.800
8.930
8.980
9.110
9.260
9.380
9.430
9.500
9.570
9.680
9.760
9.900
10.010
10.200
10.250
10.300
10.350
10.400
10.530
10.690
10.740
10.860
11.040
11.090
11.180
11.230
11.310
11.370
11.590
11.680
11.780
11.840
11.970
12.050
12.120
12.270
12.450
12.780
12.890
12.950
13.000
13.090
13.210
13.310
13.410
13.460
13.740
13.800
13.910
14.060
14.240
14.330
14.380
14.510
14.560
14.610
14.660
14.760
14.860
15.010
15.060
15.190
15.280
15.330
15.430
15.500
15.570
15.620
15.730
15.780
15.830
15.920
15.980
16.030
16.100
16.150
16.200
16.280
16.450
16.530
16.620
16.710
16.760
16.810
16.890
16.970
17.080
17.150
17.200
17.250
17.300
17.380
17.480
17.530
17.580
17.680
17.830
17.880
17.930
18.030
18.200
18.320
18.480
18.530
18.630
18.720
18.770
18.850
18.970
19.020
19.160
19.340
19.390
19.490
19.650
19.700
19.830
19.880
19.970
20.120
20.210
20.470
20.600
20.750
20.800
21.080
21.130
21.270
21.350
21.410
21.540
21.590
21.710
21.760
21.810
21.920
22.060
22.220
22.270
22.340
22.450
22.560
22.690
22.760
22.860
23.030
23.190
23.280
23.350
23.460
23.510
23.640
23.690
23.820
23.870
24.010
24.190
24.370
24.470
24.560
24.640
24.720
24.820
24.900
25.010
25.140
25.270
25.470
25.550
25.620
25.730
25.800
25.870
25.920
25.970
26.070
26.210
26.260
26.350
26.410
26.520
26.580
26.650
26.750
26.850
26.900
26.950
27.020
27.080
27.140
27.190
27.240
27.290
27.340
27.410
27.550
27.670
27.720
27.850
28.010
28.150
28.230
28.280
28.350
28.470
28.520
28.650
28.760
28.820
28.930
29.000
29.140
29.780
