0.010
0.080
0.130
0.250
0.300
0.460
0.510
0.590
0.640
0.690
0.870
0.920
0.970
1.050
1.100
1.270
1.440
1.490
1.540
1.660
1.710
1.800
1.880
1.930
2.060
2.110
2.240
2.290
2.360
2.460
2.630
2.680
2.840
2.940
2.990
3.100
3.220
3.270
3.370
3.450
3.500
3.640
3.730
3.820
3.870
4.030
4.080
4.210
4.260
4.460
4.540
4.640
4.690
4.740
4.840
4.890
5.010
5.060
5.220
5.270
5.380
5.430
5.480
5.610
5.660
5.790
5.840
5.910
6.010
6.190
6.240
6.400
6.620
6.670
6.760
6.810
6.860
6.930
6.980
7.050
7.180
7.230
7.350
7.400
7.580
7.760
7.810
7.940
7.990
8.040
8.150
8.200
8.360
8.410
8.520
8.570
8.620
8.740
8.790
8.930
8.980
9.050
9.120
9.170
9.220
9.360
9.410
9.540
9.590
9.720
9.770
9.840
9.910
9.980
10.090
10.140
10.310
10.450
10.510
10.560
10.690
10.740
10.890
10.940
11.070
11.120
11.270
11.340
11.430
11.480
11.530
11.630
11.710
11.860
11.910
12.000
12.050
12.110
12.280
12.430
12.610
12.660
12.810
12.860
13.020
13.070
13.140
13.200
13.270
13.400
13.450
13.500
13.580
13.630
13.820
13.870
13.920
14.010
14.060
14.180
14.230
14.290
14.360
14.410
14.590
14.640
14.710
14.800
14.850
14.970
15.020
15.150
15.200
15.260
15.360
15.410
15.480
15.550
15.610
15.770
15.820
15.950
16.000
16.180
16.230
16.350
16.400
16.540
16.590
16.740
16.790
17.000
17.070
17.150
17.200
17.320
17.370
17.500
17.560
17.730
17.780
17.850
17.910
17.990
18.110
18.310
18.360
18.460
18.540
18.590
18.660
18.740
18.790
18.920
18.970
19.100
19.150
19.230
19.330
19.380
19.490
19.550
19.720
19.770
19.890
19.940
20.000
20.130
20.220
20.280
20.330
20.500
20.550
20.690
20.740
20.930
21.110
21.260
21.310
21.360
21.500
21.700
21.780
21.830
21.880
21.930
22.100
22.150
22.300
22.350
22.490
22.540
22.640
22.700
22.810
22.880
23.080
23.180
23.290
23.340
23.490
23.550
23.680
23.730
23.850
23.900
24.070
24.180
24.250
24.300
24.460
24.510
24.610
24.700
24.750
24.850
24.900
24.960
25.070
25.140
25.250
25.460
25.510
25.640
25.770
25.830
25.900
26.030
26.080
26.160
26.210
26.260
26.410
26.460
26.640
26.690
26.790
26.840
26.950
27.000
27.050
27.180
27.230
27.380
27.430
27.540
27.590
27.640
27.750
27.810
27.950
28.010
28.180
28.230
28.360
28.420
28.530
28.580
28.720
28.770
28.870
28.920
28.990
29.040
29.140
29.250
29.300
29.520
29.640
29.720
