0.010
0.060
0.110
0.160
0.240
0.320
0.460
0.580
0.630
0.790
0.900
0.950
1.210
1.260
1.390
1.530
1.580
1.660
1.730
1.780
1.930
1.980
2.070
2.220
2.350
2.720
2.870
2.980
3.100
3.220
3.310
3.410
3.460
3.520
3.580
3.760
3.810
3.880
3.950
4.070
4.460
4.730
4.860
4.910
4.970
5.220
5.270
5.340
5.770
6.070
6.610
6.730
6.780
7.070
7.120
7.230
7.790
8.000
8.520
8.570
8.640
8.730
8.790
8.940
9.210
9.270
9.510
9.650
9.700
9.750
9.870
9.920
9.990
10.130
10.230
10.350
10.720
10.770
10.880
11.030
11.450
11.590
11.640
11.820
11.870
12.190
12.550
12.600
12.910
12.960
13.060
13.140
13.280
13.330
13.630
14.000
14.370
14.420
14.600
14.750
14.820
14.930
15.110
15.160
15.470
15.520
15.840
16.190
16.550
16.920
17.310
17.360
17.450
17.680
17.780
18.030
18.080
18.410
18.460
18.760
19.140
19.190
19.320
19.490
19.870
19.920
19.970
20.600
20.650
20.710
20.960
21.010
21.690
21.740
21.790
22.060
22.420
22.480
22.810
23.170
23.220
23.280
23.460
23.510
23.570
23.620
23.770
23.890
23.940
24.110
24.210
24.270
24.410
24.500
24.610
24.680
24.730
24.780
24.830
24.940
24.990
25.130
25.240
25.350
25.630
25.710
25.770
26.080
26.140
26.350
26.460
26.510
26.700
26.810
26.950
27.160
27.210
27.260
27.310
27.410
27.540
27.600
27.660
27.810
27.900
28.050
28.100
28.150
28.270
28.450
28.640
28.740
28.980
29.030
29.080
29.230
29.350
29.420
29.490
29.690
29.740
