0.010
0.120
0.170
0.310
0.400
0.570
0.660
0.760
0.810
0.880
1.000
1.120
1.230
1.390
1.450
1.700
1.800
1.880
1.990
2.050
2.140
2.190
2.340
2.460
2.550
2.690
2.800
2.970
3.040
3.090
3.170
3.230
3.340
3.440
3.550
3.620
3.870
3.920
4.030
4.100
4.210
4.260
4.330
4.490
4.540
4.590
4.690
5.040
5.130
5.290
5.340
5.410
5.470
5.640
5.750
5.830
5.960
6.010
6.130
6.210
6.290
6.390
6.440
6.510
6.590
6.760
6.830
6.940
7.050
7.250
7.500
7.590
7.780
7.900
7.950
8.070
8.130
8.370
8.420
8.670
8.850
8.900
8.950
9.070
9.150
9.280
9.450
9.530
9.680
9.730
9.860
9.910
9.960
10.260
10.370
10.510
10.620
10.670
10.860
10.920
11.000
11.160
11.250
11.360
11.470
11.590
11.640
11.750
11.810
11.860
12.000
12.100
12.250
12.340
12.390
12.480
12.560
12.690
12.790
12.840
12.890
12.940
13.010
13.200
13.250
13.430
13.620
13.800
13.850
13.900
13.980
14.130
14.310
14.380
14.510
14.660
14.710
14.800
14.900
14.950
15.060
15.120
15.250
15.750
15.800
15.850
15.900
15.950
16.010
16.260
16.320
16.590
16.650
16.760
16.810
16.880
16.970
17.020
17.180
17.230
17.290
17.360
17.490
17.640
17.710
17.790
17.860
17.930
17.980
18.040
18.120
18.220
18.270
18.330
18.420
18.470
18.550
18.690
18.780
18.860
18.910
19.000
19.110
19.300
19.480
19.670
19.720
19.830
19.940
19.990
20.110
20.160
20.350
20.590
20.640
20.720
20.800
21.010
21.630
21.710
21.950
22.010
22.120
22.340
22.390
22.470
22.660
22.740
22.810
22.860
23.000
23.110
23.170
23.280
23.380
23.430
23.520
23.590
23.640
23.720
23.910
24.040
24.120
24.200
24.270
24.340
24.510
24.600
24.710
25.140
25.610
25.660
25.710
25.770
25.820
25.870
25.990
26.050
26.130
26.280
26.350
26.420
26.480
26.550
26.680
26.900
26.960
27.040
27.120
27.170
27.580
27.710
27.820
27.880
27.950
28.080
28.130
28.200
28.440
28.490
28.600
28.680
28.730
28.890
29.020
