0.010
0.510
0.700
0.800
1.070
1.120
1.800
2.100
2.150
2.230
2.330
2.560
2.820
3.060
3.190
3.290
3.430
3.560
3.670
3.780
3.830
4.090
4.140
4.240
4.330
4.380
4.660
4.760
5.090
5.170
5.260
5.320
5.420
5.510
5.740
5.900
6.440
6.580
6.700
6.860
7.030
7.250
7.450
7.890
8.030
8.240
8.380
8.680
8.760
9.010
9.260
9.500
9.640
9.770
10.150
10.260
10.390
10.570
10.650
10.700
10.840
11.260
11.310
11.470
11.560
11.840
12.050
12.200
12.400
12.540
12.600
12.770
12.880
13.000
13.100
13.210
13.340
13.690
13.870
14.040
14.230
14.340
14.410
14.510
14.600
14.650
14.780
14.940
15.110
15.260
15.440
15.590
15.640
15.750
15.930
16.080
16.240
16.390
16.440
16.530
16.690
16.740
17.120
17.190
17.390
17.550
17.640
17.730
17.890
18.020
18.070
18.150
18.320
18.370
18.490
18.600
18.660
18.840
18.930
19.070
19.210
19.290
19.430
19.680
19.750
20.050
20.150
20.330
20.450
20.620
20.900
21.090
21.260
21.360
21.520
21.670
21.890
21.960
22.110
22.490
22.550
22.700
22.770
22.900
23.010
23.060
23.130
23.610
23.710
23.790
23.880
23.960
24.070
24.120
24.570
24.790
24.940
25.060
25.160
25.210
25.290
25.390
25.470
25.560
25.670
25.720
25.820
25.890
26.070
26.180
26.240
26.290
26.450
26.680
26.780
26.910
27.000
27.100
27.150
27.210
27.340
27.640
27.730
28.280
28.400
29.040
29.090
29.220
30.090
30.290
30.420
30.470
30.910
31.150
31.220
31.320
31.460
31.550
31.660
31.720
31.840
31.990
32.510
32.560
32.810
32.920
32.970
33.040
33.160
33.320
33.390
33.570
33.620
33.720
33.770
33.820
33.890
34.090
34.210
34.300
34.380
34.430
34.630
34.690
34.770
34.860
34.910
35.070
35.190
35.240
35.300
35.440
35.500
35.640
35.700
35.750
35.810
36.050
36.120
36.350
36.410
36.460
36.510
36.720
36.780
36.910
36.960
37.050
37.200
37.260
37.310
37.360
37.510
41.760
42.480
42.800
43.120
43.500
49.170
49.400
49.730
49.800
49.900
49.950
50.010
50.160
50.230
50.350
