0.010
0.060
0.170
0.220
0.270
0.420
0.660
0.710
0.760
0.840
0.910
0.980
1.030
1.120
1.170
1.320
1.400
1.590
1.660
1.710
1.760
1.970
2.050
2.100
2.230
2.280
2.390
2.540
2.600
2.660
2.710
2.810
2.860
3.040
3.090
3.200
3.270
3.320
3.370
3.420
3.510
3.690
3.770
3.890
3.940
4.010
4.060
4.190
4.250
4.330
4.380
4.440
4.530
4.700
4.750
4.860
4.930
5.050
5.370
5.480
5.850
5.960
6.080
6.380
6.430
6.520
6.590
6.650
6.700
6.790
6.900
7.090
7.380
7.680
7.730
8.040
8.220
8.270
8.390
8.540
8.590
8.690
8.750
9.050
9.380
9.680
9.730
