0.010
0.140
0.190
0.280
0.400
0.530
1.010
1.100
1.150
1.200
1.330
1.380
1.430
1.560
1.610
1.950
2.020
2.070
2.340
2.410
2.570
2.800
3.020
3.070
3.440
3.550
4.040
4.350
4.400
4.540
4.850
5.020
5.200
5.320
5.490
5.580
5.830
5.880
6.050
6.350
6.400
6.540
6.610
6.910
7.020
7.110
7.260
7.430
7.490
7.560
7.800
8.000
8.050
8.170
8.270
8.380
8.540
8.940
9.020
9.360
9.860
9.980
10.030
10.130
10.300
10.440
10.550
10.960
11.020
11.070
11.120
11.280
11.380
11.560
12.030
12.080
12.410
12.540
12.710
13.020
13.380
