0.037490
0.498919
0.633409
0.750914
0.858919
0.981912
1.106878
1.521164
1.629327
1.739531
1.878307
2.117082
2.531368
2.627286
2.747694
2.860914
3.000914
3.104837
3.655858
4.361980
4.810960
4.910960
5.031912
5.135926
5.268102
5.386470
5.819123
5.917082
6.039531
6.166062
6.280347
6.396674
6.805926
6.922910
7.008919
7.117921
7.259939
7.368919
8.598715
9.031368
9.131368
9.251912
9.366062
9.478307
9.599917
10.017082
10.113000
10.221164
10.337921
10.443613
10.563930
10.951912
11.074225
11.173907
11.275926
11.390914
11.535449
11.939531
12.033409
12.151776
12.274225
12.380914
12.504837
12.917082
13.019123
13.119917
13.246923
13.349917
13.478919
13.870143
13.985926
14.092592
14.205926
14.320914
14.463930
14.861980
