0.376266
0.568919
0.784429
1.008919
1.213000
1.408919
1.621164
1.833409
2.048919
2.290551
2.498715
2.688919
2.906878
3.106878
3.302796
3.486470
3.698715
3.947694
4.168102
4.358919
4.558919
4.748919
4.951776
5.151776
5.351776
5.584429
5.764021
5.968102
6.188919
6.368919
6.555858
6.768102
6.988919
7.221164
7.413000
7.608919
7.808919
8.018919
8.196674
8.413000
8.598919
8.825245
9.041572
9.257898
9.429327
9.628919
9.813000
10.041572
10.238919
10.482388
10.706878
10.908919
11.088919
11.288919
11.482388
11.698715
11.898715
11.990415
12.151776
12.351776
12.548919
12.723204
12.928919
13.123204
13.233409
13.355858
13.608919
13.996674
14.245653
14.438919
14.608919
14.818919
15.028919
15.208919
15.408919
15.613000
15.818919
16.028919
16.208919
16.478307
16.672139
16.861980
17.057898
17.338919
17.576266
17.768919
17.988511
18.178919
18.355858
18.572184
18.798919
19.017082
19.184429
19.392592
19.604837
19.828919
20.041572
20.249735
20.445653
