0.237490
1.429327
3.519123
4.825245
6.115041
7.061980
10.017082
11.290551
12.155858
12.939531
13.886470
20.792592
24.204112
24.993590
25.821164
26.851186
27.176266
27.682388
29.057082
31.088828
31.738987
33.793953
34.525381
37.567195
37.973545
38.263794
38.565653
38.821073
39.192592
41.444928
42.722025
44.927921
46.123749
48.238919
49.560302
55.179531
57.678919
58.592864
60.972910
62.017808
62.493817
62.958919
64.748919
64.920302
65.108919
65.338261
65.535449
68.931368
69.804837
70.351776
71.502796
71.959939
72.425245
74.204837
74.792592
75.372184
75.927286
79.664973
80.117762
80.570551
