0.100
0.180
0.240
0.340
0.460
0.560
0.710
0.800
0.920
1.020
1.080
1.150
1.250
1.380
1.470
1.620
1.710
1.840
1.930
2.000
2.070
2.170
2.300
2.390
2.540
2.630
2.760
2.850
2.920
2.980
3.090
3.210
3.310
3.450
3.540
3.670
3.760
3.830
3.900
4.000
4.130
4.220
4.370
4.460
4.590
4.680
4.750
4.820
4.920
5.040
5.140
5.280
5.370
5.510
5.600
5.670
5.730
5.830
5.960
6.060
6.200
6.290
6.420
6.510
6.580
6.650
6.750
6.880
6.970
7.110
7.210
7.340
7.430
7.560
7.660
7.790
7.890
8.120
8.250
8.340
8.410
8.480
8.580
8.710
8.800
8.940
9.040
9.170
9.260
9.330
9.400
9.500
9.620
9.720
9.860
9.960
10.080
10.180
10.240
10.310
10.410
10.540
10.630
10.780
10.870
11.000
11.090
11.170
11.230
11.330
11.460
11.550
11.690
11.790
