0.010
0.200
2.950
5.650
8.340
8.460
11.060
13.710
16.450
19.220
21.850
22.230
22.430
22.620
22.820
23.010
23.210
23.410
23.620
23.800
23.980
24.180
24.380
24.560
24.750
24.960
25.160
25.330
25.520
25.730
25.930
26.130
26.320
26.540
26.740
26.920
27.100
27.310
27.710
27.910
28.110
28.510
28.710
28.900
29.100
29.290
29.490
29.700
29.900
30.090
30.280
30.480
30.690
30.870
31.060
31.260
31.460
31.650
31.840
32.040
32.260
32.430
32.480
32.620
32.820
33.030
33.220
33.410
33.620
33.830
34.020
34.210
34.430
34.640
34.820
35.010
35.210
35.420
35.600
35.800
36.010
36.210
36.390
36.580
36.780
36.990
37.180
37.380
37.590
37.790
37.970
38.170
38.360
38.580
38.750
38.800
38.950
39.140
39.360
39.530
39.740
39.950
