0.099884
0.170292
0.321312
0.470292
0.762129
0.901925
1.023353
1.040700
1.324374
1.348864
1.455031
1.531947
1.611766
1.890405
2.052945
2.191721
2.420292
2.479612
2.622333
2.697299
2.742288
2.771312
3.059068
3.082537
3.127435
3.343761
3.542741
3.621743
3.730587
3.811108
3.862650
3.924374
3.966210
4.161607
4.200791
4.339680
4.364170
4.493761
4.725394
4.784578
4.924374
5.082537
5.372333
5.516210
5.653489
5.849884
5.935031
5.971312
6.062129
6.141108
6.232537
6.503920
6.672333
6.739680
6.808682
7.031517
7.091675
7.243761
7.312129
7.384578
7.668251
7.774374
7.831517
7.961108
8.110451
8.239612
8.521312
8.542922
8.834578
8.975394
9.119272
9.379476
9.407866
