0.045870
0.267185
0.381108
0.630496
0.730859
0.970292
1.092220
1.122333
1.322333
1.452129
1.682877
1.820292
2.058047
2.160337
2.181517
2.430496
2.541721
2.562333
2.761108
2.881607
2.894668
3.071721
3.141381
3.160247
3.251675
3.518251
3.608682
3.622333
3.881517
3.962786
4.010678
4.212401
4.322696
4.348864
4.535598
4.560088
4.681517
4.714532
4.922061
5.030904
5.050904
5.293761
5.411108
5.624464
5.742015
5.759068
5.964170
6.002945
6.120791
6.352945
6.441517
6.459068
6.489680
6.714170
6.841721
6.907367
7.072809
7.191721
7.410950
7.550904
7.789725
7.911108
8.161244
8.270292
8.291857
8.500836
8.621290
8.807049
8.842741
8.972492
9.015190
9.191630
9.341721
9.581517
9.701018
9.941721
