0.100904
0.132537
0.252945
0.417231
0.549884
0.720292
0.849884
0.882537
0.999884
1.160088
1.298864
1.451925
1.483557
1.614170
1.751925
1.765598
1.830496
1.904986
1.980496
2.052945
2.137843
2.201925
2.285598
2.360088
2.435598
2.498864
2.572492
2.652945
2.736619
2.800904
2.875394
2.950904
3.028183
3.110088
3.184578
3.252945
3.274374
3.401925
3.559068
3.700904
3.853966
4.003966
4.151925
4.313149
4.450904
4.493761
4.607027
4.633557
4.761108
4.899884
4.931517
5.056006
5.075394
5.218251
5.350904
5.514170
5.656006
5.679476
5.801925
5.958251
6.101925
6.121312
6.256006
6.274374
6.411108
6.550904
6.719272
6.849884
7.150904
7.437072
7.673353
7.750904
8.046823
8.304986
8.349884
8.647843
8.949884
9.248864
9.400904
9.562129
9.677435
9.703966
9.829476
9.850904
9.950632
