0.172129
0.261108
0.547843
0.759068
0.841154
0.871630
0.909068
1.130496
1.331517
1.421653
1.494215
1.700292
1.911108
1.991993
2.052945
2.254986
2.289680
2.431721
2.488659
2.589680
2.632537
2.858387
3.074374
3.132673
3.414215
3.451947
3.691403
3.990360
4.189181
4.258047
4.274805
4.296573
4.550542
4.760972
4.824374
4.866210
5.102015
5.338569
5.412582
5.485145
5.707027
5.767231
5.903104
5.991630
6.042424
6.280428
6.326868
6.521312
6.567775
6.782560
6.892741
7.098932
7.133761
7.179476
7.480610
7.801335
8.110451
8.383557
8.696755
9.027639
9.320791
9.608047
9.883875
9.921607
