0.140201
0.237639
0.488659
0.521312
0.603149
0.839703
0.951925
1.195258
1.301199
1.352945
1.540655
1.643693
1.883149
1.999884
2.222333
2.341743
2.577435
2.695802
2.742288
3.038342
3.275394
3.309068
3.390700
3.624646
3.753807
3.981653
4.093399
4.165190
4.371312
4.466369
4.670995
4.709068
4.812129
4.884328
5.033807
5.170292
5.378455
5.402945
5.511267
5.730405
5.853761
5.885689
6.051131
6.083557
6.471312
6.550904
6.911721
6.956006
7.162786
7.230995
7.270292
7.297752
7.622832
7.888410
7.963875
8.040791
8.200428
8.310088
8.551630
8.661108
8.901381
9.013127
9.246052
9.274374
9.360700
9.380292
9.559068
9.611108
9.712628
9.741721
9.961108
