0.083603
0.136619
0.185190
0.230496
0.256006
0.281517
0.311108
0.340700
0.363693
0.389816
0.419566
0.482696
0.632900
0.749000
0.902106
0.942015
0.992809
1.024737
1.053966
1.285598
1.309181
1.576415
1.599430
1.624827
1.659249
1.788818
1.869362
1.886052
2.057027
2.171312
2.471630
2.644782
2.789680
2.933852
3.055031
3.236437
3.356165
3.366324
3.409068
3.652220
3.943761
4.123149
4.141721
4.234170
4.523693
4.579476
4.808138
5.096823
5.283557
5.307027
5.392741
5.676415
5.723353
5.958047
6.250904
6.423353
6.552945
6.779476
6.843761
7.118251
7.414170
7.692741
7.983557
8.005961
8.032083
8.169272
8.223353
8.283557
8.569272
8.591721
8.692741
8.781517
8.865099
9.150904
9.432537
9.721312
9.883557
9.982537
10.012129
