0.099566
0.378455
0.480496
0.610405
0.741018
0.858569
0.989181
1.114170
1.242741
1.501471
1.611766
1.872990
1.987639
2.225644
2.359158
2.621312
2.729476
2.988659
3.104986
3.374374
3.490700
3.756006
3.872333
4.132537
4.233557
4.499884
4.622333
4.874374
4.997843
5.238659
5.370292
5.634578
5.746823
5.999884
6.120292
6.389680
6.500904
6.752945
6.871312
7.012129
7.142741
7.250904
7.503966
7.620292
7.880496
8.011108
8.263149
8.378455
8.635598
8.748864
9.011108
9.132537
9.391721
9.513149
9.749884
9.882537
