0.059068
0.352945
0.549453
0.630496
0.658047
0.914170
1.136619
1.150904
1.210088
1.412945
1.448864
1.494782
1.720292
1.781517
1.831517
2.041721
2.092741
2.120292
2.313149
2.330496
2.358047
2.398864
2.567231
2.642741
2.700904
2.932537
3.013149
3.257027
3.541925
3.630496
3.780496
3.842741
4.120292
4.199884
4.402945
4.430496
4.492741
4.721312
4.771312
4.950904
5.022333
5.232537
5.247843
5.291721
5.350904
5.492741
5.609068
5.881517
6.053966
6.197843
6.461834
6.771335
7.063149
7.093761
7.250904
7.352900
7.644782
7.690700
7.840700
7.943557
8.156891
8.232356
8.411108
8.460201
8.531517
8.812854
8.850587
9.114170
9.173353
9.331517
9.400904
9.591721
9.711108
9.900904
9.983557
