0.103195
0.171312
0.225394
0.314351
0.466006
0.505190
0.609680
0.679340
0.765689
0.783829
0.908047
1.039975
1.063149
1.079158
1.359068
1.389680
1.638614
1.808410
1.935394
2.043512
2.183557
2.208954
2.241721
2.350451
2.507911
2.538659
2.960088
3.088659
3.361970
3.389544
3.419272
3.494759
3.650768
3.668183
3.686619
3.960088
4.241721
4.279476
4.373489
4.519272
4.539680
4.613149
4.653966
4.739680
4.822333
4.860088
5.067185
5.136845
5.209408
5.281970
5.358886
5.435802
5.517072
5.648864
5.754986
5.865190
5.966210
6.070292
6.194782
6.924374
6.999884
7.124374
7.152945
7.711108
7.986369
7.999430
8.288659
8.573399
8.595167
8.851925
8.861108
9.133580
9.174374
9.273625
9.359249
9.441721
9.462129
9.711108
9.727435
9.994170
10.007956
