0.096301
0.235984
0.546551
0.690224
0.829544
1.131403
1.302650
1.433263
1.452129
1.735122
1.890405
2.028455
2.202424
2.337208
2.496845
2.638523
2.791176
2.948365
3.089136
3.227004
3.534668
3.700111
3.828455
3.988909
4.135485
4.284963
4.424374
4.730496
4.879975
5.032356
5.183285
5.338569
5.618659
5.630269
5.930678
6.075802
6.232537
6.512628
6.537299
6.827548
6.962514
7.138478
7.275984
7.438478
7.747639
8.029181
8.335394
8.631449
8.936210
9.078478
9.223557
9.386097
9.535576
9.682151
9.834532
9.992718
10.150904
10.290224
10.429544
10.735757
10.898433
11.033263
11.336573
11.628455
11.799521
11.934487
12.097027
12.238478
12.388455
12.548455
12.678478
12.828455
13.134668
13.298478
13.428455
13.735485
13.883512
14.021381
14.333399
14.472718
14.636709
14.755712
14.919703
15.225916
15.535031
15.672900
15.829634
15.964600
16.106823
16.132945
16.273716
16.427548
16.562514
16.728455
16.878478
17.028365
17.172038
17.330224
17.472446
17.628455
17.816392
17.938297
18.058478
18.102288
18.203875
18.231449
18.386732
18.536210
18.692945
18.825009
19.052854
19.139929
19.296664
19.438478
19.598478
19.753807
19.910542
20.028455
20.194986
20.337208
20.488455
20.608455
20.628455
20.942378
21.093308
21.228274
21.398478
21.530133
21.543195
21.668455
21.838478
21.998478
22.144011
22.278478
22.374759
22.428455
22.709997
22.736120
22.868455
23.029272
23.200519
23.336936
23.478478
23.508455
23.626415
23.934850
24.010315
24.088455
24.238478
24.378478
24.538569
24.683693
24.828455
25.140836
25.431086
25.741653
25.870814
26.028455
26.178478
26.311993
26.339566
26.465825
26.638478
26.780746
26.948455
27.088455
27.228455
27.533943
27.698478
27.835802
27.988455
28.128455
28.271176
28.298478
28.428455
28.573036
28.738478
28.888455
29.038478
29.343648
29.484419
29.629544
29.803966
29.935757
