0.232537
0.383557
0.698455
0.928455
0.948455
1.388455
1.428455
1.618455
1.828455
2.048455
2.298455
2.488455
2.718455
3.108455
3.138455
3.168455
3.388455
3.608455
3.818455
3.840700
4.278455
4.508455
4.908455
4.958455
5.188455
5.398455
5.428455
5.618455
5.868455
6.018455
6.068455
6.258455
6.308455
6.728455
6.758455
6.968455
7.178455
7.358455
7.408455
7.537208
7.848455
7.881154
8.068455
8.528455
8.628455
8.758455
8.978455
9.198455
9.418455
9.638455
9.868455
10.298455
10.538455
10.758455
10.948455
10.998455
11.432356
11.658455
12.088455
12.328455
12.568455
12.778455
13.228455
13.448455
13.838455
13.858455
14.068455
14.116210
14.273898
14.288410
14.468455
14.486619
14.501925
14.938455
15.098455
15.168455
15.397843
15.588455
15.818455
16.048455
16.228455
16.393761
16.458455
16.678455
16.760088
16.908455
17.128455
17.338455
17.538455
17.558455
17.678455
17.768455
17.969272
17.979476
17.986619
18.206777
18.421312
18.640700
18.658455
18.867095
19.078455
19.298455
19.508455
19.698455
19.723353
19.908455
19.958455
20.161108
20.175394
