0.190700
0.241721
0.300904
0.363149
0.428455
0.697843
0.885598
1.018455
1.298455
1.418455
1.488455
1.562424
1.688455
1.822197
1.838455
1.968455
2.098455
2.254668
2.408455
2.528455
2.668455
2.697299
2.818455
2.962877
3.098455
3.228455
3.528455
3.638455
3.718455
3.798455
3.928455
3.987458
4.087594
4.108455
4.218455
4.341562
4.356074
4.501199
4.648455
4.768455
4.908455
4.935122
5.062832
5.208455
5.348455
5.468455
5.477888
5.624464
5.768455
5.888455
5.958455
6.036619
6.168455
6.318161
6.338455
6.448455
6.568455
6.588455
6.718705
6.868455
6.998455
7.136664
7.188909
7.281789
7.438455
7.568455
7.698455
7.709907
7.858455
7.998455
8.108455
8.149634
8.188455
8.268455
8.398455
8.444238
8.558455
8.678455
8.798455
8.820111
8.958455
9.098455
9.158455
9.208455
9.278455
9.358455
9.370133
9.613943
9.798455
9.857752
9.928455
10.078455
10.158455
10.228455
10.338455
10.408455
10.498455
10.618455
10.768455
10.898455
11.038455
11.178455
11.318455
11.448455
11.538455
11.588455
11.629725
11.734215
11.888455
12.008455
12.148455
12.298455
12.438455
12.528455
12.608455
12.698455
12.828455
12.978455
13.118455
13.258455
13.398455
13.548455
13.668455
13.793535
13.818455
14.118455
14.238455
14.378455
14.518455
14.668455
14.768455
14.838455
14.928455
14.973399
15.068455
15.221562
15.352174
15.488455
15.633716
15.778455
15.903648
16.031358
16.048455
16.189544
16.318455
16.358455
16.468455
16.598455
16.619113
16.758455
16.898455
16.961607
17.018455
17.088455
17.168455
17.308455
17.452129
17.578455
17.601607
17.708455
17.730768
17.858455
17.998455
18.118455
18.268455
18.571040
18.708455
18.728455
18.838455
18.993353
19.128455
19.248455
19.308455
19.398455
19.528455
19.576755
19.668455
19.808455
19.938455
20.078455
20.093399
20.228455
20.299476
20.358455
20.498455
20.638455
20.788455
20.918455
21.058455
21.208455
21.348455
21.458455
21.528455
21.618455
21.748455
21.779748
21.898455
22.028455
22.162877
22.238455
22.308455
22.358455
22.448455
22.588455
22.718455
23.018455
23.138455
23.198455
23.288455
23.428455
23.498455
23.568455
23.698455
23.758455
23.848455
23.865190
23.988455
24.129317
24.268455
24.408455
24.538455
24.708455
24.818455
24.968455
25.008455
25.108455
25.248455
25.378455
25.393353
25.448455
25.528455
25.658455
25.805507
25.818455
25.938455
25.968455
26.078455
26.114623
26.138455
26.198455
26.268455
26.358455
26.498455
26.513716
26.638455
26.768455
26.828455
26.918455
27.048455
27.182741
27.455576
27.618455
27.758455
27.917072
28.048455
28.158455
28.188455
28.218932
28.308455
28.438455
28.668455
28.728455
28.858455
28.998455
29.128455
29.154986
29.268455
29.338455
29.428455
29.562786
29.598455
29.718455
29.838455
29.968455
29.988002
