0.105371
0.118455
0.368455
0.635077
0.898455
1.028455
1.168455
1.181517
1.423104
1.688455
1.958455
2.078455
2.219839
2.228455
2.483966
2.745190
3.008455
3.138455
3.278455
3.298455
3.534668
3.798455
4.068455
4.188455
4.330496
4.348455
4.594079
4.858455
5.118455
5.248455
5.388455
5.405326
5.648455
5.914714
6.178455
6.308455
6.445870
6.458455
6.704192
6.968455
7.232446
7.358455
7.496573
7.513988
7.769408
8.038455
8.298455
8.418455
8.568455
8.724328
8.828455
9.038455
9.108455
9.348455
9.518455
9.622333
9.788455
9.888455
10.128455
10.148455
10.320700
10.408455
10.678455
10.882333
10.928773
11.085507
11.198455
11.446868
11.465734
11.730496
11.988455
12.258455
12.520791
12.658455
12.788455
13.048455
13.313172
13.558455
13.574396
13.839975
13.878455
14.105553
14.368455
14.388455
14.638455
14.901925
15.158455
15.428455
15.688455
15.952945
16.218455
16.478455
16.743920
16.878455
17.012129
17.140111
17.258455
17.278455
17.478455
17.538455
17.772854
17.788455
17.958455
18.068455
18.228455
18.338455
18.488455
18.588455
18.618455
18.858455
18.988455
19.128455
19.338750
19.388455
19.628455
19.648455
19.753807
19.916346
20.178455
20.268455
20.308455
20.438455
20.708455
20.968455
21.108455
21.238455
21.383557
21.478455
21.758455
22.028455
22.168455
22.291721
22.550360
22.568455
22.818455
22.838455
23.064102
23.088455
23.178455
23.348455
23.608455
23.873898
24.138455
24.398455
