0.207684
0.270088
0.314351
0.354260
0.390542
0.418455
0.891947
1.000065
1.118455
1.258455
1.519612
1.619022
1.626278
1.866460
1.895485
1.930315
1.948455
1.965145
1.988455
2.008455
2.023195
2.048455
2.071811
2.084873
2.120428
2.138455
2.174850
2.201698
2.240882
2.263376
2.306188
2.338455
2.358455
2.370768
2.390360
2.427367
2.464374
2.478886
2.510088
2.526777
2.563784
2.600065
2.644328
2.661743
2.703829
2.740836
2.780746
2.793081
2.838455
2.874351
2.888455
2.921517
2.943285
2.979566
3.038455
3.081879
3.104374
3.126868
3.219748
3.335122
3.435258
3.513149
3.658455
3.678455
3.818455
4.471449
4.506278
4.572310
4.668455
4.683557
4.850950
5.020020
5.140473
5.288455
5.322605
5.462650
5.625190
6.585916
