0.098455
0.338455
0.598455
0.808455
1.048455
1.278455
1.518455
1.548455
1.748455
1.988455
2.222741
2.468455
2.688455
2.928455
3.158455
3.398455
3.438455
3.628455
3.868455
4.068455
4.098455
4.128455
4.338455
4.558455
4.798455
5.028455
5.277435
5.508455
5.738455
5.968455
6.208455
6.438455
6.668455
6.898455
6.933263
6.955213
6.974170
7.001607
7.023467
7.128455
7.368455
7.478455
7.598455
7.708455
7.818455
8.028455
8.073353
8.288455
8.387639
8.538455
8.563149
8.758455
9.008455
9.218455
9.448455
9.508455
9.698455
9.924374
10.069272
10.158455
10.428455
10.628455
10.868455
11.088455
11.318455
11.388455
11.558455
11.808455
11.924374
12.008455
12.117231
12.248455
12.468455
12.508455
12.638455
12.718455
12.938455
13.148455
13.168455
13.408455
13.638455
13.688455
13.868455
14.108455
14.324374
14.571312
14.789680
15.032537
15.202945
15.268455
15.299884
15.378455
15.508455
15.718455
15.888455
15.948455
16.168455
16.208455
16.418455
16.648455
16.878455
17.118455
17.348455
17.558455
17.803966
17.818455
18.020292
18.036619
18.268455
18.488455
18.668455
18.728455
18.968455
19.083557
19.198455
19.418455
19.658455
19.878455
20.128455
20.338455
20.578455
20.818455
21.058455
21.268455
21.498455
21.548455
21.718455
21.768455
21.968455
21.998455
22.198455
22.438455
22.678455
22.788455
22.901562
22.971222
23.088455
23.128455
23.348455
23.368455
23.588455
23.828455
23.850678
24.050904
24.288455
24.328455
24.528455
24.668455
24.768455
24.808501
24.978455
25.218455
25.438455
25.468455
25.688455
25.898455
26.138455
26.368455
26.608455
26.828455
27.068455
27.098455
27.288455
27.468455
27.534578
27.758455
27.977435
28.088455
28.218455
28.458455
28.668455
28.898455
29.134578
29.368455
29.588455
29.831267
