0.220020
0.456573
0.677163
0.691675
0.928229
1.188002
1.449226
1.669816
1.698841
1.929589
2.163240
2.190814
2.412854
2.661018
2.888864
2.900473
3.135576
3.388093
3.607231
3.865553
4.106460
4.351721
4.475394
4.575213
4.701925
4.813217
4.832083
5.054124
5.299385
5.444510
5.522877
5.544646
5.773943
6.004691
6.248501
6.482151
6.721607
6.971222
7.207775
7.442877
7.669272
7.901471
8.132220
8.249771
8.357163
8.400700
8.470360
8.567594
8.628546
8.734487
8.865099
8.972492
9.059566
9.283059
9.336755
9.532673
9.570405
9.796800
9.995621
10.255394
10.474532
10.700927
10.934578
11.162424
11.400428
11.625371
11.854668
11.999884
12.097027
12.216210
12.321970
12.342288
12.544011
12.580292
12.789272
12.950360
13.059204
13.237707
13.394442
13.424918
13.709362
13.754351
13.964782
14.192628
14.408864
14.642514
14.821018
14.881970
15.083693
15.101108
15.334759
15.580020
15.786097
15.934124
16.041517
16.214215
16.299839
16.442061
16.510269
16.629272
16.667004
16.742469
16.791811
16.971766
17.105281
17.148818
17.221381
17.431811
17.668365
17.746732
17.894759
17.916528
18.134215
18.351902
18.588455
18.642151
18.817752
19.045598
19.279249
19.504192
19.743648
19.759612
19.845235
20.100655
20.161607
20.212401
20.446052
20.666641
20.874170
20.906097
21.122333
21.295031
21.357435
21.579476
21.787004
21.805870
21.868274
22.039521
22.196256
22.276074
22.501018
22.727412
22.968319
23.094578
23.216483
23.348546
23.421108
23.667820
23.866641
23.886959
24.074170
24.127866
24.216392
24.354260
24.371675
24.608229
24.640156
24.847684
25.075530
25.101653
25.330950
25.541381
25.619748
25.796800
25.950632
26.047866
26.062378
26.282968
26.516619
26.743013
26.864918
26.976664
27.101471
27.200156
27.425099
27.657299
27.681970
27.925780
28.146369
28.178297
28.384374
28.636891
28.683331
28.763149
28.874895
28.927140
29.101290
29.339294
29.372673
29.427820
29.575848
29.813852
