0.198455
0.722151
1.708047
1.728455
2.687639
2.708455
3.089680
3.238455
3.498455
3.738455
3.958455
4.008455
4.689680
5.018455
5.718455
6.722333
6.746823
7.698455
7.718455
7.967231
8.001925
8.138659
8.198455
8.730133
9.688455
9.928455
10.688455
11.518455
11.678455
11.693580
12.098455
12.188455
12.268455
12.668455
13.622333
14.620292
14.630496
14.947276
15.438455
15.608455
15.897843
15.960247
16.070542
16.614170
17.593761
17.608047
18.628455
18.646823
19.078455
19.438455
19.568455
19.728455
19.788455
20.067231
20.578455
20.942741
21.558455
22.538455
23.068455
23.488455
23.718455
24.008455
24.058455
24.518455
25.468455
25.674895
26.488455
26.926415
27.306097
27.478455
27.779204
27.970768
28.448455
29.448455
