0.100904
0.122061
0.251947
0.278886
0.486324
0.532764
0.707639
0.848864
0.888455
0.920972
1.039249
1.066823
1.280156
1.307004
1.458455
1.484782
1.705371
1.850496
1.894034
2.049317
2.085598
2.250315
2.269907
2.457027
2.478455
2.653036
2.756074
2.871449
3.045802
3.092038
3.240791
3.287231
3.475394
3.651494
3.675439
3.888773
4.033898
4.067276
4.235621
4.263920
4.469272
4.645598
4.662288
4.858455
4.885054
5.034532
5.059929
5.235598
5.446687
5.605598
5.628093
5.824011
6.022106
6.058455
6.198433
6.236165
6.411766
6.633807
6.769498
6.823920
7.020564
7.198455
7.228455
7.387639
7.413149
7.598455
7.787548
7.831811
7.961698
7.998455
8.180496
8.202945
8.381517
8.418455
8.623353
8.751925
8.773353
8.918455
8.962129
9.008455
9.158251
9.228455
9.378455
9.563149
9.608455
9.728455
9.751925
9.844691
9.928455
10.139294
10.323603
10.534578
10.695122
10.774941
10.908455
11.078455
11.126142
11.188546
11.304986
11.351925
11.459068
11.498455
11.692129
11.877435
11.895802
11.941721
12.028455
12.092673
12.228455
12.452945
12.524374
12.628455
12.671312
12.824102
13.028455
13.068455
13.183557
13.279793
13.422333
13.592741
13.638455
13.863149
14.028455
14.214396
14.265190
14.379839
14.443693
14.603331
14.850043
14.990814
15.038455
15.168455
15.208455
15.378455
15.408455
15.588455
15.757072
15.798455
15.968455
16.008455
16.198455
16.228455
16.357888
16.398455
16.558455
16.588637
16.614759
16.748455
16.788455
16.944192
17.038523
17.178455
17.338455
17.368455
17.508455
17.568455
17.768455
17.788455
17.938297
18.128455
18.338455
18.368455
18.543467
18.568455
18.748455
18.948455
18.998455
19.118455
19.158455
19.338455
19.408455
19.548455
19.728455
19.758455
19.916346
20.138387
20.328455
20.517163
20.718455
20.738455
20.928455
20.958455
21.136845
21.312446
21.350179
21.528455
21.708455
21.738455
21.938455
22.088864
22.122242
22.328455
22.512628
22.709997
22.878455
22.948455
23.103285
23.318455
23.498455
23.711358
23.858455
23.898455
24.081426
24.319430
24.458750
24.499385
24.676437
24.865099
24.898455
25.034895
25.081335
25.248455
25.288455
25.478455
25.508002
25.658455
25.678455
25.868455
26.048455
26.088455
26.208455
26.268455
26.408455
26.458455
26.661743
26.688455
26.805417
26.858455
26.996981
27.037616
27.198455
27.268455
27.387367
27.448455
27.552945
27.608455
27.768455
27.798455
27.848455
28.008455
28.030269
28.194260
28.377117
28.448455
28.548455
28.588455
28.738455
28.948455
29.020020
29.147730
29.320428
29.488455
29.538455
29.578455
29.691947
29.738455
