0.728455
0.838455
1.098455
1.650904
1.785598
1.818455
1.912129
2.036981
2.098455
2.153081
2.248864
2.358455
2.456392
2.569589
2.653761
2.716165
2.838455
3.078455
3.218455
3.305371
3.430179
3.448455
3.517254
3.572401
3.605780
3.688455
3.798455
3.846687
3.916346
4.018455
4.097752
4.158455
4.186278
4.250133
4.358455
4.466369
4.566505
4.678455
4.778455
4.877072
4.988455
5.118455
5.190542
5.208455
5.271811
5.315349
5.428455
5.528455
5.618455
5.675258
5.749272
5.800065
5.928455
6.058387
6.210768
6.348455
6.468455
6.608455
6.728455
6.888455
7.062650
7.280337
7.468455
7.518455
7.878251
8.032083
8.153988
8.268455
8.393444
8.508455
8.585009
8.709816
8.778455
8.847684
8.963784
9.028455
9.301925
9.438455
9.528455
9.567503
9.658455
9.788455
9.876619
9.957888
10.168455
10.278455
10.355530
10.418455
10.589181
10.668455
10.715439
10.851857
10.937480
11.038455
11.288455
11.328455
11.488455
11.570224
11.638455
11.698455
11.851766
12.001244
12.078455
12.218455
12.422106
12.574487
12.674623
12.788455
12.898455
13.014215
13.118455
13.228455
13.358455
13.568455
13.708455
13.898455
14.068455
14.258455
14.358455
14.428455
14.498841
14.558455
14.618455
14.658455
14.788455
14.958455
15.138455
15.288455
15.458455
15.608455
15.648455
15.745462
15.788455
15.848455
15.958455
16.098455
16.258455
16.418455
16.558455
16.718455
16.898455
17.038455
17.132854
17.168455
17.307004
17.396981
17.459385
17.569680
17.668455
17.704646
17.886052
17.908455
18.038455
18.163240
18.198455
18.343195
18.388455
18.499929
18.658455
18.718455
18.858455
18.932401
19.116709
19.218455
19.314079
19.363421
19.438455
19.576755
19.618455
19.691403
19.813308
19.913444
19.988455
20.058455
20.148455
20.582469
20.698569
20.813217
20.898841
21.012038
21.108455
21.208455
21.308455
21.524328
21.678455
21.813127
21.908455
21.978455
22.104827
22.138455
22.220927
22.308455
22.408455
22.486505
22.568455
22.604056
22.694034
22.723353
22.828455
22.898455
23.004986
23.088455
23.115190
23.538455
23.638455
23.788455
23.978455
24.213149
24.468455
24.588455
24.672333
24.780496
25.185598
25.300904
25.418455
25.581517
25.624374
25.752945
25.908455
26.158455
26.258455
26.318455
26.486619
26.604986
26.688455
26.770292
26.808455
26.928455
26.999884
27.072333
27.137639
27.228455
27.318455
27.408455
27.479476
27.588455
27.660088
27.747843
28.193761
28.298455
28.408455
28.584578
28.631517
28.718455
28.860088
29.045802
29.238455
29.521312
29.688455
29.794782
29.881517
29.978455
30.118455
30.298455
30.428455
30.501925
30.662129
30.918455
30.978455
31.068251
31.238455
31.338455
31.478455
31.566210
31.730496
31.818251
32.008455
32.102945
32.248455
32.334578
32.428455
32.522333
32.568455
32.713149
32.830496
32.928455
33.048455
33.178455
33.335598
33.408455
33.522333
33.588455
33.618455
33.738455
33.825394
33.875394
33.944782
34.113149
34.228455
34.300904
34.383557
34.431517
34.509068
34.596823
34.654986
34.708047
34.751925
34.842741
34.931517
35.024374
35.088455
35.198455
35.262129
35.328455
35.401925
35.468455
35.576415
35.652945
35.788455
35.848455
35.985598
36.050904
36.138455
36.208047
36.287639
36.378455
36.499884
36.515190
36.643761
36.795802
36.934578
37.016210
37.088455
37.218455
37.306006
37.472333
41.788455
42.495802
42.854986
43.152945
43.528455
49.198455
49.310088
49.408455
49.540700
49.628455
49.758455
49.928455
50.028455
50.148455
50.228455
50.258455
50.358455
