0.163149
0.307095
0.959068
2.378455
2.604419
2.706006
2.865190
2.959068
3.628455
3.878455
4.126415
4.338659
4.812129
5.869272
6.148455
6.436619
6.878455
7.376120
7.617027
7.758455
8.378455
8.498455
8.735938
9.132129
9.628455
9.790995
9.868455
9.999975
10.238455
10.451312
10.503557
10.628455
10.758455
10.878455
11.094215
11.138455
11.504918
11.628455
11.909816
12.208455
12.514986
12.738455
12.928591
12.978455
13.178455
13.348455
13.528455
13.698455
13.918455
14.248455
14.591721
14.698455
14.948455
15.118455
15.178024
15.431993
15.948455
16.185190
16.408455
16.908455
17.060292
17.198455
17.608455
17.639340
17.949907
18.182106
18.438455
18.688455
18.809045
18.948365
19.138455
19.260383
19.708455
19.839430
19.978455
20.109362
20.188455
20.358977
20.508455
20.648455
20.774034
20.922061
20.965190
21.208455
21.408229
21.592537
21.778455
21.829090
21.948093
22.351539
22.544555
22.759340
22.965417
23.003149
23.389181
23.678455
23.818455
23.968455
24.298455
24.348455
24.582106
24.848455
24.958455
25.198455
25.368455
25.618297
25.825825
25.968455
26.036256
26.120428
26.248455
26.386006
26.618455
26.645780
26.878455
27.138455
27.328455
27.468455
27.710995
27.956256
28.220383
28.568455
28.688455
28.748637
28.908455
28.976483
29.163693
29.478455
29.798455
29.937208
29.983648
30.224555
30.578455
30.688455
30.773127
30.883421
30.973399
31.288455
31.388455
31.587276
31.726596
31.847049
31.978455
32.134396
32.318455
32.648455
32.918455
32.992083
33.078455
33.224283
33.348455
33.508455
33.643693
33.998455
34.488455
34.608455
34.710360
34.840972
34.980292
35.178455
35.322786
35.478455
35.611585
35.775576
35.888773
35.990360
36.132582
36.278455
36.424283
36.598433
36.998455
37.122333
37.250043
37.378455
37.485145
37.528455
37.638455
37.746369
37.865371
38.108455
38.268455
38.368455
38.508455
38.638455
38.746278
38.878455
39.008455
39.084419
39.241154
39.388455
39.495122
39.746188
39.834714
39.865190
39.923240
39.995802
40.175757
40.389090
40.428455
40.608455
40.834623
41.008455
41.165507
41.308455
41.404963
41.528319
41.612492
41.708274
41.822922
42.018455
42.258455
42.418455
42.498455
42.889589
43.018455
43.348455
43.678455
44.018455
44.156528
44.288455
44.528047
44.678455
44.858455
45.056301
45.510542
45.648455
45.744192
45.828455
45.950269
46.226006
46.428455
46.619294
46.828274
47.018455
47.168455
47.324600
47.424737
47.558455
47.655485
47.818455
48.028455
48.208455
48.458455
48.648455
48.770043
48.898455
49.048455
49.158455
49.208455
49.521789
49.688455
49.928455
50.108455
50.214034
50.328455
50.428455
50.745190
50.798455
50.878455
50.888864
51.288455
51.446142
51.707367
51.861199
52.038455
52.363331
52.531675
52.865462
53.038455
53.298455
53.493852
53.548455
53.958455
54.068455
54.348455
54.569226
54.788365
55.043784
55.058455
55.448455
55.714260
56.030632
56.048455
56.275893
56.298455
56.558455
57.048455
57.248455
57.538455
57.790995
57.917254
58.048455
58.268455
58.448455
58.609498
58.748455
58.844600
58.958455
59.046324
59.298455
59.548455
59.668455
59.699385
59.968455
60.047684
60.148455
60.246505
60.318455
60.448455
60.658455
60.848455
60.948455
61.048455
61.228455
61.382832
61.558455
61.716619
61.888455
62.054759
62.088455
62.178115
62.308455
62.446596
62.558455
62.808455
62.928455
63.048455
63.148455
63.308455
63.398455
63.436346
63.558455
63.688455
63.808455
63.939929
63.968455
64.058932
64.318455
64.568455
64.622015
64.818455
64.861471
65.028455
65.235893
65.324419
65.408455
65.578455
65.738455
66.088455
66.270632
66.488319
67.118455
67.368455
67.438455
67.748455
68.368455
68.473625
68.578455
68.688455
68.788455
68.818455
68.898455
69.004782
69.108455
69.198455
69.270360
69.848455
69.948455
70.458455
70.563421
70.698455
70.788455
71.088773
71.162786
71.748455
71.892764
71.988455
72.056755
72.338455
72.436981
72.535666
72.698455
73.088455
73.178455
73.388455
73.587820
73.696664
73.828455
73.920156
74.008455
74.105916
74.208455
74.284419
74.428455
74.518070
74.848455
75.058455
75.268455
75.458455
75.708455
75.770496
76.049136
76.307458
76.458455
76.728455
76.938455
77.048455
77.138455
77.248455
77.348455
77.458455
77.559884
77.796437
77.868455
77.978455
78.088455
78.188455
78.298455
78.398455
78.498455
78.608455
78.708455
78.810859
78.915349
79.028455
79.128455
79.238455
79.338455
79.438455
79.548455
79.758455
79.858455
80.068455
80.120610
80.195349
80.298455
80.381108
80.482696
80.486324
80.566142
80.881789
80.993535
83.227730
84.153625
84.489589
84.839680
85.207027
85.564170
86.558455
86.808455
87.063149
87.239680
87.418455
87.508455
87.758455
89.482537
92.736619
93.799884
94.536619
95.711108
97.232537
97.464170
97.578455
97.668251
99.418455
99.642741
99.787639
99.872333
102.628455
105.316210
105.393761
105.479476
105.566210
105.646823
105.729476
106.151925
106.240700
106.322333
106.400904
106.493761
106.570292
106.983557
107.065190
107.147843
107.235598
107.317231
107.402945
107.478455
107.566210
107.652945
107.733557
107.815190
107.896823
108.321312
108.396823
108.481517
108.562129
108.980496
109.063149
109.144782
109.227435
109.313149
109.392741
109.648864
109.728455
110.149884
110.226415
110.646823
110.726415
110.809068
110.894782
110.977435
111.058047
111.481517
111.556006
111.643761
111.726415
112.145802
112.224374
112.307027
112.396823
112.474374
112.559068
112.642741
112.724374
112.813149
112.890700
113.316210
113.391721
113.475394
113.561108
113.815190
113.892741
113.973353
114.060088
114.142741
114.225394
114.312129
114.394782
114.473353
114.562129
114.641721
114.728455
114.980496
115.057027
115.143761
115.227435
115.315190
115.391721
115.475394
115.561108
115.649884
115.727435
115.815190
115.894782
115.978455
116.061108
116.144782
116.228455
116.481517
116.560088
116.647843
116.734578
116.811108
116.895802
116.980496
117.060088
117.148864
117.227435
117.314170
117.395802
117.479476
117.562129
117.652945
117.732537
117.814170
117.896823
117.977435
118.064170
118.145802
118.227435
118.489680
118.560088
118.651925
118.732537
118.816210
118.896823
118.986619
119.064170
119.156006
119.231517
119.318251
119.401925
119.480496
119.651925
119.732537
119.987639
120.065190
120.154986
120.230496
120.324374
120.404986
120.491721
120.570292
120.656006
120.734578
120.989680
121.068251
121.150904
121.233557
121.321312
121.403966
121.489680
121.571312
121.828455
121.904986
121.986619
122.070292
122.152945
122.234578
122.326415
122.403966
122.491721
122.574374
122.660088
122.731517
122.737639
122.822333
122.904986
122.987639
123.070292
123.164170
123.241721
123.329476
123.403966
123.493761
123.572333
123.656006
123.739680
123.821312
123.910088
123.999884
124.078455
124.160088
124.239680
124.332537
124.408047
124.489680
124.497843
124.570292
124.659068
124.741721
124.838659
124.913149
124.995802
125.076415
125.165190
125.245802
125.331517
125.415190
125.581517
125.665190
125.748864
125.832537
125.914170
125.999884
126.081517
126.171312
126.245802
126.334578
126.414170
126.503966
126.585598
126.665190
126.748864
126.833557
126.917231
126.999884
127.088659
127.168251
127.250904
127.333557
127.418251
127.504986
127.583557
127.671312
127.752945
127.840700
127.920292
128.012129
128.088659
128.173353
128.254986
128.340700
128.417231
128.504986
128.584578
128.672333
128.751925
128.840700
128.923353
129.011108
129.087639
129.177435
129.256006
129.339680
129.422333
129.515190
129.594782
129.677435
129.754986
129.872333
130.692741
131.345802
131.426415
131.512129
131.602945
131.678455
131.759068
131.839680
131.866210
131.929476
132.023353
132.095802
132.177435
132.277435
132.351925
132.408455
132.508047
132.598455
132.683557
132.762129
132.843761
132.931517
133.018455
133.095802
133.178455
133.261108
133.346823
133.431517
133.518251
133.612129
133.680496
133.762129
133.845802
133.932537
134.038455
134.176415
134.268455
134.338455
134.418455
134.528455
134.684578
134.728455
134.769272
134.845802
134.882537
134.967231
135.018455
135.078455
135.183557
135.248455
135.344782
135.403966
135.447843
135.488455
135.604986
135.763149
135.846823
135.900904
136.050904
136.120292
136.201925
136.292741
136.378455
136.436619
136.494782
136.603966
136.688455
136.775394
136.860088
136.938455
137.528455
137.688455
137.938455
138.188455
138.608047
138.688455
138.778455
138.946823
139.028455
139.358455
139.783557
139.863149
139.953966
140.067231
140.135598
140.249884
140.548455
140.638455
140.778455
140.887639
140.982537
141.024374
141.128455
141.220292
141.282537
141.360088
141.438455
141.526415
141.609068
141.650904
141.718455
141.820292
141.887639
142.011108
142.148455
142.218455
142.274374
142.362129
142.477435
142.535598
142.606006
142.692741
142.738455
142.782537
142.854986
142.898864
142.946823
142.996823
143.027435
143.110088
143.195802
143.276415
143.358455
143.448455
143.526415
143.613149
143.696823
143.727435
143.808455
143.877435
143.958455
144.028455
144.120292
144.227435
144.252945
144.333557
144.390700
144.468455
144.500904
144.531517
144.567231
144.649884
144.734578
144.814170
144.907027
144.935598
144.948864
145.840700
145.920292
146.006006
146.343761
146.419272
146.519272
146.596823
146.674374
146.761108
146.841721
146.925394
147.009068
147.089680
147.174374
147.345802
147.427435
147.513149
147.597843
147.675394
147.761108
147.844782
147.927435
148.014170
148.266210
148.347843
148.428455
148.513149
148.595802
148.678455
148.765190
148.847843
148.933557
149.016210
149.186619
149.268455
149.348455
149.428455
149.519272
149.601925
149.813149
149.896823
149.976415
150.058047
150.142741
150.191721
150.226415
150.312129
150.353966
150.471312
150.583557
150.683557
150.771312
150.854986
150.936619
151.021312
151.103966
151.187639
151.303966
151.395802
151.478455
151.773353
151.840700
151.858047
152.024374
152.153966
152.276415
152.443761
152.527435
152.610088
152.653966
152.694782
152.776415
152.862129
152.945802
153.024374
153.110088
153.133557
153.385598
153.657027
153.784578
153.884578
153.953966
154.030496
154.115190
154.498864
154.608455
154.952945
155.050904
155.132537
155.207027
155.240700
155.285598
155.372333
155.443761
155.501925
155.580496
155.638455
155.664170
156.164170
156.289680
156.373353
156.402945
156.462129
156.542741
156.832537
156.894782
157.466210
157.545802
157.628455
157.678455
157.713149
157.799884
157.913149
158.161108
158.528455
158.720292
158.799884
158.881517
158.918455
158.968251
159.047843
159.658455
160.028455
160.144782
160.225394
160.419272
160.788455
160.932537
161.288455
161.421312
161.518251
161.808455
162.108455
162.165190
162.423353
162.544782
162.642741
162.851925
163.058455
163.087639
163.291721
163.419272
163.528455
163.685598
163.969272
164.088455
164.553444
164.728455
165.170224
165.309544
165.453217
165.711539
165.943739
166.190451
166.271721
166.445870
166.696936
167.119249
168.808455
169.589272
169.698455
169.802605
170.168455
170.255394
170.343920
170.497752
170.594986
170.748455
170.825734
170.920065
171.037616
171.076800
171.158070
171.258455
171.340927
171.408455
171.462832
171.548455
171.591993
171.658750
171.715349
171.750179
171.782106
171.845235
171.907639
171.970768
172.031721
172.043331
172.091222
172.224011
172.258455
172.330678
172.383648
172.470723
172.540383
172.623829
172.768455
172.818455
172.875621
172.968455
173.079521
173.157888
173.205780
173.266006
173.328455
173.417662
173.445235
173.503285
173.561335
173.593988
173.648455
173.689771
173.743467
173.765235
173.842151
173.935757
174.009045
174.062741
174.105553
174.175213
174.191176
174.248455
174.295666
174.315258
174.382015
174.423376
174.438614
174.505371
174.524238
174.588455
174.652673
174.668455
174.751358
174.798455
174.848455
174.902288
174.918455
174.968319
175.009680
175.070632
175.132310
175.177299
175.248455
175.260746
175.344918
175.408455
175.468274
175.536483
175.596709
175.658455
175.722242
175.785371
175.850678
176.015394
176.183739
176.352809
176.517526
176.728455
177.434578
177.537639
177.631517
177.732220
177.824374
177.926415
178.026415
178.114170
178.198070
178.242741
178.321312
178.415757
178.504986
178.596823
178.708047
