2.081517
2.288455
4.088455
4.618455
4.744782
4.848455
5.008455
7.971312
8.050904
8.148455
8.248455
8.385598
8.418455
8.673353
8.778455
8.903966
8.978455
9.018251
9.114170
9.201925
9.291721
9.379476
9.461108
9.534578
9.632537
9.670542
9.699884
9.772129
9.846823
9.916210
9.988455
10.059068
10.126415
10.189680
10.258455
10.322333
10.387639
10.448864
10.512265
10.571766
10.631267
10.686415
10.744464
10.803966
10.859113
10.983920
11.078455
11.149362
11.258206
11.368455
11.462832
11.574578
11.666006
11.788455
11.914170
12.034623
12.127503
12.217480
12.308455
12.436619
12.558455
12.698455
12.818455
13.448455
13.543920
13.558455
13.658455
13.748455
13.828365
13.854487
13.964782
13.988455
15.032900
15.118523
15.233172
15.327503
15.408773
15.488455
15.568455
15.639521
15.748365
15.839793
15.948637
16.045870
16.253399
16.343376
16.373852
16.427548
16.517526
16.553807
16.577027
16.718455
16.794714
16.884691
16.957254
17.068455
17.193807
17.250405
17.354895
17.458455
17.550814
17.666913
17.775757
17.868637
18.148455
18.208455
18.254668
18.298206
18.350451
18.380927
18.548455
18.655213
18.748455
18.819204
18.871449
18.925145
19.248773
19.343104
19.448455
19.472265
19.546278
19.611585
19.652220
19.708818
19.798455
19.888773
19.978455
20.052764
20.128229
20.216755
20.312537
20.398455
20.508455
20.648455
20.728455
21.409680
21.501108
21.672356
21.768138
21.847956
21.924873
22.013399
22.084510
22.167231
22.238455
22.378455
22.448773
22.514079
22.646142
22.708455
22.772401
22.831902
22.887049
22.955258
23.016210
23.191811
23.238455
23.530496
23.644600
23.758455
23.886619
23.983557
24.078523
24.153988
24.261381
24.313625
24.661108
25.042151
25.309181
25.960791
26.052220
26.133489
26.217662
26.300383
26.368455
26.462922
26.547095
26.663195
26.728455
26.824283
26.875077
26.938932
27.028455
27.117435
27.208864
27.288682
27.388818
27.464283
27.539748
27.622469
27.686324
27.747276
27.809680
27.867730
28.108455
28.242151
29.629544
29.720972
29.828455
29.902378
30.038795
30.109907
30.248455
30.345009
30.438455
30.546732
30.661381
30.729589
30.818115
30.874714
30.961789
31.021290
31.140292
31.198342
31.263648
31.339113
31.440700
31.494396
31.588455
31.611947
31.708455
31.796256
31.877526
31.960247
32.025553
32.092310
32.151811
32.225825
32.321607
32.404328
32.485598
32.562514
32.640882
32.688455
32.714895
32.780201
32.861471
32.932582
32.948546
33.257662
33.334578
33.453580
33.510179
33.574034
33.767049
33.851222
33.941199
34.032628
34.129861
34.504283
34.605870
34.708455
35.605780
35.938455
35.988455
36.268455
36.543285
36.658455
36.758455
37.518455
37.628455
37.771040
37.833444
37.940836
38.025009
38.099022
38.203512
38.318161
38.413943
38.564873
38.630179
38.749181
38.848455
38.876891
38.948455
39.033625
39.098932
39.193263
39.281789
39.365961
39.445780
39.624283
39.721517
39.796981
39.873898
39.952265
40.046596
40.155439
40.209136
40.308455
40.380383
40.398455
40.558455
40.659022
40.721426
40.898455
40.966687
41.068455
41.178569
41.207594
41.255485
41.322242
41.341108
41.425281
41.503648
41.587820
41.673444
41.758455
41.838455
41.918455
42.008455
42.088455
42.168455
42.258455
42.338455
42.419385
42.508455
42.587730
42.628365
42.671902
42.753172
42.858455
42.957798
43.028455
43.118455
43.227730
43.308455
43.461381
43.504918
43.606505
43.688455
43.848455
44.088319
44.245054
44.337934
44.418455
44.498455
44.588455
44.667367
44.751539
44.829907
44.914079
45.005507
45.082424
45.117254
45.168455
45.268455
45.343648
45.426369
45.539566
45.628093
45.710814
45.802242
45.892220
46.028455
46.101199
46.188455
46.340655
46.419022
46.522061
46.683149
46.781834
46.887775
46.993716
47.078455
47.179476
47.259294
47.320247
47.381199
47.488455
47.598455
47.661290
47.915258
47.997979
48.054578
48.147458
48.241789
48.334668
48.410133
48.546551
48.635077
48.728455
48.830995
48.923875
49.079158
49.158455
49.247503
49.321517
49.407140
49.491312
49.579839
49.669816
49.746732
49.826551
49.915077
50.007956
50.098455
50.189362
50.258455
50.358455
50.428818
50.568455
50.638455
50.698455
50.759703
50.816301
50.875802
50.941108
51.008455
51.068455
51.134124
51.198455
51.258455
51.322786
51.388455
51.448455
51.508455
51.568455
51.638455
51.697208
51.755258
51.881517
51.952628
51.998455
52.048410
52.139839
52.254487
52.335757
52.403966
52.478455
52.578455
52.660836
52.688455
52.772582
52.846596
52.932220
52.980111
53.028455
53.118455
53.208455
53.278455
53.388455
53.429997
53.488455
53.568455
53.654941
53.707185
53.748455
53.778297
53.848455
53.894396
53.928455
53.980020
54.020655
54.118455
54.208455
54.298455
54.379113
54.448773
54.498455
54.588455
54.668455
54.738455
54.838455
54.903013
54.985734
55.096029
55.161335
55.232446
55.316619
55.349997
55.399340
55.479158
55.544464
55.599612
55.662015
55.736029
55.815848
55.888410
55.969680
56.037888
56.158455
56.278455
56.348455
56.450043
56.521154
56.598455
56.688455
56.834623
56.918455
57.078455
57.158455
57.242424
57.319340
57.398455
57.502197
57.578455
57.654578
57.738455
57.828455
57.878455
57.904192
57.975303
58.078455
58.158455
58.242333
58.328455
58.400519
58.480337
58.578455
58.658455
58.738455
58.828455
58.898455
58.978455
59.058455
59.147911
59.228455
59.308455
59.401879
59.488455
59.568455
59.642786
59.728455
59.782106
59.803875
59.883693
59.962061
60.058455
60.138455
60.218455
60.298455
60.388455
60.468455
60.554170
60.648455
60.739929
60.914079
60.996800
61.075167
61.150904
61.222333
61.298864
61.369272
61.412129
61.430496
61.461108
61.495802
61.571312
61.634578
61.695802
61.723353
61.760088
61.796823
61.877435
61.936619
62.007027
62.070292
62.132537
62.195802
62.259068
62.291721
62.318251
62.376415
62.400904
62.434578
62.490700
62.546823
62.645802
62.741721
62.837639
62.930496
63.023353
63.115190
63.206006
63.293761
63.385598
63.469272
63.480496
63.551925
63.608455
63.651925
63.719272
63.738455
63.809068
63.884578
63.954986
63.968455
64.024374
64.038659
64.078455
64.122333
64.198455
64.219272
64.277435
64.338455
64.397843
64.453966
64.501925
64.515190
64.595802
64.718455
64.786619
64.860088
64.908455
65.001925
65.092741
65.161108
65.218251
65.298455
65.398455
65.478455
65.569272
65.658455
65.748455
65.838455
65.917231
65.998455
66.101925
66.533557
66.625394
66.702945
66.791721
66.875394
66.951925
67.032537
67.081517
67.224374
67.287639
67.345802
67.448864
67.568455
67.815190
67.963149
68.040700
68.199884
68.285598
68.378455
68.472333
68.538455
68.627435
68.717231
68.793761
68.882537
68.973353
69.043761
69.124374
69.198455
69.278455
69.351925
69.363149
69.442741
69.528455
69.618455
69.706006
69.787639
69.868455
69.889680
69.969272
70.028455
70.077435
70.108455
70.203966
70.356006
70.446823
70.528455
70.567231
70.635598
70.700904
70.768251
70.833557
70.874374
70.948455
71.048864
71.138455
71.227435
71.282537
71.396823
71.444782
71.477435
71.543761
71.628455
71.708455
71.818455
71.863149
71.924374
71.997843
72.063149
72.098455
72.190700
72.272333
72.444782
72.534578
72.624374
72.648455
73.303966
73.378455
73.414170
73.483557
73.548455
73.604986
73.764170
73.850904
73.974374
74.050904
74.124374
74.194782
74.278455
74.369272
74.456006
74.519272
74.616210
74.706006
74.788659
74.870292
74.944782
74.990700
75.016210
75.089680
75.157027
75.220292
75.253966
75.284578
75.345802
75.454986
75.553966
75.676415
75.773353
75.871312
75.902945
75.975394
76.078455
76.264170
76.350904
76.438659
76.515190
76.603966
76.689680
76.777435
76.863149
76.938659
77.026415
77.101925
77.163149
77.242741
