1.028455
1.208455
1.328455
1.448455
1.568455
1.688455
1.748455
1.808455
1.928455
2.048455
2.158455
2.278455
2.398455
2.458455
2.518455
2.638455
2.758455
2.818455
2.878455
2.998455
3.118455
3.178455
3.348455
3.468455
3.528455
3.708455
3.828455
3.863149
3.883557
4.238455
4.592628
4.833535
4.928455
4.968455
5.135394
5.218455
5.238455
5.277435
5.838455
6.018455
6.198455
6.308455
6.371857
6.728455
7.058455
7.096029
7.444328
7.798455
7.833263
7.984192
8.098455
8.124963
8.163149
8.870904
9.225009
9.422378
9.448455
9.558455
9.582015
9.938455
10.293127
10.658455
10.832990
11.008455
11.368455
11.538455
11.718455
12.083966
12.417752
12.435167
12.795077
12.988455
13.152083
13.191267
13.504737
13.608455
13.689045
13.868455
14.228909
14.397254
14.571403
14.922605
14.938455
15.258455
15.382650
15.584374
15.751267
15.908455
16.158455
16.214215
16.288455
16.373852
16.475439
17.138455
17.348455
17.438455
17.455031
17.678455
17.758455
18.058455
18.368455
18.412854
18.412854
18.663920
18.691494
18.811947
18.890315
18.954170
19.402605
19.558455
19.788455
19.878455
20.038455
20.208455
20.248455
20.558455
20.573761
20.598433
20.935122
21.326959
21.528455
21.728455
21.771040
22.158455
22.238455
22.588455
22.612764
23.033625
23.438455
23.483512
23.628455
23.924691
23.962424
23.962424
24.218455
24.373127
24.466006
24.658455
24.824464
24.928455
25.042151
25.268455
25.409317
25.483331
25.598455
25.848455
25.934668
26.148455
26.368455
26.603693
26.818455
27.043421
27.268365
27.478455
27.674714
27.778455
27.874986
27.978455
28.068455
28.169589
28.253761
28.433716
28.616573
28.784918
28.964873
29.141925
29.318455
29.519249
29.684691
29.848455
30.034442
30.218455
30.308455
30.392900
30.578455
30.668455
30.752809
30.928455
31.018455
31.105462
31.283966
31.468455
31.645326
31.812220
31.988455
32.168455
32.344827
32.366596
32.518455
32.533489
32.698455
32.884691
33.064646
33.246052
33.424555
33.518455
33.603059
33.698455
33.778455
33.865734
33.951358
33.968455
34.135666
34.314170
34.494124
34.672628
34.845326
35.022378
35.044147
35.208455
35.302469
35.382288
35.557888
35.743648
35.914895
36.094850
36.274805
36.454759
36.638455
36.803059
36.978455
37.168455
37.328455
37.508455
37.688455
37.871176
38.054034
38.232537
38.405235
38.593898
38.765145
