0.060088
0.303966
0.388455
0.553966
1.038455
1.128455
1.352945
1.392741
1.545802
1.588659
2.048455
2.078455
2.362129
2.451925
2.563149
2.588455
2.776415
3.048455
3.088659
3.398455
3.553966
3.578455
4.049884
4.381517
4.551925
4.718251
4.868455
5.038455
5.228455
5.338455
5.391721
5.513149
5.578455
5.818251
6.041721
6.072333
6.120292
6.376415
6.392741
6.547843
6.633557
6.928455
7.042741
7.136619
7.458455
7.477435
7.547843
7.818455
8.027435
8.048864
8.177435
8.402945
8.420292
8.556006
8.965190
9.038455
9.388455
9.558455
9.861108
10.003966
10.038455
10.064170
10.128455
10.315190
10.446823
10.558455
11.008455
11.048455
11.066210
11.298455
11.402945
11.578455
11.588659
12.052945
12.080496
12.433557
12.440700
12.562129
13.052945
13.065190
