0.035
0.186
0.313
0.360
0.476
0.685
0.720
1.231
1.451
1.718
1.858
1.974
2.067
2.113
2.380
2.995
3.065
3.100
3.425
3.611
3.820
4.017
4.226
4.389
4.644
4.690
4.865
5.132
5.166
5.317
5.666
5.909
6.258
6.444
7.094
7.384
7.674
7.860
7.930
8.011
8.092
8.394
8.568
8.603
8.766
8.951
9.242
9.625
9.660
9.996
10.124
10.263
10.484
10.820
11.088
11.238
11.680
11.819
11.958
11.993
12.098
12.202
12.376
12.597
12.713
12.864
12.957
13.386
13.688
13.909
14.025
14.199
14.629
14.756
15.023
15.128
15.256
15.314
15.418
15.523
15.940
16.138
16.335
16.672
16.834
17.496
