0.035
0.244
0.372
0.499
0.592
0.894
0.952
1.091
1.324
1.440
1.776
1.846
2.032
2.206
2.368
2.496
2.577
2.624
2.670
2.810
2.891
2.949
3.065
3.204
3.320
3.529
3.878
3.936
4.075
4.284
4.319
4.435
4.551
4.760
4.830
5.039
5.236
5.306
5.341
5.387
5.584
5.712
5.793
6.107
6.142
6.293
6.409
6.490
6.583
6.641
6.734
6.803
6.873
7.012
7.047
7.303
7.430
7.500
7.605
7.697
7.837
8.127
8.173
8.301
8.348
8.522
8.626
8.789
9.033
9.218
9.323
9.392
9.462
9.497
9.532
9.636
9.810
10.031
10.101
10.194
10.414
10.519
10.612
10.716
10.762
10.867
10.913
11.018
11.122
11.227
11.273
11.308
11.343
11.447
11.598
11.633
11.749
11.935
12.098
12.214
12.376
12.562
12.701
12.817
12.945
13.073
13.293
13.526
13.758
13.886
14.060
14.187
14.245
14.373
14.547
14.652
14.814
14.907
15.023
15.244
15.871
16.208
16.347
16.509
16.730
16.811
16.916
17.113
17.380
17.647
18.007
18.390
18.448
18.889
19.064
19.215
19.412
19.516
19.598
19.725
19.760
19.888
19.923
20.120
20.538
20.991
21.420
21.583
22.047
22.256
22.407
22.558
22.721
22.930
23.069
23.197
23.499
23.591
24.764
25.136
25.310
25.345
25.600
25.879
26.239
26.401
26.622
26.807
26.889
26.935
27.202
27.237
27.434
27.585
27.713
27.876
27.957
28.572
29.153
29.362
29.513
29.629
29.756
30.023
30.163
30.407
30.604
30.755
31.022
31.173
31.231
31.579
31.846
31.951
32.508
32.729
32.821
32.868
32.984
33.205
33.321
33.390
33.518
33.657
33.820
33.913
34.226
35.248
35.422
35.550
35.724
36.328
36.479
36.583
36.641
36.827
37.047
37.303
37.651
38.011
38.081
38.174
38.220
38.452
38.557
38.626
38.975
39.230
39.381
39.578
39.683
39.834
39.950
40.112
40.298
40.588
40.647
41.099
41.273
41.378
41.471
41.599
41.749
41.866
42.005
42.179
42.318
42.574
42.690
42.771
43.073
43.178
43.294
43.352
43.468
43.654
43.874
43.944
44.037
44.164
44.222
44.420
44.617
44.664
44.931
45.058
45.105
45.198
45.232
45.314
45.534
45.581
45.708
45.987
46.649
46.869
46.974
47.090
47.183
47.253
47.380
47.438
47.578
47.926
48.007
48.089
48.205
48.286
48.367
48.623
48.820
49.006
49.191
49.296
49.331
49.691
50.143
50.805
51.107
51.490
51.618
51.850
52.396
52.465
53.092
53.185
53.766
54.393
54.532
54.671
54.846
55.391
55.647
55.751
55.832
55.937
56.041
56.169
56.320
56.529
56.657
56.692
56.796
56.889
57.330
57.493
57.585
57.690
57.853
57.957
58.050
58.212
58.387
58.770
58.944
59.199
59.257
59.327
59.362
59.524
59.559
59.699
59.942
60.279
60.453
60.581
60.894
60.964
61.010
61.103
61.301
61.359
61.475
61.812
61.974
62.125
62.229
62.369
62.520
62.555
62.647
62.775
62.914
63.309
63.553
63.704
64.017
64.261
64.528
64.784
64.935
65.144
65.190
65.271
65.318
65.434
65.492
65.538
65.829
65.945
66.026
66.107
66.258
66.583
66.746
66.781
67.013
67.129
67.257
68.209
68.360
68.510
68.569
68.836
69.079
69.172
69.346
69.567
69.962
70.171
70.240
70.310
70.345
70.612
70.774
70.995
71.100
71.483
71.576
71.819
71.912
71.993
72.214
72.260
72.469
72.539
72.678
72.783
72.864
72.934
73.166
73.375
73.503
73.538
73.654
73.886
73.944
74.072
74.490
74.536
74.571
74.699
74.931
74.989
75.059
75.209
75.326
75.476
75.790
75.987
76.127
76.394
76.963
77.903
78.100
78.797
79.226
79.830
80.376
80.620
81.316
82.129
82.826
83.069
83.278
83.348
83.708
84.416
85.008
85.043
85.171
85.229
85.554
86.065
86.262
86.320
86.506
86.622
87.156
87.272
87.481
87.667
87.934
88.178
88.468
88.584
89.153
89.188
89.234
90.906
91.173
91.243
91.359
91.405
91.684
91.788
91.939
92.230
92.833
