0.196674
0.338919
0.459939
0.668102
0.771164
1.042592
1.204837
1.336470
1.433409
1.545653
1.703817
1.824225
1.957898
2.065041
2.345653
3.072184
3.191912
3.294633
3.383409
3.577286
3.786470
3.983930
4.186470
4.414021
4.653817
4.883409
5.126266
5.645653
5.928919
6.235449
6.426266
6.537490
6.823975
7.079327
7.372184
7.648715
7.838919
7.964021
8.076923
8.240914
8.383409
8.506878
8.773930
9.200756
9.631368
9.868102
9.972184
10.465041
10.806878
10.961980
11.063000
11.214021
11.651912
11.805926
11.947694
12.076923
12.175245
12.365041
12.565041
12.686470
12.827286
12.935449
13.365041
13.655858
13.869123
14.000914
14.121164
14.373204
15.487490
16.023204
16.115041
16.328307
16.511980
16.659939
16.797694
16.908919
17.008919
17.085449
