0.149735
0.415041
0.566198
0.682297
0.859939
1.204837
1.871164
2.476039
2.822184
3.174225
3.501776
4.178307
4.378307
4.508919
4.652796
4.814021
5.157898
5.808102
6.446674
6.790551
7.105517
7.455858
8.119123
8.584429
8.747694
9.104837
9.451776
9.751776
10.086379
10.556583
10.700257
11.013726
11.340257
11.658080
11.970098
12.440302
12.586878
12.907604
13.209463
13.505517
13.679327
13.802796
13.908238
13.976266
14.043204
14.109236
14.168102
14.191572
14.228307
14.312411
14.363000
14.429327
15.086470
