0.228307
0.521209
0.808919
1.091549
1.380347
1.404837
1.670597
1.689531
1.785245
1.938511
1.966062
2.254837
2.522184
2.535449
2.833409
3.079327
3.121164
3.414021
3.681368
3.696674
3.994633
4.098715
4.279327
4.577286
4.845653
5.140551
5.431368
5.481368
5.720143
5.990551
6.011980
6.304837
6.511980
6.548715
6.590551
6.597694
6.879327
6.904837
6.978307
7.056878
7.163000
7.271164
7.408919
7.449735
7.486470
7.741572
7.830347
7.894633
7.969123
8.034429
8.103817
8.175245
8.250756
8.320143
8.394633
8.458919
8.531368
8.601776
8.679327
8.749735
8.822184
8.864429
8.900756
8.990551
9.150756
9.194633
9.480347
9.497694
9.632388
9.769123
