0.032388
0.147694
0.186470
0.329327
0.351776
0.482025
0.622796
0.759939
0.910960
1.063000
1.191572
1.335449
1.489531
1.653817
1.766062
1.938511
2.060960
2.223204
2.350756
2.374225
2.471164
2.506878
2.647694
2.663000
2.810960
2.910960
2.928307
2.946674
3.071164
3.233409
3.521164
3.661980
3.807898
3.963567
4.084429
4.255858
4.387490
4.536470
4.649735
4.775245
4.824225
4.955858
5.129327
5.251776
5.406878
5.536470
5.696674
5.823204
5.873204
5.961980
5.982388
6.121164
6.185449
6.282388
6.399735
6.525245
6.582388
6.691572
6.852796
6.980347
7.100756
7.149735
7.273862
7.432388
7.539531
7.574225
7.709939
7.861980
8.139531
8.267966
8.288284
8.432388
8.471164
8.590551
8.711980
8.841209
9.018102
9.154792
9.280347
9.410960
9.449735
9.583409
9.742592
9.875245
