0.026334
0.247649
0.361572
0.610960
0.711322
0.950756
1.072683
1.102796
1.302796
1.432592
1.663341
1.800756
2.038511
2.140801
2.161980
2.410960
2.522184
2.542796
2.741572
2.862071
2.875132
3.052184
3.121844
3.140710
3.232139
3.498715
3.589146
3.602796
3.861980
3.943250
3.991141
4.192864
4.303159
4.329327
4.516062
4.540551
4.661980
4.694996
4.902524
5.011368
5.031368
5.274225
5.391572
5.604928
5.722479
5.739531
5.944633
5.983409
6.101254
6.333409
6.421980
6.439531
6.470143
6.694633
6.822184
6.887830
7.053273
7.172184
7.391413
7.531368
7.770189
7.891572
8.141708
8.250756
8.272320
8.481300
8.601753
8.787513
8.823204
8.952955
8.995653
9.172093
9.322184
9.561980
9.681481
9.922184
