0.041572
0.069123
0.499440
0.531368
0.986470
1.004474
1.031368
1.715041
1.730347
1.941980
1.983409
2.264021
2.417989
2.455858
2.711980
2.890551
2.921164
2.976266
3.190053
3.358919
3.381368
3.584429
3.631368
3.815041
3.864021
4.081368
4.123204
4.274225
4.338511
4.594633
4.741572
4.790778
5.214021
5.246674
5.432229
5.482388
5.700710
5.721028
5.743613
6.001776
6.169123
6.429327
6.639531
6.913953
7.092456
7.156878
7.333409
7.582388
7.813000
8.019803
8.294633
8.493613
8.951504
9.188511
9.240302
9.402842
