0.080030
0.358919
0.460960
0.590869
0.721481
0.839032
0.969644
1.094633
1.223204
1.481935
1.592229
1.853454
1.968102
2.206107
2.339622
2.601776
2.709939
2.969123
3.085449
3.354837
3.471164
3.736470
3.852796
4.113000
4.214021
4.480347
4.602796
4.854837
4.978307
5.219123
5.350756
5.615041
5.727286
5.980347
6.100756
6.370143
6.481368
6.733409
6.851776
6.992592
7.123204
7.231368
7.484429
7.600756
7.860960
7.991572
8.243613
8.358919
8.616062
8.729327
8.991572
9.113000
9.372184
9.493613
9.730347
9.863000
