0.315041
0.627150
0.678307
0.833227
0.873862
0.936266
0.984157
1.039304
1.085744
1.126379
1.175721
1.222161
1.268601
1.309236
1.361481
1.419531
1.463068
1.506606
1.547241
1.654633
1.704837
1.865041
1.899735
2.166062
2.500756
2.819123
3.129327
3.444021
3.748715
4.062252
4.192864
4.227286
4.364021
4.393613
4.503817
4.650007
4.686288
4.957898
4.990551
5.242116
5.292910
5.603477
5.699259
5.793590
5.951776
6.225245
6.475245
6.520665
6.557898
6.851549
6.866062
6.960960
7.002479
7.192592
7.493000
7.753817
7.829327
7.857898
8.111980
8.135449
8.447694
8.722184
8.760960
9.061980
9.082388
9.147694
9.214021
9.272184
9.366062
9.693613
9.992592
