0.120665
0.218102
0.469123
0.501776
0.583613
0.820166
0.932388
1.175721
1.281663
1.333409
1.521118
1.624157
1.863613
1.980347
2.202796
2.322207
2.557898
2.676266
2.722751
3.018805
3.255858
3.289531
3.371164
3.605109
3.734270
3.962116
4.073862
4.145653
4.351776
4.446833
4.651458
4.689531
4.792592
4.864792
5.014270
5.150756
5.358919
5.383409
5.491731
5.710869
5.834225
5.866152
6.031595
6.064021
6.451776
6.531368
6.892184
6.936470
7.143250
7.211458
7.250756
7.278216
7.603295
7.868873
7.944338
8.021254
8.180892
8.290551
8.532093
8.641572
8.881844
8.993590
9.226515
9.254837
9.341164
9.360756
9.539531
9.591572
9.693091
9.722184
9.941572
