0.149508
0.257898
0.268692
0.422524
0.583409
0.738896
0.863703
1.033499
1.158307
1.341164
1.475245
1.622706
1.764021
1.781368
1.831368
2.014021
2.043567
2.221164
2.241572
2.344633
2.370098
2.532638
2.654542
2.979622
2.998488
3.166107
3.280347
3.336629
3.429508
3.461980
3.519123
3.563023
3.578987
3.642660
3.697037
3.748919
3.783341
3.824248
3.869644
3.962434
4.061209
4.163000
4.178307
4.333409
4.393862
4.479486
4.525926
4.621708
4.640551
4.729327
4.792955
4.944610
5.072320
5.083409
5.232388
5.391572
5.536470
5.573000
5.675245
5.731368
5.841572
5.881390
5.932388
5.964837
5.991685
6.152048
6.281368
6.432388
6.572184
6.591572
6.735449
6.879123
6.989418
7.030053
7.043839
7.157762
7.180982
7.206379
7.299735
7.329009
7.463000
7.632388
7.760756
7.792592
7.806878
7.973363
8.073499
8.139531
8.251776
8.340551
8.376266
8.550960
8.677944
8.841209
8.966062
8.983409
9.140892
9.201118
9.281663
9.330347
9.437672
9.455812
9.550869
9.602388
9.759123
9.871164
