0.138511
0.241572
0.431368
0.530347
0.723204
0.831368
1.021164
1.122184
1.301776
1.403817
1.427286
1.628307
1.706878
1.872184
1.905858
1.992592
2.288511
2.492592
2.593613
2.631368
2.811980
2.890551
3.084429
3.171164
3.194633
3.392592
3.472184
3.653817
3.757898
3.779327
4.063000
4.251776
4.351776
4.524225
4.541572
4.652796
4.822184
4.931368
4.949735
5.138511
5.233409
5.432388
5.519123
5.535449
5.732388
5.823204
6.010960
6.094633
6.123204
6.321164
6.413000
6.601776
6.681368
6.702796
6.911980
6.997694
7.183409
7.199735
7.291572
7.337490
7.515041
7.589531
7.789531
7.883409
8.079327
8.179327
8.352796
8.390551
8.452796
8.474225
8.761980
8.954837
9.048715
9.239531
9.260960
9.360960
9.550756
9.653817
9.938511
