0.019077
0.219350
0.242592
0.904338
0.933363
1.149599
1.169917
1.381799
1.405019
1.612547
1.640121
1.840393
1.857808
2.069690
2.130642
2.513000
2.539894
2.981073
3.761844
3.822796
3.889554
4.211731
4.368465
4.432388
4.651776
4.822706
4.853182
4.899735
5.173204
5.239531
5.292592
5.311980
5.532365
5.592592
5.677286
5.760960
5.800846
6.019985
6.234769
6.259939
6.474225
6.695653
6.715041
7.027150
7.120143
7.151957
7.194633
7.402796
7.439304
7.526379
7.641028
7.866062
8.086560
8.109939
8.333409
8.556765
8.786470
8.997694
9.026266
9.241753
9.320121
9.405744
9.489917
9.735449
9.945608
