0.048715
0.187490
0.341254
0.482025
0.641572
0.674225
0.742592
0.817989
0.874225
0.933409
1.102796
1.241572
1.387604
1.539531
1.703975
1.831368
1.985449
2.142592
2.304837
2.441935
2.591413
2.740892
2.900756
3.042592
3.199735
3.340982
3.505858
3.642842
3.791595
3.941073
4.101436
4.230597
4.380347
4.541572
4.700075
4.841572
4.991572
5.140551
5.303068
5.439486
5.593613
5.740619
5.904837
6.043613
6.190551
6.340551
6.501776
6.632411
6.781368
6.942592
7.100756
7.241572
7.391572
7.541572
7.701254
7.839123
7.995132
8.138080
8.302071
8.439214
8.579985
8.739622
8.905064
9.022615
9.181526
9.341572
9.481935
9.639395
9.773635
9.921663
9.944633
