0.132275
0.370279
0.601028
0.812910
1.029146
1.265699
1.397762
1.492093
1.590778
1.712683
1.940529
2.164021
2.293907
2.400756
2.515223
2.619123
2.711141
2.827286
2.938352
3.055858
3.278579
3.496266
3.727014
3.941572
4.179803
4.393136
4.627286
4.787422
4.853817
4.928647
5.346606
5.588964
5.790687
5.845835
6.114316
6.278307
6.392955
6.493091
6.719486
7.182434
7.223068
7.419123
7.666062
7.904837
8.137490
8.363749
8.478307
8.598715
8.843613
9.059939
9.296901
9.513000
9.659985
9.777173
9.886515
9.986470
10.092184
10.202796
10.323204
10.433409
10.464021
10.492592
10.929327
11.129826
11.346062
11.382388
11.617445
11.817717
12.042660
12.298080
12.527377
12.753817
12.990325
13.215268
13.483749
13.710960
13.927830
14.180347
14.360211
14.640393
14.868238
15.100438
15.347150
15.559032
15.792683
16.011821
16.094542
16.280710
16.487830
16.724384
16.943613
17.206198
17.457263
17.695268
17.902796
18.171277
18.384610
18.586334
18.822434
19.084112
19.295994
19.571731
19.753817
19.995495
20.225245
20.446833
20.684429
20.941708
21.141980
21.189871
21.403204
21.631368
21.860438
22.095449
22.318941
22.571232
22.818170
23.029327
23.266606
23.491549
23.722297
23.955858
24.177989
24.394225
24.424701
24.668511
24.898715
25.106787
25.346243
25.838216
26.064610
26.315041
26.566833
26.755404
26.981799
27.200756
27.306878
27.449009
27.549236
27.696674
27.903341
28.163114
28.270506
28.604293
28.874724
29.077399
29.116583
29.580982
29.810279
30.043613
30.277581
30.500756
30.727468
30.947694
