0.027286
0.194633
0.337490
0.498715
0.676492
0.850642
0.996674
1.013000
1.168102
1.331368
1.476266
1.639531
1.819123
1.966062
2.134860
2.280121
2.303341
2.470234
2.621164
2.773545
2.936084
3.107331
3.274225
3.420801
3.572184
3.734270
3.901164
4.062252
4.221889
4.381617
4.560030
4.573091
4.729826
4.883658
5.037490
5.207286
5.378533
5.546878
5.678941
5.696810
5.851640
5.998216
6.034497
6.200257
6.352320
6.462615
6.639667
6.797853
6.828329
6.996674
7.108420
7.157762
7.281118
7.315948
7.452365
7.619259
7.771640
7.937082
8.099622
8.298443
8.415994
8.443567
8.633681
8.773000
8.926833
9.086470
9.137263
9.264973
9.421708
9.440574
9.614724
9.745336
9.761300
9.931096
10.070415
10.092184
10.244565
10.385517
10.414361
10.724928
10.743794
10.881663
10.915223
11.054361
11.087740
11.227286
11.361980
11.588511
11.704837
11.845653
11.876266
12.015041
12.070143
12.196674
12.344021
12.384429
12.553000
12.688511
12.784429
12.841572
12.999803
13.045653
13.139531
13.184429
13.321300
13.349735
13.525926
13.639531
13.666062
13.796674
13.841572
13.966062
13.996674
14.145653
14.270325
14.308057
14.502796
14.631368
14.738715
14.794633
14.843204
14.941572
15.008919
15.084610
15.131368
15.293817
15.492592
15.619123
15.753817
15.781935
15.917082
15.980347
16.110597
16.261980
16.276266
16.444928
16.606878
16.774225
16.796674
16.938624
16.982388
17.082706
17.133409
17.247694
17.286470
17.461980
17.590551
17.753817
17.915132
17.947694
18.078307
18.186470
18.228601
18.264021
18.441572
18.564021
18.582388
18.657898
18.729327
18.888511
19.033409
19.074316
19.202796
19.415041
19.519123
19.560801
19.678307
19.708919
19.847694
19.874225
20.015041
20.174225
20.329327
20.386470
20.490551
20.540937
20.652638
20.702796
20.814724
20.880347
20.998533
21.135404
21.326424
21.463341
21.506243
21.604837
21.621708
21.757717
21.919848
21.945971
22.056266
22.096538
22.131731
22.288465
22.421980
22.503250
22.561300
22.618941
22.732547
22.761572
22.909599
23.049599
23.241935
23.392864
23.549599
23.951595
24.013998
24.177989
24.340529
24.490007
24.675404
24.838307
25.000846
25.154678
25.201118
25.315767
25.465245
25.561028
25.655540
25.828420
25.927286
26.094497
26.253273
26.285200
26.463703
26.582706
26.750914
26.939712
27.064520
27.090551
27.218352
27.237490
27.377989
27.543431
27.672592
27.859803
27.995903
28.049917
28.163114
28.341708
28.473681
28.514316
28.679758
28.823431
28.961300
28.995132
29.135449
29.164474
29.311050
29.457626
29.601300
29.631776
29.782706
29.910415
29.930733
30.110687
30.239848
30.258715
30.403839
30.583023
30.752411
30.936220
31.017717
31.073136
