0.512774
0.647468
0.808080
0.945699
1.071232
1.220892
1.351776
1.504610
1.694633
1.920529
2.082388
2.249644
2.510960
2.725653
2.876583
3.132003
3.392229
3.580347
3.747694
3.932048
4.176039
4.339554
4.515041
4.743930
4.916447
5.055858
5.220529
5.331685
5.463998
5.612184
5.707241
5.908579
6.006833
6.187694
6.297354
6.374225
6.577853
6.752910
6.950733
7.025064
7.131595
7.318125
7.834588
8.115109
8.290960
8.402116
8.731458
8.866402
8.948443
9.093998
9.273930
9.364021
9.482388
9.763749
9.894814
10.051549
10.156130
10.340529
10.515948
10.706878
10.939712
11.229327
11.537626
11.820257
12.201844
12.683454
12.810483
12.951776
13.090143
13.228148
13.482388
13.771685
14.058987
14.385744
14.702252
14.815313
14.933998
15.007468
15.192592
15.347694
15.731368
16.000756
16.294633
16.615223
16.701889
16.787513
16.875223
17.152706
17.466062
17.986969
18.332864
18.461549
18.580347
19.156447
19.477127
19.699440
20.256719
20.626334
20.726901
20.824814
21.142365
21.246560
21.376538
21.687422
21.783749
21.929282
