0.258919
0.387694
0.570143
0.698919
0.850642
1.161209
1.292592
1.303817
1.624157
1.941980
2.275767
2.286470
2.608919
2.788057
2.925926
3.078919
3.400483
3.536901
3.551776
3.858919
4.168919
4.185608
4.348919
4.475858
4.484565
4.631141
4.680347
4.948919
5.070869
5.086833
5.390551
5.548919
5.698919
5.843613
6.149735
6.288919
6.580347
6.610960
6.617082
6.943613
7.182388
7.274225
7.445653
7.523204
7.590551
7.604837
7.918919
7.948919
8.138919
8.228919
8.258919
8.438919
8.484429
8.538919
8.568919
8.610960
8.898919
9.118919
9.218919
9.408919
9.458919
9.502796
9.547694
9.598919
9.848919
10.088919
10.178919
10.408919
10.468102
10.508919
10.841572
11.064021
11.166062
11.408919
11.494633
11.815041
11.878919
12.051776
12.148919
12.174225
12.468919
12.510960
12.838919
13.145653
13.318919
13.368919
13.455858
13.508919
13.659939
13.782388
13.978919
14.088919
14.099077
14.117082
14.333409
14.413000
14.421164
14.758919
14.988919
15.078919
15.258919
15.398919
