0.125245
0.318919
0.515041
0.706878
0.888919
1.048919
1.088919
1.290551
1.478307
1.680347
1.878919
2.082388
2.258919
2.458919
2.482388
2.508919
2.843613
3.245653
3.451776
3.643613
3.829327
4.038919
4.178919
4.239531
4.431368
4.617082
4.809644
5.018919
5.218896
5.413363
5.596220
5.608919
5.625245
5.958919
6.048919
6.404565
6.588873
6.792048
6.978919
7.176629
7.365291
7.572819
7.778919
7.958919
8.158919
8.348919
8.538919
8.748919
8.893454
8.916674
8.938919
9.133409
10.364021
10.751776
11.118919
11.478919
11.848919
12.200756
12.568919
12.938919
13.308919
13.678919
14.178919
14.210960
14.358919
14.538919
14.728919
14.752139
15.128919
15.458919
15.485019
15.668102
15.843613
16.010960
16.151776
16.264021
16.376266
16.564021
16.743613
16.928919
17.108919
17.288919
17.458919
17.661980
17.690551
18.008919
18.348919
18.416538
18.568919
18.738919
18.915041
19.041572
19.151776
19.292592
19.468102
19.638919
19.833409
19.866062
20.006878
20.198919
20.253817
