0.299894
1.217808
1.450007
1.680030
1.795404
1.910778
2.026152
2.141526
2.372275
2.486923
2.603023
2.717672
2.833771
2.949146
3.063794
3.179894
3.295268
3.409917
3.526742
3.640665
3.756039
3.872139
3.986062
4.102161
4.218261
4.333635
4.449735
4.564384
4.679758
4.795132
4.914860
5.832048
6.064248
6.294270
6.410370
6.525744
6.639667
6.757218
6.987241
7.102615
7.217263
7.333363
7.448737
7.564837
7.680211
7.794860
7.911685
8.026334
8.141708
8.256356
8.371731
8.486379
8.603204
8.717127
8.833953
8.949327
9.064701
9.177898
9.293998
9.410098
9.529100
10.448465
10.678488
10.911413
11.025336
11.142161
11.257536
11.372910
11.602932
11.718307
11.835132
11.949055
12.065155
12.179077
12.296629
12.410551
12.525926
12.642025
12.756674
12.872774
12.986697
13.102796
13.218170
13.334270
13.448193
13.564293
13.680393
13.794316
13.909690
14.025064
14.144792
15.064882
15.294905
15.526379
15.640302
15.755676
15.872502
15.987150
16.217898
16.333273
16.449372
16.565472
16.680121
16.794769
16.910869
17.026969
17.142343
17.256991
17.372365
17.487014
17.603839
17.718488
17.834588
17.949236
18.064610
18.180710
18.295359
18.411458
18.526107
18.640756
18.762660
19.458533
19.681300
19.910597
20.140619
20.257445
20.372819
20.488193
20.602116
20.612275
20.835041
20.951141
21.066515
21.082479
21.180438
21.296538
21.412638
21.527286
21.641935
21.758034
21.872683
21.988783
22.104157
22.219531
22.335631
22.450279
22.564202
22.681753
22.797127
22.913227
23.026424
23.143250
23.257898
23.377626
24.295540
24.526288
24.757037
24.873862
24.988511
25.103885
25.219259
25.449282
25.565381
25.682207
25.795404
25.911504
26.026878
26.142252
26.256175
26.373000
26.487649
26.603023
26.719123
26.835223
26.949146
27.065971
27.179894
27.295268
27.412093
27.527468
27.640665
27.757490
27.872864
27.996220
28.689917
28.912683
29.141254
29.372728
29.488102
29.603817
29.719123
29.835449
30.066062
30.180347
30.296674
30.411980
30.528307
30.641572
30.758919
30.873204
30.988511
31.104837
31.221164
31.336470
31.449735
31.566062
31.681368
31.797694
31.911980
32.027286
32.143613
32.257898
32.373204
32.488511
32.608919
33.528307
33.757898
33.988511
34.104837
34.220143
34.334429
34.448715
34.680347
34.795653
34.910960
35.026266
35.143613
35.257898
35.372184
35.489531
35.604837
35.719123
35.835449
35.950756
36.066062
36.180347
36.296674
36.410960
36.527286
36.642592
36.758919
36.874225
36.988511
37.103817
37.222184
37.231368
37.459939
37.922184
38.144633
38.151776
38.374225
38.603817
38.719123
38.835449
38.841572
38.949735
39.066062
39.076266
39.297694
39.413000
39.529327
39.645653
39.760960
39.767082
39.875245
39.990551
40.104837
40.221164
40.335449
40.451776
40.566062
40.681368
40.795653
40.911980
41.027286
41.143613
41.259939
41.375245
41.489531
41.603817
41.718102
41.840551
42.757898
42.989531
43.219123
43.335449
43.449735
43.566062
43.682388
43.914021
44.028307
44.143613
44.258919
44.374225
44.491572
44.604837
44.721164
44.836470
44.951776
45.066062
45.181368
45.296674
45.410960
45.528307
45.642592
45.758919
45.873204
45.988511
46.103817
46.220143
46.335449
46.454837
46.463000
46.692592
47.152796
47.375245
47.383409
47.606878
47.835449
47.949735
48.067082
48.078307
48.182388
48.297694
48.306878
48.529327
48.643613
48.759939
48.774225
48.876266
48.989531
48.999735
49.104837
49.220143
49.334429
49.451776
49.565041
49.683409
49.797694
49.911980
50.028307
50.144633
50.257898
50.374225
50.488511
50.605858
50.721164
50.835449
50.951776
51.070143
51.988511
52.220143
52.451776
52.568102
52.682388
52.797694
52.913000
53.144633
53.259939
53.374225
53.490551
53.605858
53.720143
53.837490
53.951776
54.067082
54.182388
54.297694
54.414021
54.528307
54.643613
54.756878
54.874225
54.988511
55.103817
55.219123
55.335449
55.449735
55.566062
55.685449
55.694633
55.922184
56.145653
56.379327
56.606878
56.616062
56.837490
57.068102
57.182388
57.297694
57.306878
57.415041
57.532388
57.760960
57.875245
57.991572
58.105858
58.221164
58.228307
58.337490
58.452796
58.568102
58.683409
58.797694
58.914021
59.029327
59.143613
59.259939
59.377286
59.489531
59.606878
59.721164
59.837490
59.951776
