0.202796
0.215041
0.538919
0.861980
1.039531
1.158919
1.478919
1.749735
1.768919
1.968919
2.092592
2.108919
2.378919
2.580347
2.678919
2.692592
2.878307
2.976266
3.304837
3.508919
3.574225
3.890551
3.921164
4.178307
4.408919
4.492592
4.718919
4.792592
4.988919
5.068919
5.090551
5.113000
5.284429
5.384429
5.625245
5.708919
5.888919
5.978919
6.258919
6.286470
6.448919
6.576266
6.745653
6.870143
6.908919
7.066062
7.158919
7.339531
7.376266
7.459939
7.658919
7.708919
7.737490
7.968102
8.047694
8.331368
8.555858
8.648919
8.849735
8.925245
9.145653
9.223204
9.518919
9.743613
9.788919
9.810960
9.827286
10.108919
10.343613
10.427286
10.598919
10.698919
10.945653
11.018919
11.208919
11.288919
11.513000
11.608919
11.878919
12.078919
12.106878
12.188919
12.358919
12.418919
12.470143
12.678307
12.770143
12.784429
12.978919
13.059939
13.261980
13.294633
13.388919
13.658919
13.872184
13.958919
14.164021
14.248919
14.438919
14.521164
14.545653
14.731368
14.821164
15.035449
15.135449
15.425245
15.598919
15.653817
15.718919
15.884429
15.945653
15.984429
15.996674
16.151776
16.227286
16.310960
16.339531
16.464021
16.578919
16.728919
16.782388
16.848919
16.878307
17.074225
17.148919
17.392592
17.457898
17.718919
17.764021
17.939531
18.023204
18.302796
18.529327
18.618919
18.831368
18.898919
19.088919
