0.184429
0.384429
0.583409
0.785449
0.984429
1.184429
1.384429
1.585449
1.785449
1.985449
2.184429
2.386470
2.585449
2.786470
2.984429
3.185449
3.384429
3.587490
3.786470
3.985449
4.186470
4.386470
4.585449
4.768102
4.787490
4.984429
5.115041
5.190551
5.388919
5.465608
5.586062
5.786334
5.812456
5.988511
6.154837
6.187490
6.388919
6.499735
6.588919
6.788919
6.846674
6.986470
7.188919
7.388919
7.590551
7.788919
7.992592
8.188919
8.390551
8.588919
8.793613
8.988919
9.192592
9.388919
9.592592
9.620143
9.788919
9.967377
9.992592
10.191572
10.318102
10.392592
10.590551
10.661980
10.791572
10.990551
11.011980
11.193613
11.359939
11.388919
11.595653
11.699735
11.792592
11.990551
12.049735
12.194633
12.397694
12.590551
12.743613
12.792592
12.994633
13.088919
13.195653
13.393613
13.432388
13.593613
13.788919
13.994633
14.127286
14.198919
14.394633
14.478307
14.594633
14.655858
14.794633
14.993613
15.168919
15.198919
15.394633
15.514021
15.595653
15.793613
15.863000
15.998919
16.197694
16.208919
16.396674
16.552796
16.595653
16.795653
16.896674
16.998919
17.197694
17.248919
17.398919
17.597694
17.794633
17.938511
18.001481
18.198919
18.285449
18.400756
18.595653
18.634429
18.794633
18.983409
18.998919
19.198919
19.325245
19.397694
19.598715
19.675245
19.796674
19.998919
20.019123
20.198919
20.360960
20.398919
20.596674
20.708919
20.798919
20.997694
21.200756
21.398919
21.601776
21.798919
22.000756
22.198919
22.401776
22.598919
22.799735
22.998919
23.199735
23.399735
23.594633
23.693998
23.793409
23.894270
23.995132
24.093817
24.194678
24.295540
24.393499
24.494361
24.595948
24.693907
24.795495
24.893454
24.993590
25.092275
25.198941
25.293273
25.403817
