0.108919
0.238919
0.338919
0.465041
0.567082
0.696810
0.795495
0.923930
1.024792
1.154678
1.255540
1.383250
1.481935
1.612547
1.714134
1.840393
1.939077
2.068919
2.169826
2.296810
2.397672
2.529009
2.626969
2.756130
2.856991
2.983975
3.087740
3.213998
3.314134
3.441844
3.544157
3.671867
3.771277
3.901889
4.002025
4.129009
4.229146
4.359032
4.459894
4.588919
4.688465
4.818919
4.919939
5.044021
5.145608
5.274043
5.376356
5.504066
5.604202
5.732638
5.832774
5.962660
6.062796
6.190506
6.293545
6.420529
6.518919
6.648919
6.750687
6.878919
6.978919
7.108919
7.208919
7.336266
7.436402
7.563386
7.665699
7.794134
7.894270
8.023431
8.124293
8.252003
8.351413
8.479123
8.584338
8.708919
8.810733
8.936991
9.042207
9.168919
9.267150
9.397037
9.498919
9.624882
9.726470
9.853454
9.953590
10.082025
10.182887
10.311322
10.412184
10.540619
10.640756
10.770642
10.872229
10.998919
11.098624
11.228919
11.329372
11.458919
11.557944
11.688919
11.788919
