0.188148
0.250551
0.294814
0.334724
0.371005
0.398919
0.872411
0.980529
1.098919
1.238919
1.500075
1.599486
1.606742
1.846923
1.875948
1.910778
1.928919
1.945608
1.968919
1.988919
2.003658
2.028919
2.052275
2.065336
2.100892
2.118919
2.155313
2.182161
2.221345
2.243839
2.286651
2.318919
2.338919
2.351232
2.370824
2.407830
2.444837
2.459350
2.490551
2.507241
2.544248
2.580529
2.624792
2.642207
2.684293
2.721300
2.761209
2.773545
2.818919
2.854814
2.868919
2.901980
2.923749
2.960030
3.018919
3.062343
3.084837
3.107331
3.200211
3.315585
3.415721
3.493613
3.638919
3.658919
3.798919
4.451912
4.486742
4.552774
4.648919
4.664021
4.831413
5.000483
5.120937
5.268919
5.303068
5.443114
5.605653
6.566379
