0.268919
0.572003
0.847740
1.138919
1.158919
1.438919
1.598919
1.718919
2.038919
2.534089
2.635676
2.928919
3.455858
3.808919
4.092592
4.374270
4.681935
5.298919
5.390551
5.528919
5.813000
5.857898
6.106878
6.408919
7.027286
7.338919
7.628919
7.888919
7.908919
8.188919
8.218919
8.647694
8.768919
9.078919
9.628919
9.948919
9.978919
10.828919
10.888919
11.098919
11.168102
11.396674
11.728919
12.196674
12.304837
12.402796
12.533409
12.588919
12.837490
13.128919
13.319123
13.428919
13.708919
13.998919
14.288919
14.648919
14.888919
15.148919
15.198919
15.758919
16.038919
16.088919
16.358919
16.628919
16.908919
16.968919
17.390551
17.529327
17.682388
17.808919
17.992592
18.118919
18.245653
18.358919
18.398919
18.527286
18.658919
18.698919
18.968919
19.239531
19.561980
19.828919
20.138919
20.448919
21.028919
21.328919
21.631368
21.888511
22.228919
22.278919
22.758919
22.798919
23.118919
23.338919
23.398919
23.648919
23.668919
23.988919
24.445653
24.574225
24.708919
24.848919
25.023204
25.164021
25.290551
25.448919
25.728919
25.984429
26.215041
26.280347
26.359939
26.588919
26.851776
27.184429
27.458919
27.486470
27.738919
28.308919
28.378919
28.657898
28.908919
29.238919
29.778307
