1.731005
1.782887
1.836765
1.888647
1.942025
1.994406
2.046288
2.058919
2.067740
2.568919
2.579077
2.961708
2.972683
3.080937
3.095404
3.322388
3.369780
3.644157
3.801300
3.892592
4.069508
4.159939
4.300665
4.564565
4.841572
4.888919
5.106878
5.186470
5.213091
5.235449
5.299735
5.384429
5.455858
5.478307
5.561980
5.648715
5.728919
5.742796
5.780347
5.831368
5.913000
5.964112
5.978624
6.001118
6.014905
6.068919
6.118919
6.172365
6.223885
6.260166
6.738919
6.755041
7.135994
7.143975
7.258624
7.266606
7.288375
7.528919
7.549599
7.778919
7.805019
8.056810
8.095994
8.294814
8.342706
8.450824
8.558941
8.585064
8.610461
8.648193
8.715676
8.783159
8.868919
8.894905
9.003749
9.046560
9.111141
9.135812
9.230143
9.304882
9.368919
9.398919
9.479032
9.558919
9.628919
9.894089
10.143703
10.272139
10.404928
10.428919
10.808375
10.919395
10.949146
11.164656
11.208919
11.668919
11.757490
11.862706
11.974452
12.000574
12.472229
12.505608
12.898919
12.980892
13.025155
13.272592
13.311050
13.408284
13.528919
13.821889
13.858919
13.988057
14.051186
14.078919
14.118919
14.308919
14.558919
14.628919
14.970143
15.098919
15.131368
15.168919
15.378307
15.406878
15.428919
15.623204
15.648919
15.826266
15.898919
15.909939
16.137490
16.157898
16.415041
16.508919
16.581368
16.648919
16.856878
16.908919
16.948919
17.098919
17.188919
17.228307
17.475245
17.610960
17.728307
17.982388
18.250756
18.271164
18.513000
18.639531
18.763000
18.798919
19.168919
19.278919
19.318919
19.532388
19.588919
19.808919
19.901776
19.948919
20.028919
20.078919
20.111980
20.224225
20.311980
20.339531
20.628919
20.748919
20.852796
21.130347
21.258919
21.352796
21.375245
21.626266
21.684429
21.778919
21.876266
21.918919
22.168919
22.232388
22.425245
22.452796
22.718919
22.958919
22.978919
23.250756
23.460960
23.504837
23.618102
23.738919
23.875245
23.988919
24.186470
24.228307
24.258919
24.503817
24.541572
24.748919
24.998919
25.068919
25.278307
25.538919
25.578919
25.928919
26.020143
26.118919
26.205858
26.305858
26.383409
26.425245
26.467082
26.509939
26.583409
26.598919
26.638919
27.119123
27.171164
27.636470
27.688919
27.918102
28.048919
28.178919
28.361980
28.428919
28.458919
28.688919
28.918919
28.948919
29.158919
29.182388
29.228919
29.431368
29.471164
29.495653
29.688919
29.738919
30.007898
30.078919
30.167082
30.266062
30.285449
30.528307
30.546674
30.715041
30.778307
30.796674
31.304837
31.320143
31.848919
31.998919
32.088919
32.208919
32.305858
32.348919
32.608919
32.625245
32.858919
32.888919
33.116062
33.133409
33.359939
33.418919
33.608919
33.678919
33.877286
33.923204
34.202796
34.316062
34.468919
34.548715
34.629327
34.728919
34.814021
34.893613
34.975245
35.021164
35.492592
35.538511
35.884429
35.937490
36.016062
36.060960
36.276266
36.323204
36.534429
36.585449
36.798715
36.848715
37.061980
37.111980
37.321164
37.370143
37.581368
37.632388
37.843613
37.902796
38.153817
38.388919
38.455858
39.155858
39.182388
39.210960
39.690551
39.705858
40.218919
40.255858
40.450756
40.463000
40.482388
40.508919
40.838919
40.958919
41.011980
41.258919
41.279327
41.715041
41.788919
42.129327
42.291572
42.316062
42.565041
42.594633
42.833409
43.073204
43.095653
43.274225
43.348919
43.388919
43.792592
43.852796
43.900756
44.140551
44.273204
44.304837
44.389531
44.406878
44.417082
44.664021
44.681209
44.798919
44.879327
44.910960
44.948919
45.138919
45.178919
45.408919
45.443613
45.708919
45.792592
45.809939
45.958919
46.164021
46.218919
46.248919
46.400756
46.425245
46.468919
46.488919
46.768102
46.805858
46.901776
47.004837
47.046674
47.258919
47.291572
47.510960
47.528556
47.568102
47.761980
47.848919
47.900756
48.021164
48.078919
48.511980
48.568919
48.588919
48.813000
48.845653
49.318919
49.394633
49.600756
49.655858
50.118919
50.158919
50.630347
50.653817
50.684429
50.908919
50.938919
51.407898
51.458919
51.499735
51.545653
51.629327
51.703817
51.728919
52.228919
52.268919
52.625245
52.748919
52.788919
53.006878
53.031368
53.268919
53.302796
53.518919
53.538919
53.778919
53.798919
53.838919
53.958919
54.018919
54.092592
54.175245
54.251776
54.273204
54.342592
54.437490
54.528919
54.549735
54.576266
54.813000
54.856878
54.958919
55.058919
55.222184
55.222184
55.298919
55.373998
55.448012
55.484429
55.538919
55.586470
55.591572
55.618919
55.673204
55.761980
55.846674
55.872184
55.886470
56.368919
56.418919
56.888919
56.903817
56.955858
57.013000
57.171164
57.184429
57.211980
58.018919
58.158919
58.288919
58.543613
58.808919
59.068919
59.328919
59.598919
59.818919
59.848715
59.978919
60.088919
60.110960
60.308919
60.358919
60.588919
60.619123
60.835449
60.882388
60.901776
60.918919
61.098919
61.151776
61.178919
61.368919
61.417082
61.638919
61.656447
61.888919
61.944633
61.979327
62.168919
62.198919
62.219123
62.418919
62.468919
62.698919
62.725245
62.747694
62.918919
62.958919
62.989531
63.057898
63.228307
63.258919
63.286470
63.628919
63.798919
64.018919
64.323204
64.328919
64.444633
64.593613
64.640551
64.726266
64.764021
64.857898
64.897694
65.124225
65.158919
65.394633
65.428919
65.527286
65.568919
65.659939
65.698919
65.929327
65.968919
66.196674
66.238919
66.328307
66.368919
66.464021
66.498919
66.730347
66.738919
66.768919
66.794633
66.996674
67.028919
67.059939
67.130347
67.168919
67.196674
67.267082
67.298919
67.333409
67.352796
67.399735
67.444633
67.486470
67.531368
67.561980
67.580438
67.635449
69.138919
