0.179327
0.191572
0.297694
0.401776
0.623204
0.639531
0.850756
0.966062
1.083409
1.147694
1.203817
1.300756
1.421164
1.519985
1.535449
1.611980
1.672139
1.733409
1.754837
1.966062
2.199735
2.421164
2.641572
2.864021
3.091572
3.313000
3.532388
3.752796
3.771164
3.976629
4.201572
4.421164
4.642751
4.650007
4.871322
5.090370
5.104837
5.319758
5.541572
5.771164
5.985880
6.192592
6.213000
6.297173
6.437218
6.458987
6.628783
6.655631
6.874043
6.887105
7.084474
7.101164
7.198397
7.322184
7.395767
7.452365
7.531368
7.650756
7.761980
7.774542
7.988601
8.207785
8.225155
8.328919
8.429055
8.447195
8.540551
8.647468
8.671413
8.786062
8.859350
8.898533
9.082388
9.307785
9.532728
9.756946
9.977536
