0.288919
0.432683
1.500756
1.584429
1.658919
1.748919
1.847694
1.968919
5.176266
5.482388
5.937490
8.008919
8.172184
8.378307
8.553817
11.339531
12.110960
12.349735
12.648919
13.731368
13.949735
14.159939
14.370143
14.588919
16.129327
16.418919
16.704066
18.048919
18.278919
18.498919
18.578919
19.328919
20.453817
20.684429
20.925245
21.174225
23.555858
23.721164
23.858919
24.006878
24.168102
24.292592
24.398919
24.572184
24.704837
24.818919
24.978919
25.158919
25.278919
25.443613
25.568919
25.718919
25.858919
26.004837
26.168919
26.327286
26.558919
26.727286
27.692592
28.228919
28.388511
28.628919
28.792592
29.028919
29.318919
30.598919
30.828919
31.028919
33.564021
33.728919
33.813000
33.898919
34.002796
34.080347
34.208919
34.427286
34.598919
34.758919
34.938919
37.835449
39.043613
39.310960
40.038919
40.272184
40.468919
40.649735
40.858919
41.749735
42.094633
42.339531
42.584429
44.647694
44.857898
44.958919
45.035449
45.113000
45.198919
46.992592
47.131368
50.074225
50.154837
50.247694
50.428919
50.506878
50.930347
51.077286
52.228919
52.408919
53.238919
53.458919
53.628919
53.742796
54.118919
54.288919
55.133409
55.328919
55.668919
55.818919
56.008919
56.148919
56.353817
56.458919
56.558919
56.828919
57.076266
57.678307
57.819123
58.045653
58.182388
58.390551
58.558919
58.758919
58.898919
59.076266
59.158919
59.329327
59.538919
59.633409
59.706878
59.835132
59.907694
59.984429
60.184429
60.321164
60.739531
