0.210960
2.962932
5.657173
8.352139
11.071776
13.726107
16.457898
19.232139
21.863250
22.234769
22.429236
22.629508
22.827286
23.019123
23.219123
23.418919
23.623204
23.806878
23.988919
24.188919
24.381164
24.571277
24.752683
24.963114
25.158919
25.338919
25.529100
25.736629
25.938919
26.137173
26.328737
26.544973
26.738919
26.922297
27.108919
27.314134
27.534724
27.716130
27.918919
28.118919
28.321164
28.518919
28.713000
28.911957
29.108919
29.292592
29.492592
29.704338
29.900257
30.093273
30.283386
30.488919
30.694089
30.875495
31.068919
31.271685
31.468919
31.653363
31.843477
32.048919
32.244021
32.438488
32.628919
32.833227
33.021889
33.222161
33.416629
33.625608
33.830234
34.023250
34.218919
34.438919
34.653091
34.822887
35.018919
35.221980
35.426606
35.608919
35.805381
36.017263
36.218919
36.391685
36.588919
36.792229
36.996855
37.188919
37.388919
37.594769
37.793590
37.972093
38.172365
38.368919
38.578919
38.760121
38.950234
39.148919
39.368919
39.539440
39.748420
39.954497
