0.188919
1.306878
3.233409
6.748511
6.874225
6.986515
7.118919
7.241935
7.368919
7.494633
7.608919
7.738919
7.868919
7.992592
8.108919
8.238919
8.358919
8.488919
8.608919
8.728919
8.848919
8.978919
9.088919
9.198919
9.358919
9.478919
9.588919
9.708919
9.838919
9.968919
10.078919
10.208919
10.338919
10.457898
10.578919
10.698919
10.828919
10.948919
11.058919
11.188919
11.318919
11.448919
11.558919
11.698919
11.818919
11.938919
12.058919
12.188919
12.308919
12.438919
12.548919
12.668919
12.798919
12.928919
13.048919
13.138919
13.257898
13.368919
13.384429
13.508919
13.628919
13.648919
13.748919
13.878919
13.988919
14.118919
14.248919
14.368919
14.488919
14.508919
14.618919
14.738919
14.858919
14.988919
15.108919
15.228919
15.338919
15.478919
15.608919
15.718919
15.848919
15.968919
16.088919
16.218919
16.338919
16.468919
16.588919
16.708919
16.838919
16.948919
16.968102
17.078919
17.198919
17.308919
17.328919
17.448919
17.568919
17.586470
17.698919
17.818919
17.948919
18.058919
18.188919
18.308919
18.428919
18.558919
18.688919
18.808919
18.928919
19.058919
19.178919
19.278919
19.298919
19.418919
19.548919
19.561980
19.668919
19.788919
19.908919
20.038919
20.158919
20.278919
20.408919
20.528919
20.658919
20.778919
20.898919
21.028919
21.148919
21.258919
21.398919
21.508919
21.538919
21.638919
21.758919
21.888919
22.008919
22.138919
22.248919
22.388919
22.508919
22.628919
22.708919
22.748919
22.798919
22.878919
22.998919
23.118919
23.238919
23.368919
23.488919
23.500756
23.608919
23.738919
23.858919
23.978919
24.108919
24.218919
24.348919
24.468919
24.598919
24.718919
24.838919
24.857898
24.964021
25.088919
25.198919
25.338919
25.458919
25.478919
25.588919
25.708919
25.838919
25.948919
26.078919
26.198919
26.318919
26.448919
26.568919
26.588919
26.698919
26.818919
26.938919
27.058919
27.168919
27.308919
27.428919
27.558919
27.678919
27.798919
27.928919
28.048919
28.168919
28.298919
28.418919
28.548919
28.668919
28.788919
28.918919
29.028919
29.158919
29.288919
29.408919
29.428919
29.528919
29.648919
29.778919
29.898919
30.028919
30.148919
30.268919
30.388919
30.418919
30.518919
30.638919
30.758919
30.888919
31.008919
31.118919
31.138919
31.258919
31.378919
31.398919
31.508919
31.618919
31.758919
31.878919
31.998919
32.118919
32.238919
32.268919
32.358919
32.376266
32.508919
32.608919
32.738919
32.758919
32.818919
32.859939
32.978919
33.088919
33.108919
33.228919
33.337490
33.368919
33.468919
33.580347
33.598919
33.718919
33.845653
33.908919
33.968919
34.088919
34.208919
34.338919
34.458919
34.588919
34.708919
34.798919
34.828919
34.948919
35.058919
35.078307
35.198919
35.348919
35.448919
35.568919
35.698919
35.818919
35.853817
35.938919
36.058919
36.188919
36.298919
36.428919
36.458919
36.518919
36.558919
36.678919
36.808919
36.918919
37.038919
37.168919
37.296674
37.310960
37.408919
37.538919
37.658919
37.788919
37.908919
38.028919
38.158919
38.278919
38.408919
38.528919
38.648919
38.778919
38.898919
39.008919
39.148919
39.268919
39.288919
39.388919
39.508919
39.638919
39.758919
39.878919
39.998919
40.128919
40.248919
40.388919
40.498919
40.638919
40.748919
40.868919
40.978919
41.118919
41.238919
41.258919
41.358919
41.488919
41.608919
41.728919
41.858919
41.978919
42.098919
42.228919
42.348919
42.438919
42.468919
42.588919
42.718919
42.838919
42.948919
43.088919
43.208919
43.228919
43.338919
43.458919
43.588919
43.698919
43.828919
43.948919
44.078919
44.188919
44.338919
44.438919
44.568919
44.688919
44.808919
44.918919
44.938919
45.058919
45.170143
45.198919
45.298919
45.428919
45.548919
45.668919
45.798919
45.918919
46.038919
46.168919
46.288919
46.418919
46.538919
46.658919
46.778919
46.908919
47.038919
47.148919
47.172184
47.278919
47.348919
47.398919
47.528919
47.641572
47.778919
47.888919
47.937490
48.028919
48.138919
48.278919
48.388919
48.608919
48.668919
48.908919
49.158919
49.188919
49.648919
49.678919
49.796674
49.908919
50.048919
50.268919
50.378919
50.508919
50.598919
50.878919
51.128919
51.158919
51.618919
51.648919
51.868919
52.018919
52.238919
52.348919
52.478919
52.608919
52.838919
52.857898
53.088919
53.108919
53.338919
53.588919
53.608919
53.733409
53.828919
53.858919
53.988919
54.098919
54.218919
54.318919
54.448919
54.568919
54.818919
54.838919
55.058919
55.078919
55.308919
55.568919
55.798919
55.959939
56.068919
56.178919
56.288919
56.418919
56.466062
56.558919
56.655858
56.778919
56.800756
56.902796
57.028919
57.048919
57.155858
57.268919
57.292592
57.398715
57.518919
57.539259
57.688919
57.768919
57.788919
57.918919
58.048919
58.148919
58.258919
58.284429
58.388919
58.508919
58.528919
58.635449
58.748919
58.774225
58.882388
58.998919
59.029327
59.131368
59.238919
59.266062
59.376266
59.498919
59.521663
59.633409
59.738919
59.751776
59.878919
59.898919
60.018919
60.118919
60.228919
60.253817
60.366062
60.488919
60.608919
60.725245
60.739531
60.849735
60.966062
60.982388
61.102796
61.218919
61.238919
61.343613
61.468919
61.492456
61.628919
61.708919
61.728919
61.868919
61.988919
62.088919
62.198919
62.328919
62.448919
62.468919
62.572184
62.698919
62.825245
62.948919
62.966923
63.078307
63.188919
63.315041
63.448919
63.564021
63.678919
63.848919
63.958919
64.068919
64.168919
64.188511
64.302796
64.435585
64.551776
64.668919
64.792592
64.908919
64.928919
65.047694
65.158919
65.178919
65.286470
65.408919
65.433409
65.551776
65.651776
65.672184
65.808919
65.921164
66.027286
66.138919
66.268919
66.388919
66.403477
66.513000
66.638919
66.766062
66.888919
66.908919
67.025245
67.128919
67.158919
67.259939
67.388919
67.525245
67.628919
67.778919
67.898919
68.008919
68.118919
68.141572
68.233409
68.368919
68.480347
68.608919
68.638919
68.751776
68.868919
68.977989
69.098919
69.118919
69.238919
69.348919
69.368919
69.518919
69.598919
69.628919
69.758919
69.868919
69.978919
70.088919
70.118919
70.218919
70.338919
70.355858
70.453817
70.578919
70.596674
70.708919
70.828919
70.848919
70.964021
71.068919
71.098919
71.206878
71.329327
71.349735
71.461980
71.568919
71.588919
71.718919
71.838919
71.948919
72.058919
72.078919
72.188919
72.308919
72.321663
72.448919
72.558919
72.693182
72.812184
72.826697
72.929327
73.048919
73.078919
73.178307
73.298919
73.317218
73.435449
73.538919
73.688511
73.815041
73.928919
74.028919
74.168919
74.278919
74.298715
74.400756
74.528919
74.558919
74.653817
74.768919
74.794633
74.902796
75.018919
75.033409
75.158919
75.278919
75.406878
75.518919
75.533409
75.664021
75.780347
75.886470
75.998919
76.127286
76.258919
76.382388
76.498919
76.518919
76.625245
76.748919
76.876266
76.988919
77.008919
77.117082
77.238919
77.382388
77.478919
77.500756
77.628919
77.643613
77.738919
77.868919
77.978919
78.108919
78.222434
78.341572
78.464021
78.592592
78.718919
78.853817
78.958919
78.988919
79.092592
79.208919
79.229327
79.339894
79.458919
79.604837
79.702796
79.838919
79.948919
79.968919
80.078919
80.198919
80.323204
80.438919
80.578919
80.688919
80.817082
80.928919
80.958919
81.061980
81.178919
81.308919
81.427286
81.561980
81.678919
81.806878
81.918919
82.048919
82.168919
82.286470
82.408919
82.428919
82.529327
82.658919
82.786470
82.898919
82.921164
83.037490
83.158919
83.296674
83.398919
83.537490
83.648919
83.778919
83.888919
83.908919
84.021164
84.138919
84.268102
84.378919
84.508919
84.638919
84.759939
84.878919
85.008919
85.128919
85.257898
85.368919
85.388919
85.518919
85.548919
85.618919
85.758919
85.858919
85.988919
86.108919
86.237490
86.348919
86.378919
86.484429
86.608919
86.741572
86.848919
86.982388
87.098919
87.231368
87.338919
87.486470
87.588919
87.718919
87.838919
87.968919
88.088919
88.328919
88.457898
88.578919
88.700756
88.818919
88.838919
88.953817
89.068919
89.204837
89.318919
89.338919
89.478919
89.568919
89.698919
89.808919
89.939531
90.058919
90.184429
90.298919
90.429327
90.548919
90.676266
90.788919
90.921164
91.048919
91.170143
91.286470
91.417173
91.535449
