0.768
0.571
0.930
0.871
0.833
0.842
0.824
0.809
0.830
0.940
0.874
0.870
0.840
0.822
0.851
0.884
0.923
0.924
0.909
0.868
0.887
0.788
0.832
0.903
0.911
0.855
0.964
0.900
0.870
0.897
0.940
0.957
0.870
0.834
0.946
0.889
0.913
0.820
0.830
0.825
0.928
0.929
0.892
0.747
0.885
0.845
0.848
0.803
0.855
0.899
0.790
0.914
0.791
0.881
0.913
0.867
0.809
0.965
0.887
0.910
0.871
0.769
0.899
0.866
0.814
0.940
0.896
0.930
0.883
0.958
0.925
0.952
0.678
0.763
0.835
0.728
0.900
0.900
0.734
0.894
0.663
0.458
0.769
0.861
0.899
0.970
0.594
0.865
0.880
0.911
0.869
0.786
1.000
0.884
0.847
0.836
0.900
0.924
0.940
0.879
0.904
0.900
0.925
0.889
0.912
0.847
0.968
0.866
0.792
0.893
0.878
0.845
0.909
0.740
0.873
0.652
0.819
0.861
0.836
0.902
0.895
0.882
0.681
0.891
0.878
0.812
0.924
0.910
0.881
0.846
0.782
0.825
0.848
0.905
0.875
0.855
0.840
0.875
0.602
0.951
0.885
0.879
0.743
0.559
0.793
0.727
0.679
0.679
0.667
0.783
0.520
0.709
0.895
0.922
0.874
0.832
0.727
0.896
0.897
0.828
0.878
0.879
0.877
0.684
0.827
0.913
0.787
0.883
0.938
0.554
0.623
0.904
0.676
0.847
0.784
0.943
0.943
0.804
0.884
0.864
0.920
0.814
0.732
0.771
0.918
