0.949
0.857
0.982
0.984
0.927
1.000
0.982
1.000
0.975
0.982
0.984
1.000
0.974
0.942
0.955
1.000
1.000
1.000
0.983
1.000
0.945
0.979
0.986
0.961
0.948
1.000
0.980
1.000
0.959
0.985
0.986
1.000
0.953
0.971
0.988
0.986
0.985
0.982
0.964
1.000
1.000
1.000
1.000
1.000
0.986
0.983
1.000
1.000
0.955
0.969
0.966
0.941
1.000
0.983
1.000
1.000
1.000
1.000
0.945
0.987
0.986
1.000
1.000
0.952
0.991
0.986
0.974
0.988
0.987
0.981
0.994
1.000
0.833
1.000
0.984
0.988
0.996
0.991
0.889
0.988
0.986
1.000
0.875
0.968
1.000
1.000
0.909
1.000
1.000
1.000
1.000
0.957
1.000
1.000
0.920
0.966
0.957
0.995
1.000
0.992
0.988
1.000
0.989
1.000
1.000
0.946
1.000
0.980
0.947
0.956
0.974
1.000
0.964
0.982
1.000
0.789
0.984
0.980
0.950
1.000
1.000
0.962
0.944
0.993
0.987
0.974
0.961
0.989
0.965
0.962
0.951
0.988
0.966
0.985
0.970
0.993
0.979
0.953
0.933
1.000
0.971
0.990
0.973
0.981
0.987
0.980
0.997
0.971
0.913
0.963
1.000
1.000
1.000
1.000
1.000
0.978
0.955
1.000
1.000
1.000
1.000
1.000
1.000
1.000
0.978
1.000
0.971
0.979
1.000
0.966
0.950
1.000
1.000
0.980
0.978
1.000
1.000
0.955
0.998
0.971
0.988
1.000
1.000
0.900
1.000
