0.180
0.380
0.580
0.780
0.980
1.180
1.380
1.580
1.780
1.980
2.180
2.380
2.580
2.780
2.980
3.180
3.380
3.580
3.780
3.980
4.180
4.380
4.580
4.780
4.980
5.190
5.380
5.590
5.780
5.990
6.180
6.380
6.580
6.780
6.850
6.980
7.190
7.380
7.590
7.780
7.990
8.180
8.390
8.580
8.790
8.980
9.190
9.390
9.590
9.790
9.990
10.190
10.310
10.390
10.590
10.660
10.790
10.990
11.190
11.390
11.590
11.690
11.790
11.990
12.050
12.190
12.390
12.590
12.740
12.790
12.990
13.080
13.190
13.390
13.590
13.780
13.990
14.190
14.390
14.470
14.590
14.790
14.990
15.160
15.390
15.510
15.590
15.790
15.860
15.990
16.190
16.390
16.550
16.590
16.790
16.990
17.190
17.250
17.390
17.590
17.790
18.000
18.190
18.400
18.590
18.790
18.990
19.190
19.330
19.390
19.590
19.790
20.000
20.190
20.390
20.590
20.790
20.990
21.200
21.390
21.600
21.800
22.000
22.200
22.400
22.590
22.800
22.990
23.200
23.400
23.590
23.690
23.790
23.890
23.990
24.090
24.190
24.290
24.390
24.490
24.590
24.690
24.790
24.890
24.990
25.090
25.190
25.400
