0.260
0.320
0.570
0.780
1.020
1.250
1.490
1.720
1.960
2.440
2.670
2.900
3.130
3.370
3.610
3.850
4.070
4.310
4.530
4.770
5.000
5.240
5.480
5.710
5.940
6.180
6.410
6.640
6.870
7.100
7.340
7.450
7.570
7.680
7.790
8.000
8.260
8.730
8.980
9.190
9.420
9.490
9.670
9.900
10.130
10.600
10.840
11.060
11.290
11.360
11.530
11.770
11.980
12.220
12.440
12.480
12.690
12.910
13.140
13.380
13.610
13.840
14.080
14.540
14.760
15.000
15.240
15.350
15.470
15.690
15.920
16.140
16.390
16.620
16.850
17.090
17.320
17.530
17.790
18.230
18.460
18.640
18.700
18.940
19.070
19.170
19.390
19.630
19.860
20.100
20.310
20.550
20.790
21.020
21.240
21.470
21.940
22.170
22.400
22.650
22.760
22.870
23.100
23.340
23.560
23.800
24.020
24.260
24.300
24.500
24.640
24.740
24.950
25.190
25.410
25.660
25.870
26.110
26.340
26.580
26.800
27.040
27.260
27.440
27.730
28.060
28.190
28.230
28.430
28.640
28.880
29.110
29.340
29.560
29.800
