0.190
0.430
0.650
0.900
1.430
1.640
1.900
2.140
2.380
2.630
2.870
3.110
3.370
3.580
3.840
4.080
4.330
4.550
4.790
5.030
5.270
5.510
5.750
5.980
6.220
6.690
6.940
7.180
7.420
7.640
7.870
8.110
8.220
8.330
8.380
8.610
8.950
9.030
9.260
9.500
9.550
9.790
9.970
10.240
10.710
10.910
11.140
11.380
11.600
11.830
12.070
12.290
12.520
12.560
12.760
13.050
13.220
13.680
14.170
14.390
14.610
15.070
15.310
15.550
15.760
15.910
16.010
16.200
16.250
16.410
16.480
16.650
16.770
16.950
17.080
17.130
17.190
17.400
17.640
17.740
17.870
18.330
18.620
18.790
19.020
19.250
19.480
19.730
19.830
20.190
20.420
20.640
20.860
21.100
21.270
21.340
21.550
21.780
22.020
22.170
22.250
22.480
22.710
22.940
23.080
23.190
23.320
23.400
23.640
23.860
24.050
24.190
24.330
24.580
24.820
25.050
25.310
25.510
25.770
25.930
26.020
26.250
26.490
26.720
26.820
26.950
27.080
27.180
27.410
27.630
27.900
28.120
28.360
28.610
28.850
28.910
29.080
29.320
29.550
