0.210
0.890
1.580
2.220
2.830
3.440
4.020
4.600
4.890
5.140
5.430
5.700
5.970
6.230
6.750
7.030
7.290
7.540
7.790
8.050
8.300
8.550
8.800
9.060
9.300
9.550
9.800
10.040
10.270
10.510
10.740
10.970
11.170
11.390
11.600
11.790
11.990
12.200
12.580
12.780
12.970
13.160
13.340
13.520
13.700
13.880
14.040
14.220
14.390
14.730
14.900
15.050
15.210
15.380
15.670
15.820
15.960
16.100
16.250
16.400
16.530
16.650
16.780
16.910
17.030
17.170
17.270
17.380
17.510
17.610
17.720
17.840
18.020
18.140
18.230
18.340
18.450
18.540
18.630
18.730
18.820
18.950
21.070
21.210
21.470
21.730
21.870
21.990
22.250
22.780
23.060
23.320
23.460
23.570
23.840
24.110
24.260
24.380
24.640
24.910
25.180
25.450
25.710
25.990
26.250
26.410
26.510
26.770
27.040
27.320
27.590
27.740
27.840
28.110
28.380
28.640
28.910
29.180
29.450
29.580
29.720
29.990
30.250
30.400
30.500
30.770
31.310
31.590
31.860
32.010
32.120
32.390
32.660
32.920
33.190
33.470
33.740
34.010
34.270
34.530
34.660
34.800
34.950
35.060
35.320
35.600
35.870
36.140
36.290
36.400
36.670
36.940
37.210
37.470
37.750
38.020
38.150
38.280
38.410
38.540
38.690
38.800
38.950
39.060
39.330
39.870
40.140
40.280
40.560
40.670
40.940
41.210
41.470
41.630
41.730
42.000
42.270
42.540
42.810
43.080
43.340
43.600
43.860
44.130
44.280
44.390
44.650
44.800
44.920
45.180
45.450
45.710
45.890
46.030
46.110
46.230
46.480
46.740
46.800
46.880
47.000
47.130
47.250
47.400
47.510
47.780
48.320
48.870
49.120
49.380
49.650
49.800
49.920
50.060
50.170
50.430
50.700
50.980
51.240
51.500
51.770
51.930
52.040
52.290
52.560
52.820
52.970
53.240
53.360
53.620
53.890
54.040
54.150
54.300
54.430
54.680
54.950
55.080
55.350
55.620
55.880
56.000
56.280
56.820
57.100
57.360
57.500
57.620
57.890
58.140
58.310
58.420
58.570
58.670
58.940
59.210
59.360
59.490
59.750
60.000
60.150
60.270
60.420
60.530
60.690
60.780
61.060
61.320
61.600
61.860
62.120
62.400
62.550
62.660
62.930
63.190
63.460
63.740
63.900
64.160
64.270
64.420
64.520
64.810
65.340
65.890
66.020
66.150
66.410
66.670
66.830
66.940
67.200
67.480
67.750
68.020
68.170
68.290
68.550
68.710
68.820
68.960
69.090
69.340
69.620
69.890
70.160
70.420
70.700
70.970
71.230
71.500
71.760
72.030
72.280
72.360
72.440
72.530
72.620
72.700
72.780
72.860
72.950
73.050
73.320
73.850
74.130
74.400
74.670
74.930
75.200
75.370
75.470
75.740
76.000
76.280
76.560
76.710
76.820
77.100
77.360
77.540
77.640
77.900
78.180
78.440
78.710
78.880
78.990
79.250
79.420
79.520
79.680
79.800
80.050
80.320
80.590
80.720
80.840
80.990
81.250
81.520
81.630
81.920
82.460
82.740
83.020
83.170
83.270
83.540
83.820
83.970
84.080
84.340
84.620
84.890
85.160
85.320
85.430
85.710
85.980
86.140
86.240
86.510
86.780
87.040
87.320
87.480
87.580
87.860
88.120
88.380
88.520
88.780
88.900
89.160
89.300
89.540
89.670
89.930
89.970
90.390
90.520
