0.200
2.950
5.650
8.340
11.060
13.720
16.450
19.220
21.860
22.230
22.420
22.620
23.010
23.210
23.410
23.800
23.980
24.180
24.560
24.750
24.960
25.150
25.330
25.520
25.730
25.930
26.130
26.320
26.540
26.910
27.100
27.310
27.710
27.910
28.110
28.510
28.700
28.900
29.100
29.280
29.480
29.700
30.080
30.270
30.480
30.870
31.060
31.260
31.460
31.640
31.840
32.040
32.430
32.620
32.820
33.220
33.410
33.620
33.830
34.020
34.210
34.430
34.640
34.820
35.010
35.210
35.420
35.600
35.800
36.010
36.210
36.380
36.580
36.780
36.990
37.180
37.380
37.590
37.780
37.970
38.170
38.360
38.570
38.750
38.940
39.140
39.530
39.740
39.950
