0.643
0.232
0.707
0.689
0.753
0.680
0.667
0.679
0.676
0.879
0.778
0.818
0.811
0.680
0.658
0.813
0.867
0.857
0.793
0.734
0.872
0.792
0.632
0.727
0.827
0.811
0.887
0.857
0.781
0.846
0.902
0.923
0.891
0.726
0.842
0.865
0.857
0.787
0.804
0.796
0.847
0.852
0.823
0.771
0.830
0.842
0.698
0.750
0.775
0.920
0.782
0.777
0.702
0.827
0.842
0.684
0.742
0.949
0.681
0.883
0.861
0.714
0.750
0.844
0.621
0.950
0.919
0.775
0.788
0.957
0.852
0.947
0.570
0.457
0.608
0.609
0.690
0.720
0.655
0.865
0.435
0.520
0.581
0.711
0.828
0.931
0.423
0.725
0.974
0.821
0.817
0.481
0.997
0.782
0.792
0.828
0.824
0.798
0.865
0.857
0.880
0.717
0.757
0.727
0.892
0.805
0.933
0.514
0.756
0.828
0.875
0.732
0.889
0.582
0.808
0.714
0.557
0.840
0.734
0.891
0.891
0.642
0.696
0.825
0.868
0.758
0.867
0.885
0.715
0.843
0.442
0.879
0.699
0.848
0.824
0.831
0.747
0.659
0.343
0.860
0.860
0.821
0.702
0.280
0.639
0.478
0.454
0.595
0.605
0.703
0.387
0.676
0.839
0.839
0.557
0.558
0.524
0.714
0.776
0.783
0.815
0.812
0.810
0.591
0.750
0.864
0.750
0.796
0.933
0.551
0.526
0.824
0.462
0.743
0.717
0.919
0.857
0.725
0.810
0.753
0.897
0.615
0.732
0.522
0.914
