0.010
0.170
0.220
0.310
0.590
0.670
0.720
0.880
1.020
1.070
1.280
1.340
1.390
1.530
1.590
1.710
1.930
2.070
2.250
2.300
2.400
2.610
2.660
2.720
2.770
2.900
2.980
3.110
3.160
3.250
3.370
3.460
3.690
3.810
4.060
4.110
4.160
4.370
4.500
4.670
4.750
4.860
5.090
5.210
5.380
5.440
5.520
5.570
5.630
5.720
5.790
5.890
5.940
6.160
6.260
6.470
6.520
6.610
6.660
6.740
6.960
7.020
7.190
7.240
7.310
7.360
7.500
7.550
7.600
7.660
7.740
7.890
7.940
7.990
8.040
8.130
8.270
8.350
8.590
8.700
8.910
8.960
9.060
9.310
9.400
9.750
