0.010
0.220
0.320
0.390
0.460
0.520
0.590
0.650
0.700
0.810
0.910
0.960
1.090
1.140
1.290
1.340
1.400
1.490
1.560
1.610
1.710
1.840
2.130
2.270
2.320
2.590
2.800
2.870
2.930
3.010
3.110
3.160
3.250
3.350
3.400
3.450
3.530
3.610
4.150
4.390
4.460
4.640
4.720
4.870
5.050
5.100
5.180
5.340
5.550
5.600
5.660
5.870
5.920
5.970
6.020
6.070
6.150
6.230
6.350
6.440
6.510
6.590
6.690
6.770
6.820
6.870
6.920
6.980
7.200
7.300
7.470
7.560
7.650
7.740
7.930
8.070
8.180
8.280
8.330
8.380
8.560
8.740
8.840
8.960
9.080
9.290
9.350
9.480
9.630
9.710
9.860
9.980
