0.010
0.520
0.760
0.890
0.960
1.100
1.150
1.240
1.310
1.380
1.430
1.620
1.670
1.730
1.820
1.930
2.090
2.140
2.210
2.290
2.440
2.600
2.700
2.750
2.820
2.940
2.990
3.290
3.480
3.540
3.590
3.650
3.700
3.800
3.970
4.100
4.160
4.210
4.310
4.360
4.510
4.650
4.760
4.860
5.060
5.210
5.330
5.380
5.550
5.660
5.760
5.840
5.900
6.010
6.070
6.120
6.170
6.240
6.330
6.390
6.440
6.540
6.590
6.690
6.840
7.020
7.070
7.250
7.370
7.550
7.610
7.750
7.890
7.940
8.020
8.070
8.120
8.340
8.400
8.490
8.550
8.730
8.890
8.970
9.020
9.130
9.180
9.240
9.310
9.380
9.430
9.550
9.610
9.810
9.940
9.990
