0.010
0.090
0.310
0.400
0.520
0.640
0.690
0.770
0.820
0.930
1.030
1.080
1.160
1.310
1.410
1.520
1.730
1.810
1.920
1.970
2.180
2.270
2.520
2.570
2.650
2.700
2.780
2.860
2.930
3.030
3.110
3.300
3.410
3.600
3.650
3.770
4.020
4.140
4.390
4.440
4.500
4.760
4.880
4.930
4.980
5.250
5.300
5.420
5.500
5.550
5.630
5.680
5.890
6.000
6.270
6.390
6.750
6.920
7.020
7.230
7.300
7.350
7.410
7.500
7.550
7.700
7.760
7.890
8.130
8.240
8.290
8.420
8.520
8.640
8.690
8.750
8.800
8.880
8.930
9.000
9.170
9.220
9.280
9.380
9.480
9.640
9.740
9.870
9.990
