0.420
0.470
0.520
0.790
0.920
1.060
1.190
1.340
1.650
1.930
2.050
2.260
2.840
3.480
3.690
3.880
4.310
4.460
4.760
4.860
5.010
5.320
5.600
5.720
5.860
6.010
6.150
6.430
6.480
6.700
6.860
7.120
7.240
7.440
8.100
8.200
8.380
8.650
8.780
9.330
9.380
9.500
9.620
9.930
10.360
10.500
10.910
11.470
12.330
13.050
13.160
13.210
13.370
13.580
14.080
15.100
15.510
16.560
16.860
17.120
17.970
18.020
18.080
18.190
18.270
18.320
18.450
18.580
19.120
19.170
19.390
19.440
19.490
19.590
19.720
19.860
20.250
20.300
20.560
20.610
20.690
20.740
20.840
21.110
21.160
21.270
21.320
21.390
21.660
21.710
21.820
21.950
22.000
22.050
22.120
22.350
22.600
22.720
