0.010
0.120
0.330
0.480
0.530
0.660
0.850
1.020
1.190
1.390
1.570
1.740
1.920
2.100
2.290
2.470
2.830
3.020
3.150
3.370
3.550
3.600
3.740
3.910
4.090
4.280
4.410
4.460
4.640
4.820
4.990
5.180
5.360
5.550
5.720
5.810
5.910
6.040
6.120
6.270
6.450
6.620
6.800
6.960
7.170
7.350
7.480
7.530
7.700
7.890
8.070
8.260
8.340
8.430
8.510
8.610
8.800
8.920
8.990
9.070
9.160
9.290
9.350
9.520
9.700
10.060
10.240
10.350
10.440
10.490
10.610
10.660
10.780
10.910
10.960
11.150
11.330
11.500
11.690
12.040
12.230
12.590
12.950
13.050
13.130
13.320
13.370
13.480
13.670
13.790
13.870
14.040
14.130
14.180
14.240
14.300
14.370
14.420
14.520
14.580
14.710
14.790
14.890
14.940
15.090
15.140
15.220
15.300
15.470
15.550
15.640
15.690
15.820
15.950
16.030
16.120
16.170
16.220
16.300
16.380
16.560
16.680
16.750
16.930
17.070
17.290
17.340
17.470
17.600
17.810
17.860
18.010
18.160
18.380
18.740
18.910
19.030
19.100
19.280
19.460
19.610
19.660
19.820
19.980
20.180
20.360
20.540
20.720
20.840
20.910
21.230
21.280
21.460
21.630
21.800
22.010
22.140
22.190
22.340
22.450
22.530
22.640
22.710
22.770
22.890
23.070
23.250
23.460
23.610
23.800
23.990
24.160
24.340
24.510
24.700
24.880
25.050
25.240
25.340
25.400
25.450
25.540
25.610
25.830
25.890
25.960
26.050
26.110
26.160
26.280
26.370
26.430
26.510
26.690
27.050
27.150
27.240
27.410
27.590
27.760
27.810
27.930
27.980
28.130
28.310
28.500
28.630
28.860
29.040
29.170
29.400
29.580
29.930
