0.300
0.740
0.820
0.870
0.920
0.970
1.040
1.090
1.140
1.190
1.240
1.440
1.670
1.800
1.920
2.040
2.150
2.370
2.490
2.610
2.730
2.840
2.960
3.080
3.190
3.300
3.420
3.540
3.650
3.770
3.880
4.010
4.110
4.230
4.350
4.460
4.570
4.680
4.730
4.810
4.910
5.360
5.470
5.520
5.570
5.620
5.670
5.740
5.790
5.840
6.060
6.290
6.410
6.530
6.650
6.770
6.980
7.030
7.110
7.230
7.350
7.460
7.570
7.690
7.810
7.920
8.040
8.150
8.270
8.390
8.500
8.620
8.730
8.850
8.960
9.080
9.190
9.300
9.430
9.520
10.050
10.100
10.150
10.220
10.270
10.320
10.370
10.420
10.470
10.670
10.910
11.030
11.150
11.260
11.380
11.600
11.730
11.850
11.960
12.070
12.190
12.310
12.420
12.540
12.650
12.770
12.880
13.000
13.120
13.230
13.340
13.460
13.580
13.700
13.800
13.910
14.040
14.140
14.560
14.670
14.720
14.770
14.820
14.890
14.940
14.990
15.040
15.090
15.290
15.520
15.650
15.760
15.880
16.000
16.220
16.340
16.460
16.580
16.690
16.810
16.920
17.040
17.150
17.270
17.390
17.500
17.620
17.730
17.850
17.960
18.080
18.200
18.310
18.420
18.530
18.660
18.760
19.280
19.370
19.420
19.470
19.550
19.600
19.670
19.910
20.140
20.270
20.380
20.500
20.610
20.830
20.880
20.970
21.080
21.200
21.310
21.430
21.540
21.650
21.770
21.890
22.000
22.120
22.230
22.350
22.470
22.580
22.690
22.810
22.930
23.040
23.150
23.280
23.370
23.980
24.030
24.080
24.130
24.180
24.230
24.280
24.520
24.750
24.880
25.000
25.110
25.230
25.450
25.570
25.690
25.810
25.920
26.030
26.150
26.270
26.380
26.500
26.610
26.730
26.850
26.960
27.080
27.190
27.310
27.430
27.540
27.650
27.760
27.890
27.990
28.520
28.640
28.690
28.820
28.870
28.920
29.140
29.370
29.500
29.620
29.730
29.840
30.060
30.110
30.200
30.310
30.430
30.540
30.660
30.780
30.890
31.000
31.120
31.230
31.350
31.470
31.580
31.700
31.810
31.920
32.040
32.160
32.270
32.380
32.510
32.600
33.060
33.170
33.220
33.300
33.350
33.400
33.450
33.500
33.550
33.750
33.980
34.110
34.230
34.350
34.460
34.680
34.800
34.920
35.040
35.150
35.270
35.390
35.500
35.610
35.730
35.850
35.960
36.080
36.190
36.310
36.420
36.540
36.660
36.770
36.880
37.000
37.120
37.220
37.460
37.750
37.870
37.920
37.970
38.020
38.100
38.150
38.370
38.600
38.650
38.730
38.840
38.960
39.070
39.300
39.430
39.540
39.660
39.770
39.880
40.010
40.120
40.230
40.350
40.470
40.580
40.690
40.810
40.930
41.040
41.160
41.270
41.400
41.500
41.610
41.740
41.830
42.350
42.440
42.490
42.540
42.620
42.670
42.720
42.770
42.980
43.220
43.340
43.460
43.580
43.690
43.910
44.040
44.150
44.270
44.390
44.500
44.620
44.730
44.850
44.960
45.080
45.200
45.310
45.430
45.540
45.650
45.770
45.890
46.010
46.110
46.220
46.360
46.450
46.690
47.020
47.070
47.140
47.250
47.300
47.350
47.400
47.600
47.830
47.880
47.960
48.070
48.190
48.310
48.530
48.660
48.780
48.880
49.000
49.120
49.230
49.350
49.470
49.580
49.700
49.810
49.930
50.030
50.160
50.270
50.380
50.510
50.620
50.730
50.840
50.970
51.060
51.590
51.680
51.730
51.780
51.830
51.880
51.930
51.980
52.220
52.450
52.570
52.690
52.810
52.920
53.140
53.270
53.390
53.500
53.620
53.730
53.850
53.960
54.080
54.200
54.310
54.430
54.540
54.660
54.770
54.890
55.000
55.120
55.240
55.350
55.460
55.580
55.680
55.920
56.140
56.370
56.560
56.610
56.830
57.070
57.190
57.300
57.430
57.530
57.760
57.890
57.990
58.120
58.230
58.350
58.470
58.580
58.690
58.810
58.910
58.960
59.040
59.160
59.270
59.380
59.500
59.610
59.740
59.850
59.960
