0.010
0.080
0.340
0.610
0.870
1.000
1.140
1.190
1.400
1.650
1.930
2.060
2.200
2.450
2.720
2.980
3.120
3.250
3.300
3.510
3.770
4.040
4.170
4.320
4.560
4.830
5.090
5.230
5.360
5.410
5.620
5.880
6.150
6.280
6.430
6.680
6.940
7.210
7.340
7.480
7.730
8.010
8.170
8.270
8.400
8.540
8.700
8.800
8.850
9.020
9.070
9.290
9.340
9.500
9.550
9.600
9.690
9.770
9.860
10.030
10.100
10.150
10.300
10.390
10.650
10.700
10.860
10.910
11.060
11.180
11.440
11.570
11.710
11.960
12.230
12.500
12.770
13.020
13.290
13.530
13.620
13.820
13.870
14.080
14.340
14.390
14.600
14.650
14.830
14.880
15.110
15.160
15.210
15.400
15.660
15.920
16.190
16.450
16.720
16.990
17.120
17.170
17.230
17.280
17.440
17.500
17.550
17.740
17.790
17.940
17.990
18.040
18.220
18.310
18.450
18.530
18.580
18.700
18.830
18.980
19.050
19.100
19.330
19.380
19.590
19.640
19.790
19.890
20.020
20.150
20.250
20.300
20.410
20.630
20.680
20.940
21.220
21.360
21.460
21.740
21.880
22.000
22.150
22.270
22.530
22.790
22.840
23.040
23.090
23.170
23.330
23.390
23.580
23.840
23.890
24.110
24.370
