0.010
0.060
0.150
0.200
0.280
0.430
0.540
0.760
0.860
1.030
1.080
1.150
1.470
1.730
1.780
1.960
2.170
2.370
2.420
2.520
2.680
2.790
2.870
2.920
2.970
3.330
3.510
3.570
3.710
3.900
3.950
4.080
4.180
4.420
4.500
4.660
4.790
4.980
5.070
5.380
5.680
5.880
5.980
6.190
6.250
6.300
6.450
6.570
6.730
6.780
6.870
6.920
7.060
7.160
7.340
7.390
7.460
7.520
7.660
7.730
8.330
8.560
8.650
8.860
8.920
9.150
9.230
9.510
9.700
9.750
9.800
9.890
10.100
10.590
10.700
11.010
11.200
11.280
11.390
11.490
11.570
11.620
11.670
11.870
11.990
12.080
12.180
12.260
12.310
12.410
12.460
12.620
12.780
12.990
13.060
13.280
13.360
13.440
13.650
13.840
13.890
13.960
14.160
14.210
14.260
14.430
14.520
14.570
14.620
14.820
15.030
15.150
15.330
15.420
15.590
15.710
15.790
15.890
15.960
16.010
16.180
16.240
16.570
16.720
16.770
16.850
17.060
17.140
17.390
17.470
17.720
17.770
18.040
18.290
18.340
18.540
18.610
18.820
18.890
19.080
