0.160
0.210
0.340
0.400
0.870
0.990
1.270
1.390
1.540
1.660
1.810
1.940
2.070
2.390
2.450
2.500
2.640
2.940
3.070
3.210
3.340
3.500
3.620
3.690
3.770
3.900
4.080
4.200
4.310
4.620
4.740
4.880
5.180
5.320
5.440
5.620
5.740
5.860
5.930
6.010
6.140
6.310
6.420
6.540
6.840
6.970
7.110
7.410
7.540
7.670
7.840
7.970
8.080
8.160
8.240
8.380
8.650
8.770
9.060
9.140
9.190
9.250
9.330
9.770
9.900
10.060
10.140
10.200
10.320
10.470
10.590
10.870
11.010
11.290
11.420
11.510
11.560
11.850
11.980
12.120
12.280
12.410
12.500
12.580
12.670
12.800
13.090
13.220
13.430
13.520
13.640
13.740
13.790
14.090
14.200
14.350
14.640
14.740
14.820
14.900
15.040
15.320
15.460
15.750
15.880
16.020
16.310
16.450
16.580
16.870
16.980
17.070
17.140
17.280
17.550
17.690
17.830
17.970
18.090
18.250
18.340
18.440
18.690
18.820
19.110
19.220
19.280
19.370
19.500
19.780
19.910
20.200
20.330
20.470
20.760
20.890
21.030
21.200
21.320
21.430
21.500
21.590
21.730
21.880
22.000
22.140
22.290
22.340
22.430
22.560
22.690
22.990
23.110
23.160
23.260
23.540
23.730
23.820
23.960
24.090
24.250
24.380
24.510
24.790
24.940
25.000
25.220
25.350
25.500
25.630
25.790
25.900
25.950
26.060
26.110
26.240
26.330
26.480
26.610
26.740
26.810
26.890
27.020
27.150
27.350
27.410
27.730
28.020
28.140
28.190
28.280
28.410
28.460
28.640
28.730
28.840
29.100
29.240
29.400
29.570
29.820
29.950
