0.010
0.110
0.190
0.240
1.130
1.200
1.250
1.520
1.730
1.810
1.910
1.980
2.100
2.270
2.950
3.190
3.250
4.210
4.260
4.630
4.680
4.730
4.780
4.890
5.060
5.140
5.280
5.330
5.390
5.500
5.550
5.650
5.780
5.990
6.230
6.280
6.560
7.240
8.240
8.290
9.040
9.230
9.280
9.520
9.670
9.740
9.890
9.950
10.170
10.320
10.450
10.600
10.880
11.230
11.470
12.210
12.260
13.040
13.220
13.270
13.320
13.390
13.510
13.640
13.700
13.750
13.810
13.880
13.930
14.010
14.070
14.140
14.190
14.330
14.380
14.560
15.010
15.180
15.430
16.150
16.200
16.910
16.990
17.130
17.180
17.430
17.510
17.610
17.850
18.150
19.050
19.130
