0.010
0.090
0.260
0.370
0.630
0.910
1.170
1.330
1.450
1.590
1.720
1.990
2.250
2.410
2.530
2.790
3.060
3.330
3.610
3.750
3.880
4.150
4.410
4.560
4.690
4.950
5.110
5.220
5.490
5.640
5.760
5.890
6.040
6.310
6.570
6.720
6.850
7.110
7.390
7.650
7.920
8.030
8.080
8.190
8.350
8.460
8.730
8.890
9.010
9.270
9.540
9.810
9.980
10.080
10.220
10.350
10.620
10.670
10.890
11.040
11.160
11.430
11.700
11.970
12.210
12.260
12.380
12.510
12.630
12.780
13.040
13.190
13.320
13.590
13.860
14.130
14.390
14.660
14.940
15.200
15.370
15.480
15.740
16.010
16.280
16.550
16.830
16.970
17.100
17.360
17.520
17.640
17.900
18.170
18.440
18.610
18.710
18.850
18.980
19.250
19.520
19.680
19.790
20.060
20.330
