0.010
0.420
0.500
0.760
1.070
1.370
1.660
1.960
2.280
2.570
2.870
3.170
3.470
3.780
4.080
4.380
4.690
4.990
5.290
5.600
5.650
5.890
6.200
6.490
6.720
6.790
7.110
7.410
7.710
7.980
8.190
8.310
8.620
8.910
9.220
9.360
9.410
9.520
9.640
9.830
10.000
10.130
10.480
10.740
11.040
11.340
11.650
11.950
12.250
12.390
12.560
12.870
12.920
13.180
13.480
13.780
14.090
14.390
14.690
14.990
15.300
15.350
15.620
15.890
16.200
16.500
16.790
17.100
17.410
17.730
18.040
18.310
18.620
18.930
19.080
19.230
19.520
19.660
19.830
20.150
20.200
20.300
20.450
20.750
