0.010
2.230
2.530
2.720
2.920
3.100
3.280
3.450
3.620
3.800
3.960
4.140
4.310
4.510
4.670
4.860
5.000
5.180
5.340
5.510
5.680
5.860
6.030
6.200
6.360
6.410
6.560
6.750
6.910
7.100
7.250
7.410
7.610
7.800
7.970
8.130
8.280
8.460
8.620
8.830
8.990
9.180
9.340
9.530
9.780
10.030
10.270
10.470
10.740
11.040
11.400
11.660
11.890
12.120
12.340
12.530
12.720
12.960
13.190
13.460
13.770
14.300
14.830
14.930
15.230
15.460
15.510
15.680
15.790
15.840
16.000
16.140
16.190
16.300
16.420
16.470
16.590
16.730
16.870
17.060
17.170
17.360
17.410
17.460
17.620
17.840
18.000
18.250
18.300
18.470
18.780
18.880
19.190
19.340
19.420
19.510
19.650
19.790
19.950
20.020
20.100
20.240
20.390
20.530
20.680
20.750
20.860
21.030
21.180
21.390
21.620
21.830
22.040
22.100
22.290
22.570
22.730
22.880
23.040
23.240
23.440
23.630
23.810
23.910
24.010
24.060
24.210
24.620
24.800
24.990
25.140
25.340
25.390
25.510
25.730
25.860
26.030
26.160
26.210
26.350
26.520
26.710
26.890
26.940
27.040
27.120
27.240
27.430
27.640
27.780
27.970
28.140
28.280
28.420
28.520
28.650
28.820
29.020
29.200
29.360
29.520
29.710
29.760
29.860
29.910
29.990
30.130
30.190
30.390
30.560
30.730
30.900
30.950
31.110
31.280
31.450
31.650
31.890
32.080
32.270
32.490
32.570
32.770
32.990
33.260
33.550
33.670
33.760
33.950
34.120
34.320
34.470
34.640
34.800
34.960
35.120
35.280
35.430
35.600
35.780
35.960
36.140
36.280
36.440
36.600
36.740
36.910
37.090
37.240
37.430
37.580
37.840
37.890
38.060
38.110
38.230
38.370
38.500
38.670
38.820
39.000
39.110
39.250
39.430
39.480
39.550
39.760
39.920
40.080
40.220
40.370
40.490
40.670
40.850
40.960
41.060
41.130
41.280
41.370
41.590
41.640
41.800
41.950
42.100
42.250
42.350
42.500
42.690
42.740
42.820
42.940
42.990
43.100
43.150
43.220
43.420
43.500
43.630
43.760
43.900
44.020
44.070
44.180
44.330
44.500
44.670
44.720
44.830
44.960
45.010
45.130
45.320
45.390
45.500
45.670
45.830
45.880
45.980
46.140
46.360
46.570
46.690
46.770
46.900
46.950
47.140
47.400
47.460
47.620
47.670
47.740
47.910
48.070
48.170
48.360
48.540
48.710
48.870
49.010
49.140
49.190
49.350
49.420
49.560
49.700
49.880
49.930
50.060
50.220
50.440
50.490
50.670
50.810
51.020
51.200
51.250
51.450
51.770
51.840
52.000
52.180
52.230
52.350
52.520
52.690
52.860
53.020
53.200
53.380
53.560
53.720
53.970
54.630
55.230
55.770
56.430
56.480
56.770
57.010
57.060
57.230
57.380
57.540
57.700
57.860
58.040
58.190
58.380
58.660
58.950
59.200
59.490
59.740
59.790
59.990
