0.010
0.110
0.180
0.270
0.520
0.570
0.750
0.820
0.870
0.980
1.070
1.160
1.450
1.520
1.670
1.740
1.790
2.010
2.060
2.280
2.540
2.590
2.660
2.720
2.830
2.880
2.930
3.670
3.720
4.020
4.190
4.290
4.560
4.650
4.720
4.770
4.860
4.960
5.040
5.130
5.180
5.230
5.280
5.330
5.410
5.470
5.520
5.570
5.620
5.850
6.310
6.400
6.550
6.730
6.900
7.100
7.200
7.260
7.380
7.450
7.580
7.940
7.990
8.060
8.180
8.330
8.440
8.490
8.680
8.970
9.020
9.090
9.150
9.200
9.250
9.340
9.400
9.450
9.500
9.550
9.670
10.110
10.250
10.340
10.630
10.790
11.140
11.190
11.240
11.340
11.390
11.480
11.570
11.720
11.770
11.860
11.910
12.090
12.210
12.260
12.380
12.430
12.530
12.600
12.650
12.750
13.300
13.420
13.470
13.550
13.600
13.700
13.830
14.420
14.470
14.550
14.600
14.700
14.810
14.920
15.410
15.580
15.690
15.780
15.840
16.180
16.440
16.490
16.550
16.680
16.830
16.880
17.000
17.200
17.250
17.300
17.350
17.450
17.560
17.610
17.680
17.740
17.800
17.910
18.080
18.140
18.340
18.410
18.460
18.550
18.600
18.760
18.820
18.890
19.030
19.130
19.180
19.230
19.280
19.740
19.790
19.920
20.210
20.710
20.800
20.880
20.950
21.000
21.060
21.170
21.440
21.720
21.770
21.820
21.890
22.270
22.770
22.860
22.970
23.030
23.310
23.790
23.840
23.890
23.960
24.060
24.110
24.310
24.440
24.890
24.940
25.020
25.100
25.250
25.310
25.370
25.490
25.550
25.670
25.770
25.860
25.920
25.970
26.050
26.120
26.190
26.250
26.370
27.020
27.070
27.150
27.250
27.320
27.480
27.530
27.580
27.680
27.800
28.100
28.150
28.210
28.280
28.460
28.550
28.600
28.650
28.700
29.160
