0.010
0.110
0.250
0.360
0.470
0.710
0.830
0.950
1.070
1.170
1.300
1.350
1.400
1.500
1.590
1.640
1.750
1.860
1.960
2.090
2.220
2.310
2.440
2.560
2.670
2.780
3.020
3.160
3.250
3.360
3.430
3.480
3.530
3.600
3.710
3.940
4.060
4.170
4.320
4.400
4.520
4.570
4.630
4.760
4.860
4.980
5.090
5.210
5.330
5.440
5.560
5.610
5.670
5.780
5.920
5.970
6.020
6.120
6.180
6.250
6.350
6.470
6.600
6.710
6.820
6.940
7.060
7.180
7.330
7.400
7.450
7.520
7.630
7.860
8.090
8.140
8.290
8.410
9.010
9.250
9.300
9.450
9.500
9.690
9.880
9.930
10.100
10.460
10.610
10.660
10.860
11.090
11.450
11.550
11.600
11.790
12.080
12.240
12.530
12.700
12.940
13.100
13.160
13.290
13.390
13.450
13.520
13.630
13.680
13.860
14.100
14.230
14.460
14.710
14.780
14.830
15.020
15.170
15.240
15.470
15.710
15.950
16.070
16.400
16.490
16.540
16.620
16.830
16.880
17.020
17.090
17.140
17.290
17.420
17.540
17.590
17.850
17.970
18.020
18.070
18.200
18.250
18.480
18.720
18.930
19.170
19.220
19.440
19.630
19.740
19.870
19.920
20.090
20.210
20.320
20.370
20.550
20.660
20.710
20.760
20.810
21.010
21.070
21.220
21.270
21.500
21.550
21.680
21.730
21.830
21.950
22.020
22.070
22.150
22.310
22.410
22.550
22.610
22.660
22.770
22.870
22.980
23.100
23.220
23.330
23.430
23.550
23.670
23.740
23.790
23.910
24.010
24.180
24.250
24.360
24.440
24.490
24.720
24.830
24.930
25.080
25.170
25.290
25.400
25.520
25.580
25.640
25.750
25.800
25.860
25.910
26.090
26.140
26.220
26.320
26.400
26.470
26.550
26.680
26.730
26.780
27.010
27.200
27.250
27.360
27.430
27.480
27.600
27.700
27.750
27.880
27.940
28.060
28.160
28.300
28.400
28.450
28.520
28.610
28.660
28.760
28.860
29.010
29.090
29.220
29.280
29.340
29.450
29.550
29.800
