0.010
0.070
0.290
0.340
0.420
0.520
0.570
0.860
0.960
1.080
1.240
1.290
1.390
1.480
1.620
1.670
1.720
1.790
1.860
1.930
2.230
2.280
2.330
2.460
2.540
2.610
2.660
2.820
2.880
2.970
3.090
3.160
3.300
3.500
3.630
3.720
3.810
3.930
3.980
4.100
4.150
4.290
4.350
4.440
4.590
4.640
4.800
4.850
5.040
5.210
5.450
5.500
5.550
5.660
5.770
5.910
6.080
6.240
6.290
6.340
6.520
6.870
6.930
6.990
7.170
7.230
7.310
7.360
7.410
7.470
7.610
7.690
7.740
7.790
7.860
8.010
8.060
8.140
8.230
8.640
9.060
9.480
9.700
9.930
10.140
10.350
10.420
10.490
10.540
10.600
10.650
10.780
10.830
10.880
10.930
11.000
11.050
11.120
11.210
11.280
11.390
11.440
11.560
11.650
11.800
11.900
12.080
12.180
12.320
12.370
12.520
12.570
12.620
12.860
12.940
13.030
13.170
13.220
13.290
13.380
13.590
13.800
14.010
14.060
14.220
14.270
14.340
14.450
14.520
14.660
14.730
14.790
14.860
14.950
15.080
15.130
15.210
15.260
15.340
15.430
15.480
15.530
15.580
15.750
15.860
15.950
16.090
16.190
16.260
16.360
16.610
16.700
16.810
17.010
17.220
17.310
17.420
17.640
17.690
17.880
17.970
18.080
18.240
18.310
18.440
18.490
18.540
18.610
18.710
18.800
18.940
19.010
19.060
19.260
19.350
19.400
19.470
19.540
19.610
19.750
19.800
20.020
20.100
20.230
20.340
20.490
20.550
20.640
20.800
20.880
20.970
21.030
21.100
21.180
21.370
21.420
21.500
21.610
21.720
21.940
22.350
22.590
22.690
22.790
22.880
23.120
23.230
23.440
23.550
23.600
23.730
23.860
23.950
24.000
24.100
24.350
24.520
24.570
24.620
24.710
24.780
24.840
24.890
24.960
25.020
25.090
25.190
25.380
25.800
26.230
26.410
26.530
26.590
26.670
26.800
26.890
26.960
27.080
27.200
27.250
27.310
27.480
27.530
27.600
27.760
27.810
27.960
28.010
28.060
28.160
28.290
28.350
28.400
28.520
28.570
28.800
28.990
29.040
29.110
29.170
29.240
29.560
29.660
