0.010
0.100
0.150
0.310
0.420
0.640
0.810
0.860
0.980
1.080
1.140
1.190
1.290
1.340
1.490
1.540
1.640
1.820
1.870
1.990
2.150
2.310
2.500
2.660
2.750
2.830
2.990
3.160
3.210
3.310
3.490
3.650
3.830
3.980
4.030
4.150
4.460
4.510
4.590
4.770
4.820
4.920
5.110
5.160
5.300
5.390
5.480
5.780
6.100
6.200
6.260
6.470
6.630
6.700
6.820
7.110
7.160
7.420
7.570
7.670
7.790
7.970
8.060
8.140
8.470
8.770
8.980
9.030
9.140
9.240
9.300
9.480
9.640
9.820
9.870
9.970
10.140
10.260
10.310
10.480
10.640
10.690
10.810
10.980
11.160
11.310
11.480
11.640
11.810
11.970
12.140
12.310
12.480
12.640
12.810
12.980
13.140
13.300
13.350
13.480
13.640
13.810
13.970
14.150
14.260
14.310
14.470
14.640
14.800
15.110
15.430
15.480
15.600
15.650
15.800
15.850
15.960
16.070
16.140
16.210
16.460
16.600
16.820
16.870
16.960
17.140
17.200
17.300
17.380
17.470
17.810
18.160
18.340
18.440
18.520
18.630
18.720
18.800
19.150
19.480
19.660
19.750
19.960
20.130
20.310
20.480
20.630
20.680
20.810
20.930
20.980
21.130
21.300
21.420
21.470
21.630
21.810
21.970
22.140
22.300
22.470
22.560
22.630
22.800
22.960
23.130
23.300
23.470
23.520
23.640
23.800
23.970
24.130
24.300
24.470
24.630
24.700
24.750
24.800
24.960
25.130
25.300
25.350
25.400
25.480
25.640
25.810
25.960
26.140
26.290
26.460
26.630
26.680
26.810
26.960
27.140
27.200
27.290
27.340
27.460
27.620
27.740
27.800
27.950
28.070
28.120
28.170
28.300
28.460
28.550
28.630
28.760
28.810
28.970
29.080
29.130
29.200
29.300
29.350
29.470
29.520
29.620
29.800
