0.010
0.060
0.250
0.360
0.450
0.650
0.850
0.960
1.070
1.260
1.360
1.460
1.660
1.870
1.920
2.070
2.270
2.320
2.470
2.580
2.690
2.880
2.980
3.090
3.290
3.490
3.690
3.890
3.940
4.090
4.200
4.310
4.500
4.710
4.910
5.120
5.320
5.420
5.520
5.720
5.830
6.130
6.340
6.530
6.830
6.940
7.140
7.190
7.340
7.450
7.750
7.960
8.150
8.370
8.570
8.760
8.810
8.970
9.070
9.370
9.570
9.770
9.980
10.180
10.390
10.580
10.740
10.860
10.990
11.100
11.200
11.300
11.400
11.600
11.710
11.810
12.000
12.210
12.310
12.430
12.610
12.720
12.820
12.920
12.970
13.020
13.230
13.330
13.430
13.630
13.830
13.940
14.060
14.240
14.350
14.440
14.580
14.640
14.850
15.060
15.250
15.300
15.460
15.560
15.660
15.870
16.070
16.280
16.400
16.500
16.580
16.680
16.790
16.890
16.940
17.090
17.190
17.290
17.490
17.600
17.700
17.800
17.900
18.000
18.110
18.160
18.210
18.310
18.410
18.510
18.610
18.720
18.820
18.920
19.120
19.230
19.320
19.430
19.530
19.630
19.930
20.050
20.140
20.240
20.330
20.540
20.640
20.850
21.040
21.160
21.350
21.550
21.750
21.960
22.010
22.130
22.230
22.280
22.360
22.570
22.680
22.770
22.970
23.020
23.090
23.180
23.370
23.580
23.790
23.840
23.990
24.090
24.190
24.400
24.500
24.600
24.700
24.800
25.010
25.110
25.220
25.320
25.420
25.520
25.620
25.810
25.920
26.020
26.320
26.430
26.620
26.680
26.830
26.930
27.140
27.230
27.340
27.450
27.640
27.850
27.940
28.050
28.250
28.450
28.560
28.760
28.860
29.060
29.270
29.570
29.680
29.880
