1.000
1.200
1.310
1.430
1.500
1.550
1.670
1.720
1.800
1.910
2.030
2.260
2.380
2.430
2.500
2.620
2.740
2.790
2.860
2.930
2.980
3.100
3.150
3.330
3.460
3.510
3.690
3.810
3.860
3.980
4.090
4.170
4.220
4.350
4.410
4.500
4.620
4.670
4.810
4.900
4.950
5.020
5.210
5.280
5.520
5.820
5.940
5.990
6.200
6.280
6.370
6.670
6.720
6.770
6.860
6.930
6.990
7.040
7.230
7.280
7.360
7.420
7.510
7.770
7.820
7.880
7.960
8.080
8.130
8.320
8.380
8.510
8.690
8.850
9.150
9.210
9.260
9.370
9.420
9.550
9.660
9.730
9.800
9.910
10.270
10.320
10.620
10.810
10.860
10.990
11.040
11.340
11.540
11.700
11.880
12.060
12.400
12.450
12.500
12.630
12.680
12.730
12.790
12.840
12.890
13.070
13.170
13.220
13.520
13.600
13.670
13.720
13.810
13.860
13.910
13.970
14.050
14.100
14.190
14.240
14.530
14.580
14.680
14.730
14.780
14.860
14.910
14.960
15.010
15.130
15.230
15.350
15.400
15.490
15.550
15.600
15.730
15.810
15.890
15.940
16.220
16.360
16.460
16.590
16.670
16.750
16.800
16.980
17.110
17.320
17.410
17.470
17.550
17.740
18.020
18.070
18.160
18.210
18.350
18.400
18.470
18.670
18.770
18.890
18.960
19.010
19.060
19.410
19.540
19.770
20.010
20.120
20.170
20.220
20.350
20.430
20.480
20.530
20.580
20.730
20.910
21.020
21.080
21.300
21.350
21.510
21.630
21.760
22.020
22.130
22.180
22.230
22.310
22.400
22.560
22.610
23.010
23.390
23.440
23.490
23.600
23.890
23.940
24.200
24.330
24.630
24.740
24.810
24.910
24.960
25.190
25.240
25.380
25.460
25.660
25.830
25.910
26.130
26.350
26.420
26.580
26.680
26.800
26.900
27.010
27.140
27.240
27.320
27.390
27.450
27.660
27.770
27.850
28.040
28.090
28.150
28.220
28.270
28.410
28.500
28.590
28.640
28.760
28.940
29.000
29.110
29.300
29.400
29.490
29.660
29.830
30.010
30.060
30.190
30.310
30.370
30.550
30.600
30.650
30.730
30.900
31.080
31.260
31.310
31.440
31.620
31.790
31.950
32.000
32.150
32.230
32.310
32.360
32.500
32.670
32.860
33.040
33.220
33.290
33.400
33.510
33.580
33.750
33.840
33.940
34.110
34.160
34.290
34.470
34.650
34.820
35.000
35.140
35.190
35.360
35.520
35.720
35.840
35.890
35.990
36.070
36.250
36.310
36.430
36.580
36.780
36.960
37.160
37.300
37.480
37.670
37.850
38.030
38.210
38.380
38.570
38.740
