1.970
2.100
5.690
6.040
6.950
9.830
10.490
10.990
12.290
12.960
13.440
13.590
14.780
15.810
17.780
18.070
18.200
18.340
18.390
19.760
19.860
19.960
22.340
22.740
23.020
23.190
27.330
29.200
29.280
30.570
31.170
31.310
32.100
32.850
34.150
34.770
35.100
35.230
36.360
36.790
37.510
37.980
38.030
38.970
39.150
39.440
39.490
39.540
39.670
39.850
40.220
41.490
43.160
43.660
45.110
45.490
46.280
47.060
47.110
47.320
47.630
47.920
47.970
48.090
48.150
48.420
48.470
48.540
48.720
49.030
49.190
49.300
49.620
50.370
50.490
51.730
52.630
52.810
52.860
53.040
53.370
54.530
54.800
55.530
55.910
56.090
56.210
56.330
56.380
56.510
56.780
57.160
57.280
57.360
57.440
57.530
57.650
57.810
58.010
58.380
58.480
58.660
58.880
59.150
59.360
59.630
59.960
60.060
60.530
60.640
60.820
60.870
60.920
61.040
61.180
61.230
61.830
61.950
62.130
62.240
63.150
63.200
63.350
63.400
63.910
64.360
64.470
64.520
64.570
64.960
65.130
65.270
65.320
65.410
65.710
66.610
67.150
67.220
67.340
67.390
67.610
67.760
67.940
68.060
68.110
68.170
68.280
68.330
68.490
68.540
68.700
68.780
68.890
68.990
69.260
69.310
69.470
69.760
69.950
70.030
70.100
70.180
70.480
70.600
70.940
71.040
71.090
71.140
71.400
71.820
71.870
72.020
72.070
72.120
72.650
74.050
74.340
74.660
74.710
74.820
75.280
75.640
75.740
75.910
76.150
76.220
76.280
76.360
76.420
76.660
76.790
76.860
76.910
76.960
77.210
77.260
77.330
77.470
77.570
77.630
77.680
77.980
78.090
78.210
78.320
78.470
78.580
78.660
78.710
79.180
79.490
79.560
79.660
79.710
79.850
80.100
80.150
80.200
80.360
80.480
80.750
80.980
81.030
81.100
81.530
81.580
81.690
81.780
81.830
82.000
82.260
82.430
82.480
82.610
82.660
82.840
83.020
83.070
83.120
83.450
83.580
83.650
83.700
83.790
83.840
83.930
84.220
84.320
84.440
84.720
84.990
85.040
85.200
85.250
85.300
85.490
85.550
85.600
85.760
86.080
86.390
86.470
86.520
86.770
87.620
87.700
87.820
87.920
88.020
88.070
88.120
88.230
88.320
88.430
88.850
88.980
89.300
90.880
91.010
91.520
91.610
91.690
91.840
91.890
92.000
92.190
92.490
92.610
92.960
93.090
93.210
93.280
93.330
93.430
93.500
93.980
94.040
95.650
96.280
