0.060
0.410
0.660
1.030
1.150
1.410
1.530
1.790
2.540
2.700
2.900
3.100
3.330
3.480
3.720
3.860
4.100
4.640
5.030
5.270
5.640
5.840
6.050
6.200
6.240
6.820
7.200
7.340
7.720
7.980
8.360
8.530
8.740
9.140
9.900
11.050
11.180
11.440
11.820
12.330
12.720
13.360
13.500
13.760
13.870
14.120
14.500
14.870
14.910
15.030
15.240
15.410
15.640
15.800
16.170
16.420
16.950
17.330
17.570
17.940
18.140
18.470
18.510
18.720
18.860
19.090
19.590
19.970
20.200
20.550
20.690
20.910
21.060
21.300
21.670
22.200
22.450
22.560
22.850
23.600
24.110
24.440
25.120
25.250
25.660
26.030
26.430
26.820
27.430
27.810
28.230
28.610
29.150
29.390
29.580
29.790
30.090
