0.010
0.090
0.230
0.380
0.820
1.130
1.420
1.730
1.910
2.020
2.210
2.340
2.490
2.640
2.780
2.970
3.080
3.220
3.540
3.820
4.130
4.290
4.420
4.740
4.880
5.030
5.170
5.330
5.620
5.760
5.940
6.070
6.220
6.520
6.830
6.960
7.140
7.280
7.430
7.580
8.020
8.340
8.620
8.930
9.070
9.220
9.540
9.690
9.830
10.420
10.730
11.020
11.330
11.510
11.620
11.810
11.940
12.090
12.240
12.380
12.570
12.680
12.820
13.140
13.420
13.730
13.890
14.020
14.330
14.480
14.630
14.770
15.220
15.540
15.670
15.820
16.430
16.560
16.720
16.880
17.030
17.170
17.330
17.460
17.620
17.820
17.940
18.050
18.090
18.220
18.400
18.540
18.680
18.830
19.140
19.290
19.600
19.770
19.860
20.020
20.340
20.500
20.620
20.930
21.090
21.220
21.690
21.830
22.170
22.380
22.430
22.610
23.020
23.200
23.330
23.480
23.620
24.100
24.240
24.820
25.140
25.420
25.810
25.870
26.020
26.190
26.310
26.480
26.600
26.790
26.930
27.240
27.310
27.420
27.540
27.660
27.820
27.990
28.130
28.280
28.430
28.610
28.740
28.880
29.030
29.620
29.740
29.930
