0.010
0.370
0.530
0.700
0.880
1.250
1.390
1.550
1.730
2.060
2.230
2.410
2.580
2.750
2.940
3.250
3.350
3.430
3.610
3.760
3.960
4.110
4.290
4.450
4.630
4.720
4.790
4.960
5.130
5.330
5.480
5.680
5.830
5.980
6.150
6.330
6.490
6.840
7.010
7.170
7.360
7.510
7.690
7.840
7.960
8.200
8.380
8.550
8.710
8.760
8.880
9.060
9.220
9.400
9.570
9.750
9.910
10.080
10.240
10.420
10.820
10.920
11.110
11.430
11.600
11.780
11.940
12.120
12.290
12.460
12.630
12.800
12.970
13.140
13.310
13.480
13.640
13.820
14.170
14.330
14.690
14.900
15.030
15.190
15.350
15.690
15.860
16.050
16.370
16.890
16.940
17.060
17.250
17.400
17.460
17.740
17.900
18.090
18.290
18.420
18.760
18.930
19.100
19.440
19.610
19.670
19.780
19.960
20.120
20.450
20.630
20.770
20.980
21.140
21.310
21.490
21.660
21.820
22.180
22.330
22.510
22.690
23.200
23.350
23.530
23.700
23.870
24.050
24.220
24.380
