0.340
0.750
1.180
1.590
2.010
2.430
3.270
3.690
4.110
4.530
4.950
5.370
5.790
6.210
6.630
7.050
7.470
7.890
9.150
9.570
9.990
10.410
10.820
11.240
11.660
12.080
12.930
13.540
14.180
14.600
14.890
15.270
15.500
15.860
16.280
16.700
16.920
16.990
17.080
17.120
17.390
17.540
17.800
17.960
18.260
18.380
18.810
19.190
19.460
19.640
20.650
21.070
21.490
21.750
21.910
22.150
22.330
22.720
23.170
23.590
23.870
24.020
24.150
24.430
24.840
25.110
25.230
25.270
25.530
25.680
25.900
26.350
26.530
26.940
27.380
27.780
28.210
28.440
28.620
29.040
29.450
29.750
30.020
30.170
30.300
30.620
30.730
