0.010
0.070
0.240
0.360
0.700
1.010
1.180
1.500
1.650
1.810
2.120
2.260
2.590
2.910
3.240
3.410
3.550
3.720
4.050
4.200
4.370
4.660
4.820
5.150
5.460
5.800
5.960
6.100
6.210
6.270
6.590
6.750
6.910
7.210
7.360
7.700
7.810
7.860
8.000
8.200
8.300
8.450
8.510
8.640
8.810
9.140
9.280
9.440
9.770
9.920
10.240
10.420
10.560
10.900
11.200
11.380
11.700
11.850
11.990
12.070
12.470
12.800
13.000
13.110
13.460
13.760
14.070
14.260
14.390
14.560
14.880
15.020
15.200
15.510
16.000
16.160
16.480
16.640
16.940
17.110
17.250
17.400
17.570
17.860
18.050
18.210
18.510
18.730
18.870
19.040
19.180
19.350
19.510
19.680
19.850
19.990
20.140
20.480
20.790
21.140
21.430
21.620
21.740
21.930
22.080
22.240
22.580
22.710
23.050
23.370
23.480
23.710
24.040
24.200
24.390
24.660
24.840
25.160
25.640
25.820
25.960
26.280
26.540
26.600
26.770
27.040
27.230
27.570
27.870
28.040
28.180
28.370
28.510
28.840
29.010
29.150
29.320
29.650
29.800
