0.170
0.230
0.370
0.440
0.500
0.570
0.700
0.760
0.830
0.900
0.970
1.030
1.340
1.410
1.670
1.790
1.920
2.170
2.320
2.580
2.680
2.810
2.860
3.030
3.170
3.280
3.410
3.530
3.650
3.770
3.900
4.030
4.160
4.290
4.420
4.550
4.670
4.780
4.920
5.040
5.180
5.290
5.420
5.540
5.660
5.790
5.920
6.030
6.170
6.310
6.430
6.560
6.680
6.800
6.930
7.040
7.170
7.300
7.410
7.520
7.650
7.760
7.900
8.030
8.150
8.280
8.410
8.530
8.640
8.760
9.020
9.150
9.260
9.400
9.530
9.650
9.770
9.900
10.020
10.140
10.270
10.410
10.530
10.650
10.780
10.910
11.020
11.150
11.260
11.410
11.530
11.660
11.790
11.910
12.040
12.160
12.280
12.410
12.530
12.650
12.750
12.900
13.020
13.160
13.270
13.390
13.520
13.650
13.780
13.910
14.030
14.170
14.290
14.420
14.540
14.650
14.790
14.920
15.030
15.160
15.270
15.400
15.530
15.650
15.770
15.910
16.020
16.150
16.270
16.400
16.510
16.640
16.760
16.890
17.020
17.160
17.270
17.410
17.530
17.640
17.760
17.900
18.020
18.140
18.260
18.390
18.520
18.630
18.770
18.890
19.020
19.160
19.270
19.380
19.510
19.600
19.740
19.790
19.870
20.000
20.120
20.250
20.380
20.510
20.620
20.750
20.800
21.020
21.140
21.260
21.380
21.510
21.620
21.750
21.890
22.010
22.140
22.260
22.390
22.510
22.640
22.770
22.900
23.010
23.140
23.260
23.400
23.520
23.640
23.760
23.890
24.010
24.140
24.260
24.400
24.520
24.630
24.760
25.040
25.160
25.280
25.410
25.530
25.640
25.760
25.890
26.010
26.130
26.260
26.380
26.510
26.620
26.750
26.880
27.010
27.140
27.250
27.380
27.500
27.620
27.740
27.870
27.990
28.110
28.250
28.370
28.500
28.600
28.730
28.790
28.870
28.980
29.130
29.290
29.390
29.510
29.620
29.750
29.880
30.010
30.130
30.260
30.390
30.520
30.640
30.770
30.880
31.010
31.140
31.270
31.390
31.510
31.630
31.740
31.870
32.000
32.120
32.250
32.370
32.490
32.610
32.750
32.870
33.000
33.130
33.250
33.380
33.510
33.610
33.750
33.870
33.990
34.130
34.260
34.390
34.510
34.630
34.750
34.890
35.010
35.140
35.260
35.390
35.520
35.630
35.740
36.030
36.160
36.270
36.390
36.520
36.620
36.750
36.820
36.910
37.040
37.160
37.270
37.400
37.530
37.650
