0.300
0.450
1.670
1.760
5.500
8.370
8.560
11.310
11.360
12.370
12.660
13.760
14.600
16.430
18.290
19.350
20.910
23.520
23.570
24.150
24.710
24.860
24.990
25.170
25.290
25.470
26.010
26.170
26.570
27.670
27.710
28.070
28.420
28.580
28.640
29.040
29.340
30.610
30.840
31.040
33.000
33.390
33.580
33.910
34.220
34.460
34.610
37.260
37.600
37.690
37.850
39.050
39.320
41.630
41.770
42.350
44.670
44.970
45.150
46.830
47.000
50.080
50.440
51.280
51.740
52.100
52.420
52.510
53.260
53.470
53.630
53.920
54.130
54.290
55.140
55.680
55.830
56.030
56.160
56.470
56.840
57.100
57.480
57.640
58.190
58.770
59.090
59.170
59.370
59.930
60.730
