0.220
0.910
1.590
2.230
2.840
3.460
4.040
4.610
4.910
5.150
5.450
5.710
5.980
6.240
6.770
7.050
7.300
7.560
7.810
8.070
8.320
8.570
8.820
9.070
9.330
9.560
9.820
10.050
10.290
10.520
10.750
11.000
11.190
11.400
11.610
11.810
12.000
12.210
12.590
12.810
12.980
13.170
13.360
13.540
13.710
13.900
14.060
14.230
14.410
14.740
14.920
15.060
15.230
15.390
15.550
15.690
15.840
15.970
16.120
16.270
16.420
16.540
16.670
16.800
16.920
17.050
17.190
17.290
17.400
17.520
17.630
17.740
17.860
17.960
18.040
18.150
18.240
18.350
18.560
18.640
18.750
18.830
18.970
21.220
21.490
21.750
21.880
22.000
22.260
22.800
23.080
23.480
23.590
23.850
24.130
24.280
24.390
24.660
24.920
25.200
25.470
25.640
25.730
26.000
26.270
26.420
26.530
26.790
27.060
27.340
27.600
27.760
27.860
28.130
28.400
28.560
28.660
28.930
29.190
29.460
29.600
29.730
30.000
30.270
30.410
30.520
30.780
30.910
31.320
31.890
32.030
32.140
32.410
32.670
32.840
32.940
33.480
33.760
33.920
34.030
34.170
34.280
34.540
34.680
34.830
34.960
35.080
35.340
35.620
35.890
36.160
36.300
36.420
36.680
36.960
37.110
37.220
37.490
37.760
38.040
38.160
38.430
38.550
38.710
38.810
38.970
39.080
39.340
39.880
40.290
40.570
40.680
40.950
41.230
41.370
41.480
41.650
41.740
42.010
42.290
42.560
42.720
42.820
43.090
43.360
43.520
43.620
43.770
43.880
44.140
44.410
44.670
44.930
45.200
45.480
45.720
45.940
46.050
46.130
46.240
46.500
46.890
47.020
47.270
47.410
47.530
47.800
48.330
48.760
49.020
49.140
49.390
49.670
49.820
49.940
50.190
50.450
50.720
50.990
51.150
51.250
51.520
51.790
52.060
52.310
52.570
52.840
52.990
53.260
53.380
53.640
53.910
54.060
54.160
54.340
54.440
54.690
54.970
55.090
55.360
55.630
55.900
56.020
56.290
56.830
57.120
57.390
57.520
57.640
57.900
58.160
58.330
58.430
58.690
58.960
59.230
59.370
59.650
59.760
60.010
60.170
60.430
60.550
60.800
61.070
61.340
61.610
61.760
61.880
62.130
62.410
62.560
62.670
62.940
63.200
63.480
63.620
63.750
63.910
64.170
64.290
64.430
64.540
64.820
65.360
65.910
66.030
66.160
66.420
66.690
66.850
66.960
67.220
67.490
67.760
67.910
68.040
68.180
68.300
68.560
68.720
68.970
69.100
69.360
69.630
69.910
70.180
70.340
70.440
70.710
70.980
71.140
71.240
71.510
71.770
72.050
72.300
72.370
72.460
72.630
72.790
72.880
72.970
73.070
73.330
73.440
73.860
74.580
74.680
74.950
75.230
75.390
75.480
75.760
76.020
76.290
76.570
76.730
76.840
77.110
77.380
77.560
77.650
77.920
78.190
78.460
78.730
78.890
79.000
79.270
79.440
79.550
79.700
79.810
80.070
80.340
80.610
80.740
80.860
81.010
81.270
81.530
81.650
81.930
82.480
83.180
83.290
83.560
83.840
83.980
84.100
84.360
84.630
84.910
85.070
85.180
85.330
85.450
85.720
86.000
86.150
86.250
86.530
86.790
87.070
87.240
87.340
87.490
87.590
87.870
88.150
88.280
88.400
88.540
88.790
88.920
89.170
89.320
89.560
89.690
89.940
90.400
90.530
