0.170
0.530
1.270
3.120
3.490
4.230
6.080
6.450
7.190
9.040
9.410
9.810
10.150
10.540
11.590
11.700
12.370
13.110
14.280
14.960
15.330
15.690
16.020
16.070
16.360
17.160
17.350
17.590
17.930
18.300
19.030
20.880
21.250
21.640
22.000
22.410
22.810
23.380
23.850
24.220
25.320
25.700
26.240
26.810
27.180
28.310
28.650
29.030
29.770
30.140
30.870
32.720
33.100
33.500
33.850
34.240
34.680
35.380
35.690
36.060
36.420
36.800
37.180
37.540
37.910
38.640
39.020
39.390
39.770
40.140
40.380
40.720
40.870
41.620
41.980
42.350
42.730
43.090
43.460
43.820
44.570
44.930
45.300
45.690
46.050
46.430
46.780
47.200
47.530
47.900
48.260
48.640
49.000
49.190
49.400
49.460
49.740
50.140
50.490
50.860
51.230
51.590
51.970
52.350
52.440
52.710
52.890
53.090
53.220
53.450
53.820
53.940
54.060
54.170
54.560
54.920
55.290
55.660
56.030
56.400
56.780
57.130
57.510
57.880
58.250
58.610
58.750
59.000
59.370
59.600
60.100
60.490
61.220
61.960
62.790
63.050
63.440
64.180
64.260
64.550
65.290
65.460
66.010
66.750
66.960
67.400
67.490
67.690
68.020
68.240
68.980
69.720
70.090
70.450
71.180
71.240
71.940
72.140
72.370
72.670
73.050
74.170
74.610
74.750
74.900
75.640
76.000
76.240
76.390
76.640
76.890
76.990
77.130
77.380
77.720
77.850
78.600
79.020
79.340
79.820
80.080
80.310
80.830
80.980
81.220
81.570
82.300
83.040
83.090
83.780
84.250
84.520
84.640
84.900
85.260
85.910
86.010
86.270
86.390
86.520
86.730
86.890
87.480
88.220
88.400
89.220
89.690
90.130
90.280
90.440
90.830
91.170
91.920
92.670
93.060
93.420
94.150
94.890
95.630
96.090
96.370
96.840
97.100
97.850
98.240
98.390
98.580
99.150
99.330
99.490
99.700
99.900
100.060
100.270
100.420
100.590
100.810
100.990
101.550
102.290
102.560
103.030
103.490
103.710
103.770
104.170
104.500
104.890
105.260
105.630
105.990
106.180
106.730
108.110
109.700
112.620
113.530
115.250
