0.180
0.290
0.340
0.430
0.580
0.730
0.880
1.020
1.180
1.310
1.470
1.620
1.760
1.900
1.970
2.130
2.180
2.350
2.460
2.510
2.650
2.770
3.080
3.130
3.250
3.300
3.390
3.530
3.660
3.790
3.880
3.960
4.250
4.420
4.470
4.560
4.700
4.750
4.810
4.860
5.010
5.140
5.290
5.450
5.600
5.650
5.730
5.800
5.900
6.000
6.050
6.190
6.330
6.470
6.610
6.770
6.900
7.020
7.070
7.180
7.230
7.330
7.380
7.490
7.630
7.680
7.780
7.830
7.970
8.020
8.080
8.150
8.250
8.360
8.410
8.540
8.670
8.820
8.950
9.000
9.130
9.190
9.260
9.320
9.420
9.530
9.580
9.730
