0.180
0.300
0.400
0.650
0.820
1.010
1.180
1.360
1.540
1.710
1.890
2.070
2.240
2.420
2.600
2.780
2.950
3.140
3.490
3.670
3.840
4.020
4.190
4.370
4.550
4.730
4.900
5.060
5.260
5.430
5.610
5.790
5.970
6.180
6.320
6.500
6.670
6.850
7.020
7.200
7.340
7.390
7.560
7.620
7.730
7.920
8.080
8.270
8.440
8.490
8.620
8.800
8.900
8.980
9.160
9.240
9.290
9.340
9.610
9.690
9.870
10.040
10.110
10.220
10.330
10.400
10.470
10.570
10.740
10.840
10.930
11.100
11.270
11.450
11.640
11.990
12.170
12.240
12.340
12.520
12.700
12.870
13.040
13.160
13.230
13.400
13.580
13.640
13.760
13.940
14.050
14.290
14.410
14.470
14.590
14.660
14.820
14.960
15.010
15.060
15.140
15.340
15.530
15.710
15.890
16.060
16.230
16.410
16.590
16.770
16.950
17.120
17.240
17.310
17.510
17.620
17.670
17.830
18.010
18.190
18.350
18.540
18.710
18.900
19.060
19.240
19.400
19.450
19.600
19.790
19.940
20.130
20.290
20.490
20.580
20.660
20.850
20.980
21.030
21.200
21.380
21.540
21.720
21.870
21.920
22.030
22.080
22.260
22.410
22.460
22.790
22.970
23.080
23.310
23.500
23.680
23.850
23.920
24.030
24.210
24.380
24.560
24.710
24.760
24.920
25.020
25.070
25.120
25.270
25.460
25.510
25.630
25.810
26.020
26.160
26.330
26.400
26.500
26.690
26.860
27.040
27.220
27.400
27.540
27.590
27.750
27.930
28.110
28.280
28.460
28.640
28.990
29.170
29.340
