0.180
0.290
0.340
0.520
0.630
0.850
0.970
1.200
1.340
1.540
1.660
1.890
2.000
2.140
2.260
2.350
2.570
2.680
2.920
3.050
3.240
3.290
3.370
3.600
3.710
3.910
3.960
4.090
4.300
4.400
4.450
4.620
4.670
4.740
5.000
5.080
5.220
5.360
5.410
5.460
5.660
5.750
5.970
6.090
6.330
6.440
6.650
6.780
6.830
6.930
6.990
7.080
7.330
7.450
7.640
7.700
7.800
8.060
8.130
8.360
8.410
8.470
8.610
8.700
8.820
9.070
9.160
9.390
9.550
9.730
9.840
10.080
10.200
10.440
10.550
10.780
10.840
10.890
10.940
11.130
11.220
11.460
11.560
11.910
12.140
12.250
12.440
12.490
12.590
12.840
12.940
13.150
13.300
13.490
13.550
13.650
13.870
13.990
14.110
14.200
14.250
14.310
14.420
14.510
14.560
14.620
14.830
14.880
15.130
15.210
15.340
15.540
15.670
15.890
16.020
16.210
16.280
16.350
16.580
16.690
16.900
17.040
17.200
17.250
17.400
17.600
17.750
17.940
18.080
18.280
18.410
18.670
18.720
18.770
18.990
19.090
19.330
19.430
19.650
19.770
20.020
20.130
20.300
20.350
20.450
20.610
20.780
21.020
21.140
21.400
21.480
21.730
21.820
22.070
22.170
22.370
22.450
22.510
22.600
22.720
22.810
22.930
23.040
23.090
23.170
23.410
23.500
23.620
23.670
23.730
23.860
23.970
24.060
24.200
24.320
24.390
24.440
24.530
24.730
24.860
25.060
25.170
25.300
25.380
25.430
25.530
25.700
25.770
25.820
26.140
26.250
26.440
26.530
26.860
26.930
27.070
27.160
27.630
27.770
27.880
28.220
28.270
28.460
28.510
28.580
28.780
28.920
29.120
29.190
29.260
29.360
