0.340
0.390
0.460
0.510
0.580
1.150
1.420
1.550
1.620
1.690
1.810
1.950
2.090
2.210
2.370
2.510
2.570
2.630
2.770
2.910
3.060
3.190
3.320
3.610
3.720
3.800
3.880
4.010
4.160
4.290
4.410
4.570
4.710
4.830
4.960
5.260
5.390
5.510
5.660
5.810
5.920
6.000
6.070
6.200
6.350
6.470
6.590
6.750
6.880
7.010
7.150
7.300
7.440
7.570
7.700
7.850
7.990
8.100
8.180
8.250
8.390
8.540
8.660
8.780
8.930
9.070
9.130
9.190
9.250
9.330
9.580
9.750
9.820
9.880
10.030
10.110
10.180
10.290
10.360
10.440
10.560
10.710
10.830
10.970
11.110
11.250
11.370
11.460
11.510
11.800
11.920
12.060
12.200
12.350
12.440
12.510
12.600
12.730
12.870
13.010
13.120
13.170
13.280
13.430
13.550
13.660
13.710
13.840
13.990
14.100
14.240
14.380
14.530
14.630
14.700
14.790
14.920
15.070
15.200
15.330
15.480
15.620
15.740
15.880
16.020
16.170
16.300
16.430
16.580
16.710
16.830
16.910
16.980
17.110
17.260
17.380
17.510
17.660
17.800
17.910
18.060
18.490
18.620
18.770
18.900
19.020
19.080
19.160
19.290
19.430
19.560
19.700
19.760
19.840
19.980
20.060
20.110
20.240
20.380
20.520
20.650
20.790
20.940
21.080
21.180
21.250
21.340
21.470
21.620
21.740
21.870
21.950
22.020
22.070
22.160
22.290
22.420
22.710
22.820
22.890
22.970
23.120
23.190
23.250
23.390
23.450
23.530
23.660
23.780
23.830
23.940
24.070
24.200
24.360
24.480
24.620
24.760
24.900
25.030
25.100
25.170
25.300
25.450
25.560
25.610
25.710
25.760
25.840
25.890
25.990
26.130
26.260
26.380
26.450
26.530
26.670
26.790
27.220
27.350
27.510
27.640
27.750
27.800
27.900
28.030
28.200
28.250
28.310
28.440
28.580
28.700
28.840
28.910
28.990
29.130
29.180
29.280
