0.180
1.130
1.840
3.880
4.210
6.160
6.280
6.490
6.600
6.740
6.800
6.850
7.060
7.210
7.540
7.670
9.350
9.430
10.000
10.280
10.490
10.660
10.840
11.170
11.490
11.710
11.760
11.920
12.180
12.230
12.770
12.910
12.960
13.200
14.760
14.810
15.110
15.190
15.320
15.560
15.800
16.010
16.150
17.450
20.260
20.500
21.170
21.310
21.510
21.670
22.100
22.920
23.020
23.210
23.370
23.440
23.540
23.630
24.280
24.450
24.540
24.810
25.100
25.180
25.300
25.420
26.510
26.620
26.720
26.770
26.820
26.870
27.040
27.200
27.360
27.880
28.030
28.150
28.260
28.330
28.410
28.690
28.960
29.160
29.360
