0.280
0.470
0.640
0.810
0.990
1.160
1.340
1.500
1.680
1.850
2.030
2.190
2.370
2.540
2.720
2.890
3.070
3.230
3.410
3.580
3.760
3.920
4.100
4.270
4.450
4.620
4.830
4.970
5.320
5.660
5.850
6.000
6.170
6.350
6.540
6.700
6.880
7.040
7.230
7.390
7.590
7.730
7.890
8.080
8.260
8.430
8.620
8.770
8.950
9.120
9.460
9.660
9.800
10.000
10.160
10.360
10.500
10.680
10.850
11.030
11.190
11.380
11.540
11.700
11.890
12.080
12.230
12.420
12.580
12.920
13.130
13.270
13.430
13.620
13.800
13.960
14.150
14.300
14.490
14.650
