0.310
0.380
0.550
0.840
1.070
1.120
1.510
1.560
1.740
1.950
2.150
2.420
2.590
2.820
3.200
3.250
3.300
3.480
3.680
3.870
3.920
4.350
4.570
4.960
5.010
5.240
5.450
5.500
5.670
5.910
6.050
6.100
6.280
6.340
6.750
6.800
6.980
7.180
7.360
7.410
7.850
7.900
8.060
8.500
8.600
8.740
8.940
9.080
9.150
9.600
9.820
10.240
10.480
10.690
10.880
10.930
11.350
11.570
12.000
12.240
12.450
12.500
12.680
13.020
13.120
13.330
13.720
13.940
14.140
14.190
14.330
14.790
14.940
15.020
15.430
15.480
15.650
15.860
16.050
16.100
16.230
16.280
16.500
16.590
16.720
16.930
17.140
17.350
17.480
17.560
17.770
17.930
18.210
18.430
18.640
18.840
18.940
19.070
19.270
19.460
19.510
19.670
19.720
