0.180
0.310
0.420
0.530
0.640
0.750
0.860
0.970
1.080
1.190
1.300
1.410
1.520
1.630
1.740
1.850
1.960
2.060
2.180
2.290
2.390
2.510
2.620
2.720
2.830
2.950
3.050
3.160
3.270
3.380
3.490
3.600
3.710
3.820
3.930
4.040
4.150
4.260
4.370
4.480
4.590
4.700
4.810
4.920
5.030
5.140
5.250
5.360
5.470
5.580
5.690
5.800
5.910
6.020
6.130
6.240
6.340
6.460
6.560
6.670
6.780
6.890
7.000
7.110
7.220
7.330
7.440
7.550
7.660
7.770
7.880
7.990
8.100
8.210
8.320
8.430
8.540
8.650
8.760
8.870
8.980
9.080
9.200
9.300
9.420
9.520
9.640
9.740
9.850
9.960
10.080
10.180
10.300
10.400
10.520
10.620
10.730
10.840
10.960
11.060
11.170
11.280
11.390
11.500
11.610
11.720
11.830
11.940
12.050
12.160
12.270
12.380
12.490
12.590
12.710
12.810
12.930
13.030
13.150
13.250
13.370
13.470
13.590
13.690
13.800
13.910
14.030
14.130
14.240
14.350
14.460
14.570
14.680
14.790
14.900
15.010
15.120
15.230
15.340
15.450
15.560
15.670
15.780
15.890
16.000
16.100
16.220
16.320
16.440
16.540
16.660
16.760
16.870
16.980
17.100
17.200
17.320
17.420
17.540
17.640
17.750
17.860
17.970
18.080
18.190
18.300
18.410
18.520
18.630
18.740
18.850
18.960
19.070
19.180
19.290
19.400
19.510
