0.430
0.540
0.750
0.800
1.150
1.240
1.370
1.480
1.600
1.700
1.960
2.200
2.440
2.700
3.070
3.160
3.270
3.390
3.510
3.610
3.890
3.990
4.090
4.180
4.230
4.310
4.430
4.530
5.030
5.150
5.280
5.390
5.520
5.730
5.780
5.830
6.030
6.150
6.270
6.400
6.520
6.730
6.800
7.010
7.140
7.260
7.370
7.490
7.740
7.850
7.970
8.220
8.460
8.590
8.710
8.960
9.090
9.210
9.330
9.450
9.700
9.930
10.050
10.170
10.300
10.410
10.460
10.660
10.890
11.010
11.130
11.250
11.370
11.610
11.720
11.770
11.830
11.880
12.080
12.130
12.350
12.400
12.470
