0.340
0.720
1.100
1.460
1.820
2.190
2.930
3.650
4.020
4.390
4.770
4.940
5.120
5.490
5.860
6.230
6.600
6.960
7.330
7.700
8.070
8.440
8.800
9.160
9.210
9.360
9.540
9.910
10.270
10.640
11.010
11.400
11.740
12.120
12.480
12.850
13.210
13.400
13.600
13.950
14.320
14.680
15.050
15.420
15.800
15.960
16.150
16.520
16.880
17.260
17.400
17.620
18.360
18.730
19.090
19.450
19.830
20.190
20.570
20.940
21.290
21.660
22.040
22.230
22.400
23.140
23.510
23.870
24.610
24.990
25.340
25.710
26.080
26.450
26.830
27.180
27.560
27.920
28.300
28.650
29.040
29.390
29.750
30.120
30.490
30.850
31.220
31.590
31.950
32.330
32.690
33.070
