0.180
0.250
0.300
0.620
0.870
1.150
1.200
1.780
2.090
2.350
2.420
2.690
3.210
3.330
3.630
3.930
3.980
4.160
4.240
4.550
4.860
5.160
5.230
5.780
6.100
6.380
6.430
6.680
6.730
7.020
7.330
7.580
7.630
7.920
8.220
8.510
8.560
8.700
8.810
9.040
9.130
9.410
9.460
9.720
9.790
9.950
10.020
10.070
10.320
10.620
10.780
10.930
11.070
11.220
11.270
11.400
11.500
11.550
11.660
11.800
11.980
12.090
12.140
12.260
12.400
12.450
12.560
12.670
12.720
12.850
12.990
13.150
13.300
13.440
13.490
13.600
13.860
13.910
14.040
14.130
14.180
14.350
14.460
14.510
14.640
14.750
14.800
