0.500
0.550
0.910
1.320
1.370
1.730
2.140
2.190
2.550
2.960
3.010
3.370
3.780
4.200
4.610
4.660
5.020
5.240
5.430
5.840
6.250
6.310
6.660
6.710
7.070
7.480
7.900
8.310
8.720
9.130
9.540
9.950
10.360
10.770
11.190
11.240
11.590
12.010
12.840
12.900
13.190
13.430
13.510
13.560
13.630
13.680
13.830
13.880
14.060
14.200
14.270
14.470
14.890
15.120
15.280
15.700
15.940
16.110
16.440
16.530
16.730
16.800
16.900
16.950
17.060
17.210
17.350
17.600
17.750
18.020
18.070
18.170
18.420
18.590
18.840
18.970
19.020
19.220
19.400
19.710
20.020
20.090
20.240
20.390
20.440
20.800
21.040
21.230
21.610
21.660
21.870
21.920
22.050
22.140
22.420
22.470
22.610
22.680
22.740
22.870
23.250
23.300
23.550
23.690
23.820
23.980
24.070
24.120
24.360
24.440
24.510
24.770
24.890
24.940
25.170
25.270
25.320
25.540
25.590
25.730
25.780
25.940
25.990
26.160
26.550
26.790
26.980
27.380
27.630
27.810
27.930
28.040
28.190
28.240
28.300
28.460
28.620
29.020
29.260
29.310
29.410
29.460
29.560
29.700
29.840
30.110
30.170
30.250
30.300
