0.280
0.410
0.510
0.630
0.730
0.850
0.960
1.080
1.180
1.310
1.410
1.530
1.630
1.750
1.850
1.980
2.070
2.200
2.300
2.430
2.520
2.640
2.750
2.880
2.970
3.100
3.200
3.330
3.420
3.550
3.650
3.770
3.870
4.000
4.100
4.220
4.320
4.450
4.550
4.670
4.770
4.900
5.000
5.120
5.220
5.340
5.440
5.570
5.670
5.790
5.890
6.020
6.110
6.230
6.340
6.470
6.560
6.690
6.790
6.920
7.010
7.140
7.240
7.360
7.460
7.590
7.690
7.810
7.910
8.030
8.140
8.260
8.360
8.490
8.590
8.710
8.810
8.930
9.030
9.160
9.260
9.380
9.480
9.610
9.700
9.820
9.930
10.060
10.150
10.280
10.380
10.510
10.600
10.730
10.830
10.960
11.050
11.180
11.280
11.400
11.500
11.630
