0.180
0.360
0.550
0.750
0.950
1.140
1.340
1.530
1.730
1.920
2.120
2.320
2.520
2.710
2.910
3.100
3.300
3.490
3.690
3.890
4.080
4.280
4.480
4.670
4.860
5.060
5.270
5.460
5.540
5.660
5.850
6.050
6.230
6.440
6.630
6.830
6.890
7.020
7.220
7.420
7.620
7.810
8.010
8.200
8.400
8.590
8.790
8.990
9.190
9.380
9.580
9.770
9.950
10.160
10.280
10.360
10.560
10.630
10.750
10.950
11.150
11.340
11.540
11.650
11.730
11.940
12.120
12.330
12.520
12.670
12.720
12.910
13.000
13.110
13.300
13.500
13.690
13.890
14.090
14.280
14.360
14.480
14.680
14.870
15.060
15.260
15.380
15.470
15.650
15.720
15.850
16.050
16.250
16.400
16.450
16.640
16.830
17.030
17.080
17.220
17.420
17.620
17.760
17.820
18.010
18.220
18.400
18.480
18.600
18.790
18.990
19.120
19.180
19.380
19.470
19.580
19.780
19.830
19.970
20.150
20.360
20.560
20.760
20.950
21.150
21.350
21.540
21.740
21.930
22.130
22.320
22.520
22.720
22.920
23.110
23.300
23.390
23.490
23.590
23.690
23.790
23.890
23.980
24.080
24.180
24.280
24.380
24.470
24.570
24.670
24.770
24.870
