0.180
0.250
0.560
0.890
0.940
1.170
1.220
1.390
1.440
1.490
1.640
1.830
1.980
2.170
2.220
2.380
2.890
3.040
3.300
3.430
3.600
3.780
3.830
3.950
4.000
4.270
4.330
4.510
4.660
4.860
5.090
5.230
5.320
5.410
5.760
5.940
6.150
6.220
6.270
6.320
6.370
6.450
6.590
6.660
6.710
6.820
7.020
7.190
7.370
7.590
7.750
7.870
7.920
8.100
8.470
8.620
8.790
8.960
9.010
9.140
9.310
9.490
9.540
9.730
9.840
10.020
10.190
10.360
10.540
10.690
10.770
10.870
11.220
11.390
11.820
11.920
12.090
12.260
12.570
12.620
12.670
12.800
13.160
13.330
13.680
13.910
14.030
14.080
14.220
14.390
14.440
14.510
14.620
14.740
14.920
15.090
15.140
15.450
15.610
15.800
15.990
16.160
16.310
16.440
16.500
16.730
16.820
17.010
17.350
17.540
17.690
17.740
17.980
18.250
18.390
18.630
18.800
18.900
19.020
19.070
19.250
19.610
19.790
19.890
19.990
20.120
20.190
20.320
20.500
20.670
20.870
21.030
21.230
21.300
21.370
21.420
21.510
21.770
22.100
22.470
22.630
22.800
22.980
23.160
23.320
23.370
23.510
23.790
23.850
24.030
24.200
24.270
24.370
24.530
24.590
24.730
24.780
24.890
25.110
25.190
25.270
25.470
25.610
25.930
26.000
26.190
26.310
26.580
26.640
26.690
26.900
27.030
27.080
27.200
27.340
27.390
27.620
27.720
27.870
28.060
28.240
28.400
28.610
28.760
28.810
28.940
28.990
29.100
29.230
