0.190
0.520
0.840
0.890
1.160
1.210
1.470
1.520
1.640
1.810
2.110
2.160
2.460
2.770
3.090
3.140
3.280
3.330
3.420
3.510
3.750
4.080
4.150
4.390
4.690
4.990
5.040
5.330
5.390
5.650
5.840
5.950
6.270
6.590
6.910
7.130
7.220
7.270
7.540
7.740
7.860
8.150
8.490
8.660
8.780
8.830
9.110
9.430
9.590
9.750
10.060
10.180
10.370
10.670
10.720
11.010
11.200
11.300
11.350
11.480
11.530
11.630
11.680
11.950
12.280
12.460
12.570
12.620
12.910
12.980
13.220
13.450
13.540
13.860
14.170
14.420
14.490
14.710
14.820
14.920
15.140
15.280
15.410
15.460
15.760
16.050
16.100
16.400
16.710
17.030
17.140
17.350
17.660
17.980
18.310
18.620
18.940
19.260
19.580
19.900
20.150
20.200
20.540
20.650
20.860
21.070
21.180
21.490
21.770
21.820
21.960
22.110
22.360
22.430
22.650
22.730
22.780
22.940
23.040
23.090
23.370
23.690
24.010
24.080
24.340
24.400
24.500
24.650
24.820
24.940
24.990
25.250
25.560
25.800
25.880
26.190
26.280
26.500
26.680
26.810
27.000
27.130
27.390
27.440
27.560
27.770
27.980
28.070
28.300
28.350
28.400
28.540
28.690
28.970
29.030
29.320
29.370
