0.180
0.310
0.420
0.530
0.640
0.770
0.880
0.990
1.100
1.220
1.320
1.440
1.550
1.660
1.770
1.890
2.000
2.230
2.340
2.420
2.470
2.680
2.800
2.890
3.020
3.140
3.250
3.310
3.360
3.470
3.590
3.700
3.810
3.930
4.040
4.150
4.260
4.400
4.490
4.610
4.720
4.830
4.940
5.050
5.170
5.280
5.400
5.510
5.620
5.740
5.840
5.960
6.060
6.190
6.290
6.400
6.520
6.760
6.860
6.980
7.090
7.210
7.410
7.460
7.660
7.860
8.070
8.120
8.300
8.420
8.580
8.900
9.190
9.240
9.300
9.350
9.400
9.450
9.530
9.600
9.680
9.870
9.920
10.080
10.370
10.420
10.580
10.820
11.040
11.390
11.510
11.580
11.720
12.030
12.170
12.410
12.460
12.630
12.860
12.940
13.010
13.080
13.160
13.210
13.290
13.360
13.420
13.550
13.600
13.750
13.990
14.040
14.120
14.260
14.330
14.590
14.670
14.720
14.900
15.040
15.110
15.350
15.400
15.580
15.800
15.930
16.030
16.250
16.340
16.390
16.450
16.620
16.670
16.720
16.850
16.930
17.120
17.170
17.250
17.370
17.420
17.600
17.670
17.790
18.010
18.060
18.280
18.530
18.700
18.750
18.960
19.010
19.230
19.410
19.520
19.630
19.680
19.840
19.890
19.980
20.090
20.140
20.320
20.400
20.530
20.770
20.970
21.240
21.420
21.470
21.570
21.680
21.770
21.820
21.900
22.130
22.250
22.340
22.590
22.700
22.810
22.930
23.040
23.130
23.260
23.370
23.490
23.610
23.710
23.860
23.940
24.060
24.110
24.160
24.240
24.400
24.510
24.600
24.650
24.740
24.790
24.850
24.950
25.070
25.190
25.300
25.410
25.520
25.750
25.970
26.040
26.200
26.320
26.420
26.550
26.660
26.780
26.830
26.880
26.990
27.070
27.120
27.230
27.330
27.380
27.560
27.680
27.770
28.010
28.130
28.220
28.360
28.460
28.580
28.670
28.810
28.920
29.030
29.130
29.380
