0.180
0.260
0.310
0.540
0.690
0.820
0.970
1.100
1.170
1.240
1.350
1.490
1.620
1.760
1.880
2.020
2.160
2.290
2.430
2.560
2.620
2.690
2.820
2.900
2.950
3.090
3.160
3.210
3.340
3.390
3.480
3.610
3.750
3.890
3.940
4.010
4.150
4.280
4.330
4.430
4.550
4.690
4.740
4.820
4.950
5.090
5.220
5.350
5.480
5.530
5.610
5.740
5.890
5.950
6.030
6.160
6.220
6.290
6.430
6.550
6.690
6.820
6.980
7.030
7.080
7.220
7.360
7.480
7.620
7.760
7.900
8.020
8.070
8.190
8.240
8.340
8.390
8.480
8.600
8.750
8.880
8.930
8.990
9.100
9.150
9.260
9.370
9.440
9.520
9.580
9.670
9.780
9.850
9.900
10.040
10.160
10.210
10.310
10.430
10.510
10.580
10.710
10.840
10.910
10.960
11.090
11.140
11.220
11.270
11.360
11.490
11.630
11.770
11.830
11.900
11.950
12.020
12.150
12.200
12.290
12.560
12.670
12.810
12.860
13.080
13.370
13.420
13.500
13.640
13.760
13.810
13.900
14.010
14.060
14.110
14.170
14.300
14.430
14.520
14.570
14.700
14.830
14.880
14.970
15.040
15.100
15.230
15.290
15.370
15.510
15.560
15.640
15.760
15.890
16.020
16.170
16.310
16.440
16.570
16.620
16.740
16.900
17.130
17.200
17.300
17.410
17.460
17.560
17.650
17.710
17.820
17.920
18.070
18.140
18.210
18.340
18.460
18.590
18.730
18.800
18.850
18.900
19.000
19.130
19.250
19.300
19.400
19.520
19.640
19.690
19.780
19.830
19.910
20.030
20.150
20.200
20.310
20.430
20.570
20.700
20.750
20.830
20.880
20.980
21.110
21.230
21.280
21.370
21.490
21.540
21.640
21.750
21.800
21.920
22.050
22.100
22.170
22.300
22.350
22.440
22.490
22.550
22.600
22.650
22.720
22.850
22.900
22.990
23.130
23.260
23.400
23.520
23.660
23.710
23.790
23.910
23.960
24.040
24.150
24.200
24.310
24.360
24.450
24.570
24.710
24.840
24.890
24.960
25.010
25.100
25.150
25.200
25.300
25.420
25.490
25.550
25.690
25.820
25.930
25.980
26.150
26.200
26.350
26.480
26.630
26.700
26.750
26.880
26.970
27.020
27.150
27.280
27.410
27.500
27.550
27.670
27.790
27.940
28.060
28.200
28.260
28.350
28.470
28.580
28.630
28.740
28.850
29.020
29.090
29.140
29.270
