2.110
2.240
6.990
9.810
12.090
13.400
13.550
14.670
15.620
17.570
18.160
18.560
19.530
21.600
21.730
22.070
22.470
26.970
28.860
30.040
30.740
31.640
32.380
32.430
33.010
33.400
33.830
35.110
35.880
37.390
37.440
38.370
38.550
38.840
38.890
39.050
42.960
43.960
44.370
44.560
45.640
46.290
46.540
46.850
46.930
47.130
47.180
47.300
47.360
47.640
47.690
47.750
47.900
48.230
48.730
48.800
49.650
49.700
49.780
50.870
51.760
52.020
52.090
52.140
52.480
53.620
53.870
54.320
54.600
54.980
55.270
55.370
55.590
55.820
56.180
56.310
56.380
56.470
56.820
57.020
57.110
57.240
57.360
57.410
57.480
57.660
57.870
58.350
58.840
58.930
59.020
59.500
59.550
59.600
59.810
59.860
59.950
60.000
60.140
60.970
61.070
61.120
61.170
62.030
62.110
62.260
62.820
62.920
63.090
63.250
63.360
63.410
63.460
63.680
64.000
64.130
64.220
64.270
64.570
64.740
64.790
64.870
65.010
65.150
65.460
65.740
65.980
66.100
66.210
66.340
66.440
66.880
66.930
67.080
67.130
67.310
67.360
67.580
67.670
68.050
68.100
68.240
68.330
68.550
68.730
68.810
69.460
69.820
70.150
70.570
70.690
70.840
71.380
73.040
73.360
73.410
73.950
74.100
74.410
74.630
74.810
74.870
75.030
75.300
75.590
75.840
76.080
76.170
76.220
76.270
76.600
76.710
76.830
76.930
77.070
77.170
77.280
77.770
77.920
78.080
78.140
78.230
78.290
78.430
78.680
78.730
78.920
79.050
79.300
79.540
79.590
80.080
80.320
80.550
80.660
80.770
80.820
80.960
81.130
81.200
81.370
81.540
81.640
81.770
81.850
81.960
82.080
82.420
82.920
82.970
83.460
83.950
84.030
84.080
84.540
84.940
84.990
85.040
85.150
86.130
86.240
86.340
86.440
86.540
86.640
86.740
86.840
87.260
89.340
89.890
89.950
90.820
90.870
91.720
91.800
91.850
92.120
92.760
92.890
93.150
93.920
94.540
