0.180
0.310
0.370
2.540
2.730
2.910
3.080
3.250
3.420
3.580
3.750
3.950
4.120
4.290
4.450
4.730
4.970
5.140
5.330
5.510
5.660
5.800
6.120
6.280
6.440
6.600
6.970
7.020
8.050
8.240
8.410
8.600
8.770
8.950
9.130
9.300
9.470
9.640
9.800
9.990
10.170
10.350
10.540
10.720
11.000
11.200
11.370
11.550
11.710
11.920
12.000
12.420
12.600
12.760
12.810
12.950
13.180
13.560
13.730
13.880
14.140
14.260
14.310
14.990
15.710
16.010
16.180
16.350
16.510
16.670
16.820
17.100
17.170
17.940
17.990
18.920
19.110
19.300
19.480
19.640
19.810
19.970
20.120
20.240
20.310
20.630
20.720
20.770
21.450
21.630
21.790
21.960
22.120
22.260
22.410
23.400
23.610
23.800
23.990
24.190
24.390
24.590
24.790
24.990
26.920
27.460
27.610
28.850
29.040
29.210
29.390
29.550
29.700
29.860
29.980
30.140
30.740
30.930
31.090
31.240
31.400
31.570
31.790
31.950
32.090
32.240
32.380
32.460
33.160
33.330
33.490
33.650
33.810
33.980
34.680
34.830
35.360
35.570
36.440
36.540
37.840
38.020
38.180
38.500
38.650
38.820
39.000
39.160
39.310
39.610
39.940
40.080
40.220
40.370
40.570
40.740
41.210
41.390
41.550
41.720
41.890
42.050
42.220
42.380
42.540
42.690
43.520
44.090
45.150
45.230
46.300
46.490
46.660
46.820
47.400
47.580
47.710
48.070
48.280
48.430
48.580
48.780
49.000
49.150
49.300
49.530
49.580
49.740
49.890
50.020
50.280
51.210
51.390
51.540
51.690
51.840
52.000
52.150
52.310
52.360
52.470
52.620
52.790
52.880
52.930
53.070
53.480
53.560
54.330
54.630
54.750
54.900
55.070
55.400
55.550
55.760
55.810
55.980
56.140
56.290
56.440
56.570
56.710
56.830
56.880
57.230
57.280
57.480
57.650
57.800
57.940
58.090
58.240
58.400
58.660
58.760
59.340
59.570
59.740
59.920
60.110
60.280
60.460
60.640
60.810
