0.180
0.380
0.430
0.630
0.870
1.880
2.790
2.840
3.760
4.460
4.510
4.710
4.760
5.690
5.740
6.150
6.200
6.930
6.980
7.410
7.610
7.660
8.100
8.150
8.610
8.810
8.860
9.050
9.100
9.290
9.570
9.760
10.000
10.050
10.230
10.280
10.470
10.520
10.920
10.970
11.240
11.420
11.470
11.910
11.960
12.150
12.200
12.400
13.190
14.140
14.540
14.590
14.780
14.830
15.030
16.470
16.520
17.250
18.180
18.230
19.120
19.470
19.800
19.850
20.040
20.090
20.910
21.020
21.510
22.190
22.740
22.930
22.980
23.450
24.130
24.180
24.390
24.610
24.660
25.100
25.330
25.380
25.580
25.630
25.810
26.250
26.300
26.750
26.800
26.990
27.250
27.300
27.490
27.730
27.780
28.200
28.330
30.250
30.850
31.520
31.650
31.830
32.200
32.560
33.070
34.690
35.330
35.650
35.960
36.360
37.280
38.530
39.230
39.480
39.810
39.860
40.130
40.180
42.350
42.710
42.760
43.020
43.070
43.310
43.360
43.550
43.780
43.830
44.010
44.490
44.540
44.710
44.760
44.950
45.000
45.430
45.480
45.660
45.910
46.030
46.360
46.410
46.590
46.640
46.830
46.880
46.930
47.350
47.580
47.630
47.820
47.870
48.070
48.310
48.360
48.550
48.600
48.800
48.850
52.870
53.110
53.160
53.350
53.400
53.600
53.660
54.090
54.140
54.320
54.370
54.550
54.600
55.010
55.060
55.240
55.290
55.490
55.540
55.980
56.030
56.220
56.270
56.460
56.510
59.590
59.640
59.840
59.890
60.070
60.120
60.570
60.780
60.830
61.040
61.270
61.320
61.740
61.890
62.460
62.510
62.710
62.760
62.940
62.990
63.440
63.670
63.920
64.150
64.200
64.620
64.670
65.340
65.390
65.600
65.650
65.820
65.870
66.320
66.550
66.600
66.780
66.830
67.030
67.080
67.500
68.460
68.510
68.710
68.950
69.930
70.890
71.820
72.290
72.790
73.770
73.920
74.720
74.770
75.670
75.720
76.130
76.180
76.380
76.610
