0.180
0.330
0.690
1.410
3.220
3.590
4.310
6.120
6.480
7.210
9.020
9.390
9.780
10.120
10.340
10.490
11.240
11.520
11.630
11.930
12.290
13.020
14.150
14.830
15.190
15.540
15.850
15.920
16.190
16.240
16.730
16.780
16.960
17.010
17.160
17.330
17.730
18.100
18.820
19.900
20.620
20.990
21.370
21.720
21.830
21.920
22.120
22.560
22.850
23.080
23.250
23.300
23.530
23.900
24.540
24.980
25.350
25.410
25.720
25.880
26.110
26.160
26.440
26.800
27.860
27.910
28.240
28.610
29.070
29.340
29.700
30.420
32.230
32.600
32.990
33.330
33.390
33.630
33.720
33.920
34.500
35.140
35.500
35.860
36.230
36.600
36.950
37.320
37.690
37.820
38.040
38.170
38.400
38.770
39.130
39.490
39.540
39.880
40.030
40.210
40.570
40.620
40.690
40.940
41.300
41.670
42.030
42.160
42.390
42.760
43.120
43.260
43.510
43.840
44.200
44.560
44.940
45.050
45.290
45.370
45.650
45.740
46.010
46.080
46.410
46.740
46.870
47.110
47.460
47.590
47.830
48.190
48.240
48.560
48.630
48.910
48.970
49.280
49.330
49.450
49.570
49.650
50.000
50.370
50.730
50.980
51.030
51.090
51.460
51.530
51.820
51.960
52.190
52.320
52.540
52.910
53.140
53.260
53.630
53.980
54.350
54.720
55.080
55.440
55.810
56.160
56.530
56.890
57.250
57.600
57.990
58.320
58.370
58.720
59.070
59.430
59.800
60.160
60.500
60.880
61.050
61.240
61.630
61.950
62.330
63.060
63.150
63.430
63.830
63.880
64.140
64.860
65.300
65.530
65.580
65.630
66.200
66.310
66.370
66.820
67.010
67.060
67.420
67.770
68.150
68.330
68.490
68.600
68.850
69.040
69.210
69.330
69.600
69.930
69.980
70.320
70.660
71.030
71.080
71.380
71.750
72.100
72.150
72.490
72.840
73.230
73.280
73.570
73.960
74.010
74.180
74.290
74.640
74.690
74.870
75.030
75.270
75.410
75.500
75.740
75.790
76.320
76.460
76.840
77.170
77.220
77.270
77.560
77.920
78.380
78.630
78.680
79.040
79.200
79.380
79.760
80.100
80.460
80.810
80.980
81.200
81.540
81.590
82.270
82.640
82.720
82.990
83.360
83.720
84.090
84.340
84.460
84.510
84.930
85.130
85.180
85.550
85.670
85.890
86.260
86.610
87.280
87.330
87.380
87.790
87.900
88.070
88.450
88.500
88.800
89.150
89.200
89.520
89.570
89.700
90.240
90.610
90.790
90.970
91.360
91.500
91.670
91.720
91.880
92.060
92.400
92.450
92.790
93.130
93.180
93.690
93.880
94.310
94.600
94.970
95.050
95.220
95.330
95.390
95.660
95.720
95.830
96.050
96.430
96.480
96.580
96.770
96.970
97.150
97.330
97.510
97.870
98.020
98.070
98.220
98.270
98.570
98.620
98.950
99.340
99.680
100.060
100.410
100.460
100.660
101.140
101.210
101.570
101.860
102.250
102.420
102.580
102.950
103.300
103.670
104.030
104.410
104.750
104.910
105.150
105.510
105.920
106.230
106.920
107.270
107.410
107.460
107.660
108.110
108.440
109.140
109.860
110.460
110.530
110.580
110.630
110.930
111.310
111.420
111.670
112.360
112.790
113.110
113.390
113.440
114.220
114.930
