0.818
0.692
0.747
0.750
0.792
0.923
0.825
0.727
0.837
0.767
0.733
0.727
0.864
0.694
0.720
0.667
0.851
0.690
0.743
0.824
0.781
0.778
0.660
0.789
0.867
0.647
0.911
0.697
0.739
0.806
0.610
0.946
0.853
0.747
0.774
0.696
0.800
0.693
0.738
0.646
0.734
0.667
0.765
0.750
0.582
0.627
0.732
0.570
0.756
0.753
0.639
0.767
0.605
0.653
0.811
0.700
0.623
0.873
0.700
0.708
0.726
0.592
0.667
0.831
0.890
0.909
0.787
0.886
0.773
0.938
0.886
0.887
0.481
0.596
0.871
0.981
0.716
0.788
0.680
0.757
0.703
0.794
0.591
0.716
0.772
0.888
0.762
0.745
0.957
0.796
0.873
0.732
0.978
0.726
0.778
0.844
0.818
0.925
0.932
0.840
0.817
0.734
0.906
0.929
0.803
0.711
0.867
0.600
0.571
0.745
0.886
0.674
0.767
0.513
0.800
0.933
0.671
0.721
0.725
0.782
0.861
0.806
0.552
0.718
0.801
0.507
0.801
0.796
0.852
0.760
0.757
0.809
0.801
0.746
0.742
0.758
0.772
0.738
0.603
0.883
0.818
0.835
0.714
0.613
0.629
0.643
0.662
0.667
0.893
0.775
0.857
0.646
0.815
0.738
0.837
0.694
0.786
0.833
0.729
0.857
0.675
0.714
0.609
0.694
0.800
0.804
0.792
0.746
0.873
0.750
0.771
0.750
0.698
0.750
0.638
0.849
0.722
0.585
0.682
0.796
0.853
0.775
0.538
0.727
0.886
