0.891
0.462
0.733
0.787
0.875
0.954
0.857
0.800
0.907
0.850
0.827
0.844
0.909
0.742
0.800
0.778
0.851
0.798
0.786
0.897
0.918
0.833
0.670
0.895
0.950
0.800
0.804
0.737
0.773
0.889
0.756
0.875
0.971
0.807
0.964
0.873
0.907
0.880
0.862
0.877
0.844
0.864
0.914
0.864
0.802
0.840
0.875
0.734
0.795
0.877
0.694
0.795
0.679
0.819
0.811
0.880
0.844
0.831
0.800
0.888
0.881
0.620
0.848
0.901
0.929
0.986
0.875
0.924
0.867
0.914
0.920
0.948
0.425
0.596
0.914
0.856
0.709
0.803
0.718
0.857
0.703
0.882
0.636
0.892
0.842
0.949
0.619
0.794
0.961
0.796
0.836
0.893
1.000
0.768
0.889
0.688
0.905
0.950
0.875
0.924
0.860
0.890
0.875
0.857
0.859
0.778
1.000
0.836
0.750
0.745
0.818
0.820
0.833
0.590
0.800
1.000
0.799
0.829
0.810
0.836
0.873
0.861
0.552
0.856
0.898
0.867
0.880
0.877
0.929
0.825
0.878
0.876
0.842
0.860
0.914
0.854
0.846
0.852
0.849
0.778
0.896
0.870
0.673
0.552
0.736
0.588
0.587
0.672
0.643
0.675
0.667
0.708
0.870
0.785
0.860
0.871
0.964
0.889
0.871
0.893
0.818
0.839
0.841
0.796
0.940
0.891
0.958
0.831
0.927
0.705
0.771
0.750
0.605
0.844
0.879
0.932
0.861
0.646
0.782
0.843
0.932
0.838
0.673
0.848
0.818
