0.100
0.140
0.260
0.330
0.560
1.000
1.280
1.430
1.680
1.860
2.140
2.300
2.540
2.610
2.740
2.780
2.910
2.990
3.100
3.180
3.440
3.600
4.050
4.500
4.920
5.200
5.370
5.640
5.810
5.850
6.100
6.240
6.680
6.720
6.890
6.950
7.120
7.430
7.540
7.580
8.020
8.300
8.440
8.480
8.730
8.900
9.090
9.180
9.340
9.520
9.630
9.720
9.780
10.150
10.210
10.500
10.650
11.080
11.530
11.950
12.240
12.390
12.680
12.830
13.120
13.280
13.730
14.000
14.140
14.580
15.020
15.440
15.680
15.720
15.850
15.990
16.170
16.340
16.430
16.510
16.630
16.770
17.200
17.460
17.620
18.060
18.460
18.500
18.820
18.860
18.920
18.980
19.190
19.370
19.650
19.820
20.090
20.260
20.490
20.670
20.740
21.120
21.570
22.010
22.440
22.710
22.820
22.920
23.170
23.330
23.380
23.620
23.710
23.760
24.200
24.340
24.480
24.630
25.070
25.520
25.810
25.950
25.990
26.230
26.390
26.670
26.840
27.090
27.130
27.280
27.700
27.920
27.990
28.030
28.140
28.580
29.000
29.430
29.720
29.880
30.160
30.320
30.610
30.750
30.920
31.190
31.620
31.680
32.060
32.500
32.930
33.220
33.380
33.660
33.820
34.120
34.260
34.540
34.720
34.970
