0.000
0.120
0.240
0.350
0.460
0.700
0.820
0.930
1.050
1.150
1.280
1.380
1.500
1.620
1.740
1.840
2.080
2.200
2.300
2.550
2.660
2.770
2.890
3.000
3.130
3.230
3.350
3.470
3.580
3.690
3.820
3.930
4.040
4.150
4.390
4.510
4.620
4.740
4.850
4.970
5.070
5.190
5.310
5.430
5.540
5.770
5.990
6.230
6.460
6.700
6.810
6.920
7.040
7.170
7.270
7.370
7.410
7.630
8.080
8.120
8.290
8.400
9.000
9.180
9.240
9.460
9.600
9.680
9.870
9.920
10.090
10.380
10.440
10.600
10.840
11.070
11.440
11.540
11.770
12.080
12.230
12.510
12.690
12.930
13.010
13.080
13.150
13.270
13.370
13.430
13.500
13.620
14.080
14.220
14.360
14.440
14.540
14.700
14.760
14.800
15.010
15.150
15.230
15.460
15.530
15.710
15.930
16.060
16.380
16.490
16.820
17.010
17.080
17.280
17.320
17.410
17.530
17.570
17.770
17.830
17.960
18.190
18.230
18.460
18.700
18.920
19.160
19.200
19.430
19.610
19.720
19.840
20.070
20.200
20.320
20.540
20.630
20.760
21.000
21.200
21.460
21.500
21.670
21.710
21.810
21.930
22.020
22.150
22.390
22.610
22.850
22.970
23.080
23.200
23.310
23.530
23.660
23.780
23.890
24.000
24.160
24.240
24.420
24.460
24.700
24.810
24.910
25.050
25.160
25.380
25.500
25.620
25.730
25.850
26.080
26.310
26.550
26.660
26.770
26.900
27.000
27.190
27.230
27.350
27.470
27.590
27.690
27.930
28.050
28.150
28.390
28.510
28.600
28.740
28.850
28.980
29.070
29.200
29.320
29.430
29.540
29.780
