0.040
0.230
0.330
0.430
0.630
0.830
0.940
1.040
1.140
1.240
1.340
1.440
1.540
1.650
1.850
1.950
2.050
2.160
2.250
2.460
2.560
2.660
2.770
2.860
2.970
3.070
3.170
3.270
3.470
3.570
3.670
3.870
4.080
4.180
4.290
4.390
4.490
4.690
4.790
4.890
5.100
5.200
5.300
5.400
5.500
5.710
5.810
5.910
6.020
6.110
6.220
6.320
6.420
6.520
6.820
6.920
7.120
7.330
7.430
7.530
7.640
7.740
7.840
7.940
8.040
8.140
8.350
8.450
8.550
8.750
8.950
9.050
9.160
9.260
9.350
9.560
9.760
9.960
10.170
10.340
10.380
10.570
10.710
10.840
10.980
11.080
11.180
11.280
11.380
11.580
11.690
11.790
11.990
12.190
12.290
12.400
12.500
12.600
12.700
12.810
12.910
12.950
13.010
13.210
13.310
13.410
13.610
13.820
13.920
14.030
14.130
14.220
14.320
14.420
14.530
14.630
14.830
14.930
15.040
15.240
15.440
15.540
15.650
15.750
15.850
15.950
16.060
16.160
16.260
16.380
16.470
16.570
16.660
16.770
16.870
17.070
17.170
17.280
17.380
17.480
17.580
17.680
17.780
17.880
17.980
18.090
18.190
18.300
18.390
18.490
18.590
18.700
18.800
18.900
19.010
19.110
19.200
19.310
19.410
19.510
19.610
19.720
19.910
20.020
20.120
20.220
20.320
20.430
20.520
20.620
20.730
20.830
20.930
21.030
21.130
21.340
21.440
21.540
21.740
21.950
21.990
22.050
22.100
22.150
22.200
22.250
22.350
22.450
22.550
22.660
22.750
22.960
23.060
23.160
23.360
23.560
23.780
23.880
23.970
24.070
24.180
24.380
24.480
24.580
24.680
24.790
24.990
25.090
25.190
25.300
25.400
25.500
25.600
25.730
25.800
25.900
26.000
26.300
26.410
26.610
26.810
26.910
27.020
27.120
27.220
27.320
27.430
27.530
27.630
27.830
27.930
28.030
28.230
28.440
28.540
28.650
28.750
28.840
28.940
29.050
29.150
29.250
29.460
29.550
29.660
29.870
