1.710
1.760
1.820
1.870
1.920
1.970
2.030
2.550
2.940
3.060
3.310
3.630
3.780
3.880
4.280
4.550
4.820
4.870
5.090
5.170
5.220
5.290
5.370
5.440
5.630
5.710
5.810
5.890
5.940
5.980
6.050
6.100
6.150
6.210
6.250
6.720
7.120
7.240
7.510
7.760
7.800
8.020
8.080
8.280
8.320
8.440
8.550
8.690
8.860
9.090
9.130
9.210
9.290
9.360
9.550
9.620
9.880
10.410
10.790
10.900
10.940
11.180
11.650
11.850
11.960
12.470
12.880
12.970
13.010
13.280
13.510
13.800
13.850
14.040
14.100
14.300
14.590
15.080
15.150
15.360
15.400
15.600
15.640
15.810
15.880
16.130
16.390
16.630
16.890
16.930
17.170
17.210
17.460
17.600
17.710
17.970
18.230
18.630
18.750
18.790
19.260
19.300
19.520
19.570
19.800
19.930
20.000
20.060
20.100
20.190
20.300
20.610
20.730
20.840
21.240
21.340
21.610
21.760
21.860
21.900
22.150
22.410
22.450
22.700
22.930
23.450
23.490
23.720
23.970
24.200
24.240
24.490
24.730
24.980
25.050
25.260
25.520
25.560
25.920
26.000
26.100
26.190
26.270
26.440
26.490
26.570
26.620
27.100
27.160
27.630
27.910
28.030
28.160
28.410
28.670
28.900
28.940
29.140
29.220
29.420
29.460
29.670
29.720
29.980
30.070
30.250
30.510
30.760
30.800
31.290
31.790
31.830
31.980
32.070
32.200
32.300
32.340
32.590
32.840
33.090
33.350
33.400
33.590
33.660
33.890
34.190
34.450
34.530
34.620
34.710
34.810
34.870
35.000
35.470
35.520
35.860
35.920
36.000
36.060
36.260
36.310
36.520
36.570
36.780
36.830
37.040
37.100
37.300
37.350
37.560
37.620
37.820
37.890
38.140
38.370
39.140
39.680
40.200
40.430
40.500
40.820
40.940
41.150
41.240
41.280
41.760
42.110
42.280
42.540
42.580
42.810
43.070
43.330
43.370
43.830
43.900
44.250
44.370
44.640
44.680
44.860
44.900
44.940
45.120
45.160
45.210
45.380
45.640
45.680
45.780
45.940
46.150
46.200
46.240
46.390
46.450
46.490
46.760
46.890
46.980
47.240
47.500
47.550
47.750
47.840
47.880
48.010
48.060
48.120
48.500
48.560
48.810
48.850
49.300
49.590
50.100
50.140
50.610
50.660
50.890
50.930
51.400
51.440
51.490
51.620
51.690
52.210
52.610
52.730
52.770
53.000
53.250
53.500
53.540
53.760
54.010
54.150
54.250
54.420
54.510
54.550
54.800
54.840
54.940
55.040
55.200
55.280
55.520
55.570
55.610
55.660
55.740
55.830
55.870
56.350
56.410
56.870
56.950
57.160
57.200
58.010
58.140
58.270
58.520
58.790
59.050
59.310
59.580
59.800
59.840
59.960
60.070
60.290
60.570
60.620
60.900
61.080
61.140
61.350
61.620
61.870
62.160
62.400
62.450
62.680
62.900
62.940
63.040
63.230
63.270
63.610
63.780
64.000
64.310
64.570
64.620
64.710
64.750
64.840
64.880
65.110
65.150
65.380
65.420
65.510
65.550
65.640
65.680
65.910
65.950
66.180
66.220
66.310
66.350
66.440
66.480
66.720
66.760
66.980
67.020
67.110
67.150
67.250
67.290
67.330
67.430
67.510
67.550
69.120
