0.690
0.790
1.060
1.620
1.750
1.790
1.880
2.050
2.120
2.210
2.320
2.430
2.540
2.800
3.040
3.180
3.270
3.400
3.490
3.530
3.570
3.650
3.760
3.800
3.980
4.130
4.320
4.430
4.530
4.640
4.740
4.840
5.060
5.160
5.240
5.390
5.490
5.580
5.710
5.760
5.890
6.030
6.180
6.310
6.430
6.570
6.680
6.840
7.020
7.240
7.440
7.480
7.850
8.000
8.230
8.350
8.470
8.560
8.670
8.750
8.990
9.260
9.400
9.490
9.530
9.620
9.750
9.930
10.130
10.240
10.330
10.380
10.560
10.630
10.680
10.790
10.830
10.890
11.000
11.250
11.290
11.450
11.540
11.600
11.660
11.810
11.970
12.030
12.180
12.390
12.540
12.650
12.750
12.860
12.980
13.080
13.190
13.330
13.530
13.670
13.860
14.020
14.210
14.320
14.390
14.470
14.520
14.590
14.630
14.750
14.840
14.920
15.100
15.250
15.420
15.570
15.610
15.750
15.810
15.920
16.060
16.230
16.380
16.520
16.680
17.000
17.100
17.140
17.360
17.410
17.530
17.630
17.860
18.000
18.130
18.170
18.310
18.350
18.620
18.820
18.900
18.940
19.070
19.180
19.270
19.330
19.400
19.520
19.580
19.660
19.870
19.950
20.020
20.110
20.480
20.590
20.790
21.070
21.170
21.270
21.490
21.640
21.770
21.870
21.950
22.080
22.180
22.280
22.370
22.450
22.530
22.570
22.660
22.780
22.860
22.960
23.050
23.510
23.600
23.760
23.940
24.190
24.430
24.550
25.140
25.270
25.390
25.590
25.870
26.120
26.220
26.280
26.360
26.440
26.570
26.660
26.740
26.780
26.890
26.960
27.040
27.100
27.190
27.280
27.370
27.440
27.550
27.630
27.710
27.880
28.260
28.370
28.540
28.600
28.680
29.200
29.480
29.650
29.760
29.940
30.070
30.260
30.390
30.730
30.890
30.940
31.200
31.300
31.440
31.690
31.780
31.970
32.300
32.380
32.480
32.540
32.680
32.790
32.890
33.000
33.140
33.310
33.380
33.560
33.700
33.800
34.070
34.190
34.270
34.350
34.390
34.470
34.610
34.810
34.900
35.050
35.160
35.220
35.280
35.430
35.620
35.750
35.810
35.950
36.020
36.100
36.170
36.240
36.330
36.460
36.760
36.890
37.050
37.180
37.260
37.440
41.750
42.460
42.810
43.110
43.500
49.160
49.280
49.370
49.510
49.590
49.720
49.890
49.990
50.110
50.190
50.230
50.320
51.720
