0.180
2.370
2.660
2.850
3.040
3.220
3.390
3.560
3.730
3.910
4.070
4.240
4.400
4.600
4.760
4.940
5.080
5.260
5.410
5.580
5.750
5.920
6.090
6.260
6.420
6.610
6.800
6.950
7.140
7.280
7.440
7.630
7.820
7.990
8.150
8.300
8.480
8.630
8.830
8.990
9.170
9.330
9.520
9.770
10.010
10.240
10.440
10.710
11.000
11.270
11.350
11.610
11.840
12.050
12.280
12.450
12.650
12.880
13.110
13.370
13.670
14.200
14.440
14.710
14.810
15.100
15.330
15.380
15.540
15.650
15.700
15.860
16.000
16.050
16.140
16.270
16.320
16.440
16.570
16.710
16.780
16.900
17.010
17.190
17.240
17.440
17.660
17.820
18.060
18.110
18.270
18.590
18.680
18.980
19.130
19.210
19.290
19.440
19.580
19.640
19.720
19.800
19.870
20.020
20.160
20.300
20.450
20.500
20.620
20.780
20.930
21.140
21.370
21.570
21.780
21.840
22.020
22.300
22.450
22.600
22.750
22.950
23.150
23.330
23.520
23.570
23.710
23.900
24.080
24.300
24.480
24.670
24.810
25.020
25.180
25.400
25.520
25.680
25.810
26.010
26.160
26.350
26.530
26.580
26.680
26.740
26.880
27.060
27.260
27.400
27.590
27.760
27.900
28.030
28.130
28.250
28.300
28.430
28.620
28.790
28.950
29.110
29.290
29.340
29.440
29.490
29.570
29.710
29.770
29.960
30.130
30.300
30.470
30.520
30.670
30.840
31.010
31.190
31.240
31.430
31.620
31.810
32.020
32.100
32.300
32.510
32.780
33.180
33.270
33.450
33.620
33.810
33.960
34.120
34.280
34.440
34.600
34.750
34.910
35.070
35.250
35.420
35.590
35.730
35.890
36.040
36.190
36.350
36.530
36.670
36.860
37.000
37.270
37.320
37.480
37.640
37.790
37.910
38.070
38.220
38.400
38.510
38.650
38.820
38.870
38.930
39.140
39.290
39.450
39.600
39.740
39.860
40.040
40.210
40.320
40.420
40.480
40.630
40.710
40.950
41.000
41.150
41.300
41.430
41.590
41.680
41.830
42.020
42.070
42.140
42.260
42.310
42.410
42.460
42.530
42.740
42.800
42.920
43.060
43.200
43.320
43.480
43.620
43.790
43.950
44.000
44.110
44.240
44.290
44.410
44.590
44.650
44.770
44.940
45.100
45.150
45.240
45.400
45.620
45.820
45.930
46.010
46.140
46.190
46.370
46.630
46.690
46.840
46.970
47.130
47.280
47.380
47.570
47.750
47.910
48.070
48.210
48.330
48.380
48.550
48.600
48.750
48.880
49.060
49.240
49.400
49.610
49.820
49.970
50.180
50.360
50.590
50.920
50.970
51.130
51.310
51.480
51.650
51.810
51.980
52.150
52.310
52.490
52.670
52.820
53.070
53.720
54.310
54.840
55.190
55.410
55.480
55.530
55.810
56.040
56.090
56.260
56.410
56.560
56.720
56.880
57.060
57.210
57.400
57.670
57.720
57.950
58.190
58.480
58.730
58.790
