0.180
0.360
0.560
0.770
0.970
1.380
1.610
1.760
1.990
2.140
2.210
2.400
2.610
2.820
2.910
3.020
3.250
3.460
3.660
3.870
4.070
4.280
4.720
4.930
5.040
5.100
5.300
5.730
5.940
6.140
6.290
6.350
6.570
6.750
6.860
6.970
7.170
7.390
7.440
7.590
7.800
7.900
8.010
8.180
8.280
8.410
8.870
9.090
9.280
9.500
9.710
9.910
10.000
10.070
10.120
10.310
10.720
10.880
10.950
11.370
11.500
11.760
12.190
12.380
12.590
12.800
12.980
13.100
13.190
13.320
13.610
13.820
13.870
14.010
14.230
14.480
14.610
14.830
14.900
15.020
15.440
15.650
15.840
16.030
16.170
16.250
16.470
16.690
16.850
17.080
17.290
17.490
17.890
18.100
18.170
18.300
18.700
18.820
18.890
19.090
19.320
19.490
19.710
19.900
19.980
20.090
20.290
20.510
20.720
20.930
21.130
21.330
21.430
21.550
22.950
23.020
23.180
23.250
23.300
23.730
23.950
24.200
24.350
24.510
24.760
