0.010
0.130
0.325
0.490
0.675
1.030
1.205
1.395
1.575
1.760
1.935
2.115
2.300
2.485
2.840
3.025
3.385
3.565
3.920
4.285
4.465
4.650
4.830
5.005
5.195
5.375
5.565
5.735
5.915
6.275
6.455
6.815
7.010
7.175
7.355
7.540
7.715
7.900
8.090
8.265
8.510
8.615
8.800
8.945
9.000
9.165
9.360
9.595
9.710
10.070
10.245
10.490
10.580
10.790
10.975
11.155
11.515
11.695
11.885
12.055
12.240
12.600
12.815
12.875
12.960
13.145
13.360
13.510
13.680
13.880
14.045
14.145
14.245
14.300
14.410
14.520
14.590
14.790
14.945
15.130
15.295
15.485
15.575
15.650
15.840
15.955
16.030
16.205
16.390
16.570
16.765
16.940
17.070
17.300
17.345
17.480
17.840
18.020
18.155
18.385
18.745
18.920
19.110
19.280
19.465
19.625
19.840
19.990
20.105
20.190
20.365
20.550
20.730
20.850
20.920
21.235
21.285
21.460
21.635
21.810
21.970
22.015
22.175
22.355
22.540
22.720
23.080
23.265
23.620
23.805
24.055
24.165
24.525
24.710
24.890
25.075
25.245
25.350
25.430
25.540
25.615
25.840
25.890
25.975
26.160
26.385
26.430
26.515
26.700
27.055
27.420
27.600
27.790
27.960
28.135
28.330
28.505
28.865
29.045
29.410
29.590
29.950
