0.075
0.355
0.610
0.835
1.070
1.320
1.570
1.825
2.080
2.620
2.865
3.080
3.320
3.355
3.600
3.820
4.070
4.300
4.365
4.610
4.830
5.070
5.120
5.355
5.585
5.820
5.900
6.105
6.330
6.365
6.580
7.090
7.320
7.355
7.595
7.835
7.925
8.085
8.240
8.330
8.420
8.605
8.695
8.820
9.120
9.325
9.590
9.825
10.090
10.330
10.565
10.835
11.115
11.330
11.585
11.820
12.095
12.235
12.335
12.455
12.610
12.830
13.100
13.350
13.595
13.835
14.140
14.335
14.595
14.840
14.975
15.210
15.335
15.580
15.805
15.850
16.070
16.330
16.390
16.465
16.615
