0.010
0.175
0.565
0.950
1.145
1.340
1.550
1.620
1.745
1.800
1.925
2.120
2.230
2.410
2.505
2.695
2.730
2.870
2.905
3.095
3.155
3.260
3.355
3.485
3.680
3.940
4.070
4.485
4.615
4.665
4.775
4.870
4.915
5.035
5.125
5.305
5.510
5.625
5.895
5.990
6.130
6.420
6.600
6.800
7.000
7.065
7.185
7.385
7.585
7.775
7.855
7.965
8.035
8.160
8.355
8.420
8.535
8.740
8.945
9.060
9.135
9.220
9.340
9.545
9.590
9.720
9.915
10.115
10.305
10.685
10.770
10.955
11.090
11.485
11.685
11.860
12.065
12.280
12.470
12.665
12.840
13.040
13.120
13.240
13.425
13.625
13.815
14.015
14.095
14.145
14.220
14.390
14.590
14.790
14.915
14.980
15.200
15.375
15.435
15.520
15.575
15.735
15.785
15.835
15.960
16.150
16.360
16.410
16.540
16.960
17.145
17.195
17.325
17.390
17.710
17.885
18.095
18.315
18.360
18.460
18.550
18.655
18.695
18.805
18.890
19.070
19.280
19.425
19.490
19.530
19.660
19.855
20.010
