0.015
0.050
0.210
0.435
0.865
1.040
1.165
1.475
1.765
1.965
2.160
2.385
2.590
2.700
2.920
2.985
3.370
3.505
3.575
3.900
3.935
4.185
4.400
4.800
4.990
5.065
5.405
5.510
5.670
5.885
5.985
6.190
6.265
6.465
6.580
6.765
7.075
7.165
7.370
7.465
7.600
7.665
7.745
8.020
8.340
8.650
8.850
8.925
9.155
9.250
9.430
9.520
9.710
9.800
10.125
10.605
10.705
11.015
11.200
11.290
11.395
11.500
11.605
11.750
11.880
12.090
12.195
12.305
12.435
12.480
12.790
12.970
13.070
13.285
13.365
13.450
13.655
13.840
13.875
13.965
14.055
14.170
14.255
14.435
14.530
14.830
15.030
15.155
15.320
15.430
15.605
15.720
15.900
15.940
16.020
16.185
16.250
16.455
16.580
16.730
16.850
17.025
17.150
17.390
17.465
17.730
17.995
18.060
18.305
18.535
18.625
18.835
18.900
19.085
