0.010
0.165
0.215
0.340
0.410
0.885
0.995
1.275
1.400
1.540
1.670
1.820
1.950
2.080
2.390
2.505
2.645
2.945
3.080
3.210
3.505
3.625
3.780
3.910
4.095
4.315
4.630
4.750
4.885
5.190
5.325
5.445
5.620
5.750
5.865
5.940
6.015
6.150
6.320
6.425
6.545
6.845
6.980
7.110
7.415
7.545
7.675
7.855
7.975
8.090
8.135
8.245
8.380
8.660
8.780
9.075
9.140
9.250
9.340
9.775
9.910
10.210
10.320
10.470
10.600
10.875
11.015
11.300
11.425
11.565
11.985
12.120
12.420
12.510
12.580
12.675
12.810
13.090
13.235
13.430
13.530
13.650
13.795
14.095
14.215
14.355
14.650
14.740
14.910
15.045
15.330
15.465
15.665
15.760
15.885
16.025
16.335
16.450
16.580
16.875
16.990
17.145
17.285
17.565
17.690
17.835
18.100
18.260
18.710
18.820
19.110
19.230
19.285
19.375
19.510
19.785
19.920
20.205
20.335
20.475
20.765
20.900
21.035
21.325
21.435
21.500
21.595
21.735
22.010
22.140
22.435
22.570
22.705
22.995
23.155
23.260
23.545
23.830
23.965
24.250
24.380
24.515
24.800
24.945
25.230
25.360
25.505
25.640
25.795
25.915
25.955
26.060
26.095
26.255
26.340
26.485
26.615
26.815
26.895
27.030
27.165
27.355
27.410
27.735
28.025
28.165
28.290
28.425
28.645
28.840
29.110
29.405
29.580
29.820
29.955
