0.010
0.200
0.435
0.655
0.910
0.945
1.175
1.435
1.700
1.910
1.945
2.155
2.400
2.635
2.875
3.120
3.375
3.605
3.850
3.915
4.085
4.125
4.345
4.560
4.605
4.810
5.035
5.070
5.285
5.540
5.755
6.235
6.495
6.705
6.960
7.185
7.420
7.500
7.650
7.880
8.115
8.230
8.345
8.405
8.555
8.615
8.740
8.865
8.955
9.040
9.360
9.515
9.745
9.805
9.985
10.250
10.350
10.410
10.480
10.720
10.915
11.175
11.370
11.455
11.625
11.840
12.155
12.330
12.545
12.770
13.045
13.215
13.265
13.380
13.440
13.690
13.815
13.965
14.175
14.415
14.620
14.815
14.850
14.970
15.050
15.085
15.315
15.480
15.555
15.770
15.850
16.020
16.055
16.245
16.430
16.495
16.695
16.780
16.870
16.955
16.995
17.185
17.415
17.650
17.765
17.875
18.125
18.335
18.630
18.805
18.910
19.035
19.195
19.260
19.540
19.740
19.825
20.055
20.175
20.490
20.645
20.895
21.105
21.305
21.350
21.460
21.500
21.565
21.620
21.800
22.030
22.200
22.270
22.490
22.545
22.705
22.745
22.940
23.085
23.210
23.315
23.430
23.655
23.700
23.870
24.105
24.335
24.490
24.545
24.590
24.825
25.105
25.165
25.315
25.535
25.640
25.780
26.025
26.145
26.270
26.500
26.740
26.870
26.945
27.090
27.200
27.440
27.660
27.975
28.130
28.190
28.365
28.440
28.615
28.855
28.910
29.085
29.330
29.555
29.795
