0.030
0.360
0.590
0.690
1.015
1.355
1.675
2.015
2.330
2.560
2.650
2.995
3.160
3.215
3.435
3.645
3.880
3.995
4.295
4.620
4.955
5.185
5.255
5.360
5.415
5.475
5.510
5.585
5.730
5.910
6.005
6.215
6.340
6.540
6.730
6.890
6.990
7.070
7.205
7.530
7.745
7.855
8.160
8.485
8.665
8.810
8.920
9.035
9.125
9.240
9.330
9.445
9.580
9.790
10.095
10.400
10.735
10.835
11.045
11.200
11.265
11.390
11.565
11.695
11.745
12.020
12.350
12.640
12.985
13.165
13.200
13.320
13.510
13.665
13.965
14.280
14.620
14.955
15.060
15.270
15.485
15.595
15.900
16.130
16.230
16.560
16.870
17.130
17.205
17.525
17.845
18.175
18.510
18.825
19.155
19.495
19.795
20.130
20.395
20.450
20.605
20.670
20.785
21.110
21.350
21.450
21.750
22.075
22.400
22.615
22.730
22.830
23.045
23.365
23.670
23.990
24.340
24.560
24.665
24.720
24.890
24.995
25.150
25.305
25.590
25.905
26.125
26.225
26.395
26.455
26.530
26.645
26.870
27.045
27.210
27.525
27.815
27.975
28.160
28.475
28.755
28.790
29.120
29.385
29.440
29.775
