0.010
0.105
0.285
0.470
0.630
0.705
0.895
1.060
1.285
1.465
1.500
1.545
1.690
1.810
1.935
2.080
2.280
2.470
2.635
2.685
2.865
2.975
3.100
3.265
3.480
3.665
3.820
3.865
4.070
4.255
4.470
4.545
4.675
4.735
4.875
5.065
5.250
5.450
5.490
5.620
5.795
5.850
5.915
6.035
6.230
6.400
6.665
6.810
7.060
7.185
7.385
7.580
7.815
7.975
8.220
8.415
8.520
8.555
8.610
8.755
8.800
8.960
8.995
9.145
9.205
9.405
9.590
9.745
9.835
9.915
9.990
10.090
10.150
10.325
10.565
10.730
10.875
11.095
11.135
11.275
11.340
11.485
11.520
11.610
11.925
12.025
12.220
12.285
12.435
12.615
12.665
12.865
13.020
13.205
13.280
13.430
13.480
13.580
13.640
13.865
14.040
14.230
14.295
14.380
14.605
14.835
15.020
15.200
15.395
15.550
15.775
15.980
16.190
16.385
16.545
16.600
16.790
17.000
17.165
17.210
17.320
17.360
17.495
17.570
17.765
17.915
17.955
18.010
18.115
18.360
18.460
18.500
18.550
18.670
18.740
18.815
18.925
18.985
19.140
19.230
19.360
19.440
19.560
19.720
19.770
19.940
19.995
20.140
20.215
20.315
20.545
20.720
20.945
20.990
21.125
21.255
21.350
21.530
21.705
21.880
21.935
22.105
22.155
22.310
22.495
22.530
22.715
22.875
22.910
22.945
23.100
23.330
23.560
23.730
23.900
24.095
24.185
24.300
24.385
24.485
24.715
24.755
24.885
25.085
25.140
25.335
25.500
25.660
25.840
25.900
26.075
26.185
26.405
26.440
26.650
26.855
26.965
27.015
27.190
27.240
27.390
27.425
27.610
27.750
27.830
27.955
28.030
28.215
28.310
28.365
28.425
28.535
28.600
28.750
28.915
28.995
29.035
29.160
29.250
29.305
29.540
29.645
29.730
