0.010
0.080
0.370
0.530
0.660
0.845
0.950
1.015
1.090
1.205
1.395
1.480
1.625
1.740
2.025
2.175
2.305
2.500
2.585
2.720
2.825
2.985
3.085
3.265
3.305
3.380
3.520
3.650
3.915
4.080
4.135
4.205
4.350
4.470
4.630
4.740
4.895
5.010
5.155
5.285
5.410
5.545
5.680
5.845
6.100
6.240
6.395
6.505
6.655
6.945
6.985
7.065
7.195
7.335
7.450
7.600
7.645
7.745
8.005
8.200
8.440
8.600
8.775
8.945
9.005
9.145
9.180
9.290
9.400
9.600
9.660
9.735
9.825
9.935
10.080
10.300
10.360
10.470
10.550
10.620
10.750
10.955
11.000
11.175
11.285
11.455
11.550
11.625
11.695
11.825
12.020
12.085
12.245
12.385
12.505
12.650
12.750
12.895
12.930
13.160
13.220
13.470
13.600
13.745
13.900
14.005
14.150
14.295
14.440
14.565
14.600
14.635
14.715
14.825
14.910
15.000
15.110
15.180
15.245
15.345
15.530
15.700
15.800
15.900
16.050
16.170
16.205
16.320
16.470
16.615
16.725
16.780
16.950
17.075
17.300
17.510
17.650
17.835
18.020
18.085
18.130
18.275
18.545
18.660
18.845
18.960
19.100
19.210
19.500
19.665
19.750
19.925
20.065
20.150
20.270
20.415
20.695
20.820
20.975
21.125
21.285
21.360
21.550
21.635
21.775
21.920
22.015
22.190
22.380
22.455
22.575
22.615
22.845
22.910
23.000
23.160
23.290
23.555
23.710
23.825
24.090
24.255
24.290
24.370
24.505
24.635
24.770
24.950
25.040
25.220
25.310
25.445
25.695
25.835
25.900
25.965
26.035
26.165
26.280
26.525
26.570
26.755
26.845
27.005
27.115
27.250
27.345
27.445
27.550
27.815
27.880
28.080
28.340
28.460
28.670
28.875
28.910
28.985
29.165
29.260
29.450
29.550
29.715
29.840
