0.010
0.165
0.675
0.735
0.930
1.435
1.590
1.630
1.715
1.950
2.205
2.450
2.705
2.960
3.355
3.720
3.975
4.230
4.485
4.735
4.990
5.500
5.660
5.705
6.015
6.275
6.520
6.770
7.030
7.425
7.785
8.045
8.300
8.810
9.060
9.570
9.725
9.760
9.840
10.085
10.340
10.585
10.840
11.095
11.490
11.855
12.110
12.365
12.620
12.875
13.130
13.635
13.795
13.920
14.150
14.400
14.440
14.560
14.660
14.905
15.160
15.320
15.570
15.675
15.830
15.930
16.090
16.180
16.430
16.700
16.940
17.200
17.455
17.710
17.885
17.955
18.215
18.475
18.515
18.600
18.740
18.975
19.240
19.395
19.485
19.645
19.750
19.870
19.990
20.155
20.260
20.505
20.545
20.770
21.010
21.265
21.520
21.780
21.910
21.955
22.025
22.285
22.540
22.580
22.665
22.805
23.040
23.310
23.460
23.555
23.715
23.815
23.975
24.060
24.320
24.575
24.835
25.075
25.335
25.590
25.845
25.975
26.095
26.350
26.610
26.650
26.735
26.885
27.110
27.380
27.530
27.625
27.780
27.885
28.040
28.130
28.290
28.395
28.465
28.640
28.680
28.900
28.935
29.145
29.405
29.660
29.920
30.050
30.100
30.160
30.420
30.680
30.715
30.835
30.930
31.180
31.440
31.600
31.690
31.735
31.855
31.950
32.110
32.200
32.360
32.460
32.705
32.750
32.975
33.210
33.470
33.595
33.640
33.720
33.980
34.160
34.230
34.485
34.615
34.735
34.995
35.245
35.505
35.670
35.755
35.915
36.015
36.260
36.520
36.645
36.770
36.820
37.035
37.280
37.545
37.660
37.790
37.830
37.895
38.075
38.300
38.565
38.695
38.815
38.855
39.070
39.315
39.580
39.695
39.735
39.825
39.960
40.090
40.330
40.520
40.595
40.845
40.885
41.105
41.345
41.605
41.730
41.855
42.115
42.365
42.625
42.745
42.870
43.130
43.380
43.640
43.805
43.890
44.055
44.150
44.310
44.400
44.655
44.905
45.175
45.415
45.675
45.800
45.925
46.180
46.365
46.430
46.690
46.815
46.940
46.985
47.210
47.450
47.965
48.005
48.225
48.375
48.465
48.800
48.975
49.245
49.400
49.480
49.735
49.865
49.990
50.235
50.275
50.415
50.500
50.760
50.880
51.015
51.170
51.270
51.515
51.710
51.780
51.935
52.035
52.190
52.290
52.530
52.790
53.040
53.300
53.545
53.805
53.930
54.060
54.320
54.575
54.830
55.075
55.340
55.440
55.585
55.850
55.965
56.010
56.095
56.145
56.255
56.360
56.510
56.610
56.865
