0.209
0.685
0.801
0.917
1.033
1.149
1.254
1.683
1.892
2.032
2.125
2.241
2.276
2.659
2.879
2.995
3.135
4.447
4.888
5.004
5.120
5.224
5.341
5.445
5.886
6.002
6.095
6.235
6.432
6.873
6.978
7.059
7.163
7.407
7.953
8.603
8.754
8.986
9.033
9.102
9.137
9.253
9.369
9.462
9.590
9.996
10.089
10.205
10.321
10.426
10.530
10.925
11.041
11.146
11.238
11.355
11.494
11.877
11.981
12.086
12.214
12.330
12.423
12.817
12.945
13.050
13.177
13.282
13.386
13.781
13.897
14.002
14.106
14.222
14.338
14.373
14.756
15.139
15.279
15.383
16.962
17.032
17.101
17.287
17.438
17.589
17.740
17.891
18.077
18.112
18.193
18.355
18.495
18.657
18.808
18.947
19.133
19.191
19.249
19.412
19.551
19.691
19.853
19.992
20.155
20.201
21.339
21.420
21.490
21.676
21.792
21.943
22.047
22.105
22.256
22.419
22.454
22.535
22.698
22.825
22.976
23.127
23.255
23.452
23.499
23.568
23.731
23.870
24.021
24.184
24.323
24.485
24.520
25.066
25.379
25.646
25.704
25.774
25.960
26.088
26.250
26.366
26.506
26.703
26.831
27.005
27.144
27.272
27.411
27.539
27.725
27.794
27.841
28.026
28.154
28.294
28.433
28.572
28.746
28.804
29.060
29.187
29.315
29.443
29.571
29.768
29.814
29.907
30.058
30.186
30.314
30.453
30.581
30.766
30.836
30.894
31.033
31.173
31.312
31.463
31.602
31.765
32.067
32.218
32.380
32.543
32.717
32.984
