0.395
0.511
2.009
2.067
2.113
2.159
2.206
2.252
2.299
2.345
2.392
2.438
2.485
2.531
3.796
3.924
4.052
4.574
4.830
5.608
6.653
7.187
7.674
8.615
8.742
8.870
8.998
9.125
9.253
9.381
9.509
9.636
9.764
9.903
10.031
10.147
10.275
10.414
10.542
10.658
10.786
10.913
11.041
11.169
11.297
11.424
11.552
11.680
11.807
11.935
12.063
12.190
12.318
12.458
12.585
12.701
12.829
12.957
13.084
13.212
13.340
13.468
13.595
13.723
13.851
13.990
14.118
14.234
14.362
14.501
14.629
14.745
14.872
15.000
15.128
15.256
15.383
15.499
15.627
15.755
15.894
16.010
16.149
16.277
16.405
16.544
16.672
16.776
16.916
17.032
17.160
17.287
17.427
17.543
17.670
17.798
17.926
18.054
18.204
18.309
18.448
18.588
18.715
18.820
18.947
19.075
19.203
19.331
19.470
19.586
19.714
19.841
19.969
20.097
20.225
20.352
20.492
20.631
20.759
20.863
20.991
21.119
21.246
21.374
21.513
21.629
21.757
21.885
22.013
22.140
22.291
22.396
22.535
22.674
22.802
22.906
23.034
23.162
23.290
23.417
23.557
23.673
23.800
23.928
24.056
24.184
24.311
24.439
24.578
24.718
24.834
24.950
25.078
25.205
25.333
25.461
25.588
25.716
25.844
25.972
26.099
26.215
26.366
26.482
26.610
26.749
26.877
26.982
27.121
27.249
27.376
27.492
27.632
27.759
27.887
28.003
28.143
28.259
28.398
28.514
28.653
