0.302
0.430
0.534
0.662
0.755
0.882
0.987
1.196
1.335
1.428
1.556
1.649
1.881
2.101
2.229
2.334
2.461
2.543
2.682
2.786
2.995
3.123
3.228
3.355
3.448
3.576
3.680
3.889
4.029
4.122
4.249
4.342
4.574
4.795
4.923
5.027
5.155
5.236
5.375
5.468
5.689
5.817
5.921
6.049
6.142
6.269
6.374
6.583
6.722
6.815
6.943
7.036
7.268
7.488
7.616
7.709
7.848
7.930
8.162
8.382
8.510
8.615
8.742
8.835
8.963
9.067
9.276
9.416
9.509
9.636
9.729
9.961
10.182
10.310
10.414
10.542
10.623
10.855
11.076
11.204
11.308
11.436
11.529
