0.209
0.325
0.766
1.196
1.474
1.614
1.881
2.043
2.310
2.473
2.705
2.914
3.158
3.262
3.332
3.587
3.750
4.191
4.632
5.039
5.317
5.480
5.747
5.909
6.200
6.327
6.769
7.036
7.198
7.639
8.081
8.359
8.487
8.533
8.777
8.916
9.218
9.381
9.543
9.660
9.799
10.170
10.228
10.507
10.658
11.076
11.517
11.935
12.214
12.353
12.643
12.806
13.084
13.224
13.677
13.944
14.083
14.512
14.942
15.627
15.755
16.068
16.231
16.521
16.649
17.496
17.926
18.355
19.029
19.203
19.470
19.644
19.911
20.074
20.306
20.921
21.362
21.792
22.581
22.930
23.452
23.510
23.928
24.079
24.358
24.787
25.228
25.925
26.088
26.355
26.517
26.761
26.947
27.574
27.794
28.224
28.642
29.338
29.501
29.780
29.931
30.209
30.348
30.790
31.208
31.637
32.067
32.485
32.775
32.926
33.205
33.367
33.657
33.797
34.064
34.238
