0.209
0.615
0.731
0.894
0.964
1.068
1.370
1.718
2.032
2.694
2.972
3.309
3.646
3.936
4.249
4.516
4.586
4.888
5.190
5.503
5.840
6.200
6.467
6.780
7.070
7.744
8.057
8.406
8.719
9.021
9.056
9.288
9.346
9.625
9.683
10.019
10.321
10.635
10.774
10.971
11.099
11.285
11.598
11.912
11.981
12.260
12.597
12.910
13.154
13.224
13.549
13.642
13.909
14.211
14.431
14.536
14.849
14.977
15.139
15.186
15.488
15.801
16.138
16.498
16.788
17.078
17.113
17.252
17.438
17.798
18.088
18.390
18.425
18.773
19.145
19.447
19.691
19.749
19.946
20.050
20.097
20.468
20.793
21.084
21.432
21.769
22.059
22.384
22.442
22.686
23.034
23.174
23.348
23.661
24.033
24.671
24.706
25.008
25.287
25.333
25.670
25.983
26.297
26.587
26.645
26.982
27.283
27.632
27.934
27.980
28.619
28.665
28.897
29.164
29.257
