0.209
0.279
0.569
0.731
0.848
0.998
1.126
1.265
1.382
1.521
1.649
1.788
1.904
2.043
2.183
2.334
2.461
2.589
2.717
2.856
2.972
3.111
3.239
3.367
3.402
3.506
3.657
3.773
3.924
4.040
4.180
4.307
4.458
4.574
4.725
4.841
4.992
5.108
5.248
5.375
5.503
5.631
5.770
5.909
6.060
6.177
6.316
6.455
6.571
6.722
6.861
7.001
7.117
7.245
7.384
7.523
7.639
7.790
7.930
8.034
8.626
8.789
8.928
9.137
9.392
9.555
9.810
9.915
10.066
10.194
10.356
10.461
10.612
10.739
10.820
10.867
10.983
11.146
11.250
11.378
11.517
11.656
11.796
12.040
12.179
12.318
12.585
12.864
13.108
13.398
13.526
13.665
13.793
13.932
14.060
14.199
14.338
14.454
14.594
14.721
14.896
15.000
15.070
15.256
15.395
15.534
15.592
15.662
15.778
15.929
16.045
16.196
16.335
16.463
16.591
16.649
17.160
17.334
17.438
17.682
17.949
18.367
18.483
18.622
18.762
19.029
19.284
19.551
19.807
19.946
20.050
20.190
20.341
20.468
20.608
20.735
20.875
21.130
21.409
21.676
21.954
22.082
22.210
22.326
22.361
22.465
22.581
22.744
22.895
23.023
23.278
23.429
23.545
23.696
23.812
23.940
24.067
24.218
24.335
24.474
24.602
24.741
24.892
24.996
25.136
25.182
25.333
25.519
25.588
25.716
25.844
25.960
26.227
26.517
26.657
27.028
27.191
27.562
27.701
27.968
28.085
28.224
28.630
28.770
29.048
29.164
29.292
