2.206
2.426
4.180
4.702
4.841
4.934
5.085
7.988
8.081
8.162
8.266
8.406
8.440
8.916
8.986
9.021
9.114
9.207
9.288
9.369
9.451
9.532
9.625
9.764
9.834
9.973
10.031
10.101
10.228
10.298
10.356
10.414
10.484
10.542
10.600
10.762
10.832
10.948
11.041
11.215
11.320
11.714
11.981
12.074
12.249
12.481
12.748
13.363
13.456
13.537
13.886
14.907
15.000
15.197
15.279
15.360
15.441
16.115
16.289
16.428
16.567
16.811
16.916
17.194
17.287
17.485
17.705
17.972
18.030
18.170
18.367
18.460
18.564
18.739
19.040
19.145
19.238
19.273
19.412
19.586
19.760
19.992
20.167
20.283
20.410
20.492
21.513
21.757
21.827
21.978
22.117
22.245
22.430
22.744
22.953
23.348
23.464
23.847
24.021
24.985
26.378
26.575
26.935
27.016
27.098
27.179
27.260
27.318
27.434
27.481
27.725
29.222
29.408
29.489
29.826
30.000
30.395
30.441
31.161
31.254
31.498
31.568
31.695
31.742
32.218
32.311
33.622
34.099
34.203
35.074
35.445
35.724
35.991
36.212
36.955
37.210
37.825
38.046
38.255
38.290
38.359
38.441
39.021
39.335
39.776
40.263
40.623
40.693
40.774
40.856
40.937
41.018
41.099
41.181
41.262
41.343
41.424
41.506
41.587
41.668
41.749
41.831
41.924
42.005
42.179
42.342
42.620
42.818
43.003
43.154
43.630
43.712
43.793
43.874
43.955
44.037
44.118
44.199
44.280
44.373
44.617
44.826
44.907
45.163
45.441
45.778
46.243
46.568
46.626
46.719
46.823
47.938
48.042
48.135
48.448
48.565
48.855
49.273
49.435
49.528
49.598
49.737
49.807
49.865
50.178
50.236
50.352
50.422
50.480
50.608
50.666
50.724
50.794
50.852
50.910
51.142
51.386
51.606
51.792
51.827
52.106
52.245
52.384
52.500
52.547
52.593
52.686
52.767
52.860
52.941
53.127
53.220
53.394
53.685
54.904
55.043
55.403
55.647
55.740
56.204
56.436
56.761
56.900
57.980
58.955
59.118
59.199
59.281
59.362
59.443
59.617
59.710
60.105
60.186
60.256
60.383
60.743
60.883
60.952
61.068
61.138
61.254
61.312
61.475
61.579
61.672
61.719
61.881
61.951
62.044
62.125
62.206
62.276
62.392
62.462
62.520
62.636
62.705
62.775
62.868
62.984
63.100
63.170
63.228
63.402
63.611
63.669
63.797
63.983
64.110
64.168
64.273
64.354
64.528
64.702
64.853
65.550
65.794
65.875
65.933
66.130
66.188
66.641
67.024
67.349
67.431
68.000
68.081
68.325
68.406
68.569
68.673
68.812
68.859
68.894
69.532
69.602
69.718
69.892
70.380
70.832
71.343
72.017
72.086
72.260
72.319
72.969
73.213
73.305
73.387
73.480
73.538
73.630
73.677
74.025
74.223
74.745
75.267
75.442
75.523
