0.209
0.395
0.430
0.476
0.627
1.765
2.125
3.878
5.306
5.968
6.037
7.767
7.872
8.057
8.220
8.394
8.452
8.568
9.392
10.403
10.553
11.018
11.262
11.331
12.040
12.086
12.307
12.585
12.992
13.189
13.491
13.537
13.677
13.862
14.071
14.257
14.489
15.743
16.033
16.533
17.891
18.146
18.321
19.145
19.598
19.807
20.016
20.213
20.283
20.677
20.724
20.921
20.979
21.653
21.827
22.384
22.442
22.790
23.092
23.232
23.290
23.580
23.696
23.905
24.009
24.126
24.265
24.300
24.404
24.543
24.660
24.694
24.845
24.973
25.136
25.252
25.403
25.681
25.913
26.227
27.353
27.527
27.690
27.887
28.038
28.201
28.259
28.410
28.642
28.932
30.174
30.209
30.407
30.604
32.020
32.218
32.508
32.914
32.949
33.065
33.112
33.425
33.727
33.959
34.099
34.133
34.284
34.424
34.458
36.014
36.688
37.024
37.117
37.280
38.406
38.452
38.719
39.102
39.439
39.613
39.671
39.857
39.996
40.229
40.983
41.123
41.471
41.691
43.027
43.061
43.932
43.979
44.431
46.092
46.231
46.266
46.393
47.903
48.193
48.379
48.727
49.191
49.273
49.459
49.609
50.109
50.248
51.374
51.560
52.373
52.582
52.756
52.825
52.883
53.232
53.278
53.394
54.172
54.230
54.428
54.613
54.753
54.904
55.089
55.217
55.403
55.438
55.531
55.890
56.146
56.517
56.680
56.738
56.889
57.075
57.202
57.423
57.597
57.783
57.818
57.922
58.096
58.178
58.375
58.921
59.153
59.281
59.327
59.699
60.581
60.732
60.941
61.138
61.359
