0.209
0.418
0.964
1.498
1.718
1.962
2.229
2.450
2.972
3.471
3.738
3.971
4.203
4.435
4.946
5.457
5.735
5.968
6.211
6.455
6.943
7.198
7.465
7.709
7.941
8.185
8.417
8.940
9.439
9.474
9.706
9.950
10.170
10.414
10.681
10.902
11.157
11.413
11.645
11.877
12.109
12.365
12.864
13.363
13.619
13.862
14.106
14.350
14.617
14.838
15.093
15.325
15.569
15.824
16.057
16.300
16.811
17.322
17.578
17.821
18.077
18.309
18.808
19.307
19.563
19.807
20.004
20.050
20.283
20.793
21.293
21.537
21.780
22.256
22.523
22.756
23.011
23.278
23.499
23.731
23.963
23.998
24.218
24.718
25.205
25.461
25.728
25.948
26.169
26.668
26.935
27.167
27.400
27.643
27.876
28.131
28.607
29.118
29.373
29.617
29.872
30.105
30.140
