0.090
0.220
0.320
0.450
0.540
0.670
0.780
0.900
1.000
1.130
1.240
1.360
1.460
1.590
1.690
1.820
1.920
2.050
2.150
2.280
2.380
2.500
2.610
2.740
2.830
2.960
3.070
3.190
3.290
3.420
3.520
3.650
3.750
3.880
3.980
4.110
4.210
4.340
4.440
4.570
4.670
4.800
4.900
5.030
5.120
5.250
5.360
5.480
5.580
5.710
5.810
5.940
6.040
6.170
6.270
6.400
6.500
6.630
6.730
6.860
6.960
7.080
7.190
7.320
7.410
7.540
7.650
7.770
7.870
8.000
8.100
8.230
8.330
8.460
8.560
8.690
8.790
8.920
9.020
9.150
9.240
9.380
9.480
9.610
9.700
9.830
9.940
10.060
10.160
10.290
10.390
10.520
10.620
10.750
10.850
10.980
11.080
11.210
11.310
11.440
11.540
11.660
11.770
