0.475
0.147
0.687
0.885
0.613
0.690
0.870
0.567
0.621
0.894
0.806
0.881
0.648
0.816
0.721
0.912
0.902
0.983
0.750
0.788
0.940
0.707
0.983
0.657
0.730
0.912
0.952
0.939
0.908
0.836
0.870
0.828
0.851
0.892
0.910
0.844
0.919
0.793
0.731
0.843
0.896
0.863
0.784
0.500
0.885
0.831
0.778
0.843
0.855
0.930
0.789
0.923
0.939
0.804
0.823
0.927
0.889
0.900
0.755
0.845
0.897
0.731
0.780
0.731
0.701
0.774
0.847
0.741
0.942
0.846
0.835
0.885
0.568
0.618
0.765
0.506
0.989
0.860
0.772
0.896
0.645
0.198
0.722
0.786
0.844
0.963
0.303
0.920
0.870
0.923
0.667
0.589
0.981
0.967
0.700
0.710
0.872
0.982
0.940
0.876
0.944
0.794
0.863
0.148
0.779
0.903
0.875
0.919
0.944
0.923
0.895
0.589
0.920
0.949
0.920
0.538
0.712
0.617
0.842
0.750
0.966
0.906
0.889
0.822
0.842
0.538
0.731
0.912
0.877
0.760
0.561
0.761
0.723
0.933
0.816
0.738
0.650
0.647
0.248
0.967
0.811
0.744
0.886
0.800
0.840
0.379
0.959
0.477
0.610
0.581
0.282
0.532
0.827
0.887
0.735
0.833
0.585
0.857
0.911
0.579
0.964
0.804
0.918
0.483
0.812
0.923
0.414
0.909
0.870
0.667
0.511
0.930
0.667
0.714
0.627
0.877
0.885
0.816
0.908
0.640
0.902
0.877
1.000
0.407
0.897
