0.348
0.476
1.022
1.393
1.753
2.125
2.415
2.740
3.471
3.843
4.180
4.516
4.888
5.004
5.050
5.213
5.596
5.921
6.258
6.420
6.606
6.908
6.954
7.291
7.628
7.941
8.278
8.626
8.719
8.975
9.149
9.311
9.718
10.043
10.391
10.716
11.029
11.064
11.389
11.738
12.098
12.481
12.817
13.003
13.177
13.537
13.862
14.176
14.512
14.803
15.105
15.464
15.801
16.173
16.579
17.043
17.218
17.415
18.112
18.460
18.622
18.797
19.098
19.377
19.458
19.807
20.492
20.852
21.142
21.269
21.328
21.641
22.303
22.628
22.953
23.278
23.626
24.288
24.973
25.275
25.356
25.542
25.623
25.972
26.076
26.285
26.622
26.807
26.958
27.272
27.562
27.922
28.224
28.282
28.572
28.874
29.176
29.420
29.478
29.524
29.617
30.116
30.465
30.766
31.092
31.417
31.730
32.078
