0.000
0.110
0.220
0.360
0.610
0.900
1.300
1.420
1.700
1.970
2.550
3.070
3.450
3.590
3.830
4.090
4.220
4.330
4.450
4.570
4.840
5.030
5.120
5.380
5.650
5.900
6.160
6.290
6.430
6.530
6.680
7.180
7.460
7.750
7.990
8.240
8.390
8.500
8.630
8.780
9.020
9.250
9.290
9.660
9.770
10.040
10.280
10.820
11.290
11.720
11.800
12.070
12.320
12.460
12.570
12.680
12.830
13.060
13.340
13.710
13.820
14.080
14.360
14.920
15.440
15.830
15.950
16.200
16.430
16.570
16.690
16.790
16.920
17.160
17.420
17.680
17.900
18.160
18.400
18.520
18.660
18.750
18.910
19.410
19.680
19.730
19.980
20.240
20.480
20.600
20.710
20.940
21.220
21.470
21.650
21.890
21.980
22.280
22.600
23.380
