0.330
0.450
0.990
1.370
1.740
2.090
2.400
2.490
2.730
3.110
3.450
3.810
3.960
4.150
4.490
4.870
5.020
5.190
5.570
5.900
6.080
6.230
6.580
6.930
7.270
7.600
7.920
8.250
8.600
8.960
9.130
9.290
9.680
10.020
10.360
10.690
11.030
11.370
11.710
12.070
12.450
12.800
12.970
13.160
13.510
13.830
14.160
14.480
14.770
15.090
15.440
15.780
16.140
16.550
17.020
17.200
17.400
17.750
18.090
18.430
18.760
19.080
19.260
19.340
19.430
19.780
20.110
20.460
20.820
21.120
21.300
21.510
21.620
21.960
22.280
22.600
22.930
23.250
23.600
23.930
24.260
24.590
24.940
25.250
25.340
25.520
25.610
25.950
26.250
26.580
26.930
27.240
27.540
27.900
28.200
28.250
28.550
28.850
29.140
29.500
29.590
30.080
30.430
30.750
31.070
31.390
31.710
32.060
