0.977
1.000
1.000
1.000
1.000
0.944
1.000
0.815
0.935
0.936
0.923
0.947
0.918
1.000
0.970
1.000
1.000
1.000
0.944
1.000
1.000
0.857
0.931
0.905
0.859
0.962
0.868
0.176
0.773
0.844
0.944
0.797
0.854
1.000
1.000
0.962
0.857
0.868
0.845
0.957
1.000
1.000
0.962
0.870
0.902
1.000
0.417
0.873
1.000
0.667
0.713
0.750
0.662
0.588
0.458
0.895
0.857
0.800
1.000
1.000
0.950
0.864
1.000
0.836
0.851
0.891
0.881
0.914
0.846
1.000
0.909
0.731
0.905
0.900
0.882
0.849
0.974
0.892
0.762
0.958
0.909
0.903
0.900
0.950
0.682
0.915
0.967
0.895
1.000
1.000
0.635
0.636
0.884
0.917
0.680
0.701
0.864
0.468
0.560
0.667
0.809
0.702
0.814
0.662
0.781
0.852
0.566
0.825
0.733
0.671
0.732
0.645
0.739
0.722
0.707
0.696
0.838
0.663
0.940
0.722
0.853
0.720
0.785
0.677
0.797
0.773
0.741
0.727
0.725
0.653
0.696
0.544
0.628
0.822
0.528
0.849
0.506
0.764
0.851
0.720
0.675
0.873
0.750
0.719
0.869
0.775
0.712
0.817
0.929
0.881
0.787
0.990
0.908
0.633
0.926
0.767
0.701
0.667
0.887
0.772
0.900
0.859
1.000
0.949
0.671
0.689
0.857
0.692
0.691
0.796
0.889
0.948
0.583
0.767
0.267
0.118
0.591
0.811
0.491
0.857
0.524
0.896
0.637
0.966
0.889
0.833
0.473
0.714
1.000
0.800
0.667
0.950
0.781
0.594
0.635
0.905
0.795
0.729
0.871
0.688
0.333
0.714
0.826
0.690
0.733
1.000
1.000
0.933
1.000
1.000
0.778
0.968
1.000
0.764
0.944
0.607
0.800
1.000
1.000
0.725
0.636
0.741
0.930
0.918
0.573
0.800
0.564
0.733
1.000
0.415
0.636
1.000
0.670
0.709
0.857
0.838
0.694
0.517
0.737
0.961
0.654
0.665
0.773
0.539
0.796
0.800
0.721
0.794
0.662
0.780
0.608
0.625
0.707
0.713
0.715
0.689
0.521
0.809
0.771
0.485
0.682
0.441
0.494
0.343
0.499
0.458
0.964
0.875
0.952
0.812
0.852
0.708
0.884
0.710
0.964
0.889
0.814
0.714
0.740
0.786
0.638
0.755
0.880
0.891
0.812
0.763
0.909
0.614
0.886
0.829
0.683
0.698
0.797
0.534
0.767
0.696
0.431
0.817
0.991
0.809
0.764
0.940
0.845
1.000
0.690
0.975
0.940
1.000
1.000
1.000
0.878
0.614
0.917
0.701
0.499
0.817
0.071
0.537
0.500
0.606
0.841
