0.930
0.938
1.000
1.000
1.000
0.889
0.935
0.846
0.839
0.936
0.885
0.947
0.918
1.000
0.955
1.000
1.000
1.000
1.000
1.000
1.000
0.857
0.897
0.905
0.756
0.925
0.803
0.176
0.773
0.969
0.722
0.500
0.833
0.962
1.000
0.962
0.643
0.842
1.000
0.826
1.000
1.000
0.654
0.739
0.608
0.792
0.833
0.727
0.462
0.707
0.700
0.729
0.815
0.647
0.583
0.526
0.429
0.667
0.667
0.536
1.000
0.909
1.000
0.873
0.915
0.891
0.929
0.845
0.846
1.000
0.955
0.808
0.738
1.000
0.824
0.792
0.842
0.784
0.714
0.833
1.000
0.806
1.000
0.917
0.773
0.814
0.967
0.842
0.941
1.000
0.683
0.473
0.814
0.750
0.640
0.662
0.864
0.613
0.600
0.633
0.872
0.679
0.671
0.676
0.753
0.556
0.660
0.754
0.783
0.635
0.857
0.671
0.761
0.708
0.646
0.875
0.750
0.651
0.774
0.671
0.680
0.640
0.754
0.615
0.688
0.652
0.617
0.659
0.560
0.520
0.607
0.481
0.641
0.781
0.556
0.726
0.605
0.625
0.716
0.640
0.494
0.803
0.667
0.685
0.738
0.465
0.697
0.789
0.721
0.916
0.741
0.929
0.832
0.739
0.920
0.812
0.866
0.667
0.226
0.474
0.900
0.847
0.957
0.867
0.771
0.785
0.857
0.837
0.742
0.781
0.697
1.000
0.573
0.751
0.376
0.294
0.636
0.703
0.772
0.878
0.508
0.906
0.725
0.959
0.278
0.722
0.800
0.696
0.872
0.726
0.852
0.900
0.812
0.618
0.764
0.899
0.898
0.743
0.817
0.697
0.781
0.714
0.829
0.775
0.733
1.000
1.000
1.000
1.000
1.000
0.778
0.871
0.933
0.618
0.944
0.536
0.800
1.000
1.000
0.725
0.795
0.704
0.907
0.825
0.584
0.800
0.538
0.733
1.000
0.622
0.682
1.000
0.705
0.818
1.000
0.775
0.833
0.552
0.737
1.000
0.702
0.767
0.427
0.749
0.791
0.700
0.747
0.773
0.568
0.584
0.725
0.713
0.621
0.708
0.699
0.672
0.260
0.782
0.807
0.758
0.574
0.363
0.561
0.545
0.470
0.521
0.643
0.475
0.667
0.417
0.852
0.723
0.767
0.613
0.714
0.806
0.729
0.786
0.675
0.750
0.623
0.469
0.740
0.804
0.625
0.712
0.891
0.477
0.429
0.707
0.750
0.581
0.625
0.569
0.822
0.734
0.492
0.774
0.654
0.691
0.775
0.910
0.862
0.983
0.697
0.978
0.990
1.000
1.000
1.000
0.916
0.701
0.217
0.635
0.697
0.799
0.429
0.525
0.462
0.667
0.886
