0.953
1.000
1.000
1.000
1.000
1.000
1.000
0.877
0.871
1.000
1.000
1.000
0.967
0.969
0.970
1.000
1.000
1.000
1.000
1.000
1.000
0.929
0.931
0.952
0.872
0.943
0.882
0.118
0.955
1.000
0.833
0.797
0.854
1.000
1.000
1.000
0.643
0.895
1.000
0.957
1.000
1.000
0.769
0.870
0.608
0.917
0.667
0.691
0.615
0.880
0.800
0.833
0.862
0.706
0.750
0.500
0.429
0.467
1.000
0.536
1.000
0.977
1.000
0.964
0.936
0.891
0.952
0.914
0.923
1.000
0.955
0.846
0.833
0.900
0.863
0.906
0.895
0.892
0.762
1.000
1.000
0.903
1.000
0.983
0.909
0.915
0.967
0.868
1.000
1.000
0.778
0.691
0.907
0.917
0.787
0.779
0.955
0.855
0.860
0.844
0.894
0.869
0.857
0.824
0.918
0.722
0.726
0.895
0.933
0.800
0.946
0.829
0.795
0.847
0.951
0.982
0.882
0.759
0.940
0.810
0.907
0.760
0.862
0.723
0.906
0.894
0.864
0.636
0.802
0.800
0.750
0.671
0.795
0.918
0.653
0.877
0.654
0.819
0.851
0.780
0.688
0.958
0.850
0.854
0.845
0.634
0.879
0.817
0.883
0.979
0.833
1.000
0.897
0.818
0.975
0.909
0.928
0.800
0.547
0.789
0.900
0.855
1.000
0.938
0.829
0.778
0.878
0.875
0.822
0.854
0.879
1.000
0.738
0.852
0.535
0.324
0.682
0.878
0.860
0.980
0.651
0.953
0.784
0.959
0.556
0.852
0.782
0.821
1.000
0.800
0.926
0.950
0.875
0.685
0.851
0.884
0.886
0.861
0.914
0.862
0.896
0.857
0.858
0.873
0.800
1.000
1.000
1.000
1.000
1.000
0.778
1.000
1.000
0.764
1.000
0.679
1.000
1.000
1.000
0.902
0.818
0.741
0.977
0.897
0.764
0.833
0.603
0.800
1.000
0.720
0.791
1.000
0.800
0.836
1.000
0.815
0.833
0.552
0.895
1.000
0.809
0.835
0.733
0.921
0.867
0.843
0.838
0.823
0.703
0.722
0.819
0.840
0.809
0.781
0.854
0.803
0.466
0.907
0.885
0.861
0.598
0.394
0.677
0.610
0.515
0.688
0.643
0.675
0.619
0.583
0.870
0.908
0.884
0.758
0.857
0.833
0.871
0.857
0.792
0.839
0.826
0.531
0.860
0.913
0.729
0.898
0.964
0.409
0.686
0.878
0.867
0.558
0.781
0.690
0.904
0.937
0.692
0.871
0.720
0.809
0.809
0.970
0.966
1.000
0.821
0.987
1.000
1.000
1.000
1.000
0.953
0.842
0.333
0.805
0.826
0.917
0.643
0.713
0.577
0.818
0.886
