0.837
0.938
1.000
0.941
1.000
0.833
0.613
0.415
0.710
0.787
0.712
0.737
0.885
1.000
0.940
0.936
1.000
1.000
0.833
0.759
1.000
0.643
0.724
0.762
0.231
0.566
0.276
0.000
0.273
0.156
0.111
0.031
0.417
0.577
0.711
0.885
0.357
0.763
0.776
0.696
1.000
0.946
0.077
0.493
0.176
0.292
0.125
0.345
0.000
0.387
0.600
0.438
0.477
0.206
0.042
0.184
0.000
0.000
0.000
0.000
0.800
0.682
0.967
0.800
0.766
0.674
0.786
0.707
0.577
0.971
0.500
0.462
0.143
0.600
0.392
0.472
0.737
0.649
0.476
0.750
0.636
0.452
0.600
0.683
0.273
0.186
0.633
0.316
0.588
0.613
0.365
0.091
0.419
0.550
0.147
0.338
0.545
0.290
0.360
0.311
0.596
0.321
0.500
0.235
0.425
0.093
0.349
0.211
0.350
0.353
0.500
0.368
0.250
0.194
0.232
0.500
0.397
0.217
0.357
0.291
0.107
0.173
0.108
0.200
0.203
0.242
0.210
0.227
0.176
0.120
0.179
0.241
0.410
0.274
0.139
0.521
0.272
0.111
0.351
0.240
0.182
0.479
0.317
0.303
0.155
0.070
0.303
0.127
0.123
0.776
0.310
0.869
0.342
0.508
0.648
0.472
0.443
0.067
0.028
0.070
0.875
0.767
0.435
0.554
0.500
0.637
0.735
0.298
0.687
0.423
0.131
0.759
0.330
0.418
0.129
0.088
0.500
0.351
0.368
0.816
0.127
0.774
0.578
0.901
0.000
0.352
0.455
0.250
0.687
0.484
0.630
0.650
0.844
0.388
0.561
0.809
0.727
0.611
0.699
0.330
0.438
0.214
0.697
0.521
0.556
1.000
1.000
0.947
1.000
0.857
0.722
0.032
0.800
0.582
0.833
0.464
0.800
0.833
1.000
0.686
0.659
0.407
0.930
0.247
0.247
0.767
0.462
0.433
0.867
0.329
0.240
1.000
0.550
0.455
0.333
0.595
0.528
0.552
0.684
0.981
0.287
0.523
0.020
0.340
0.583
0.357
0.494
0.603
0.176
0.086
0.181
0.332
0.129
0.404
0.130
0.221
0.055
0.747
0.380
0.359
0.187
0.067
0.191
0.274
0.200
0.250
0.036
0.050
0.095
0.042
0.556
0.538
0.279
0.177
0.286
0.639
0.529
0.464
0.519
0.554
0.406
0.143
0.300
0.565
0.021
0.356
0.545
0.091
0.029
0.341
0.383
0.093
0.266
0.190
0.466
0.430
0.246
0.183
0.075
0.282
0.674
0.710
0.569
0.700
0.193
0.937
0.910
1.000
1.000
0.969
0.755
0.158
0.000
0.433
0.431
0.720
0.071
0.275
0.442
0.273
0.818
