0.190
0.880
1.570
2.200
2.810
3.430
4.010
4.580
4.870
5.120
5.410
5.680
5.950
6.220
6.740
7.010
7.270
7.520
7.780
8.030
8.290
8.540
8.790
9.040
9.290
9.530
9.780
10.020
10.250
10.490
10.720
10.960
11.160
11.380
11.580
11.780
11.970
12.180
12.380
12.570
12.770
12.950
13.140
13.330
13.500
13.680
13.870
14.030
14.200
14.380
14.550
14.710
14.880
15.040
15.200
15.360
15.520
15.660
15.810
15.940
16.090
16.240
16.380
16.510
16.640
16.770
16.890
17.020
17.160
17.260
17.370
17.490
17.600
17.710
17.820
17.920
18.010
18.120
18.210
18.320
18.430
18.520
18.610
18.720
18.800
18.940
21.060
21.190
21.460
21.720
21.860
21.970
22.230
22.500
22.770
22.930
23.040
23.300
23.450
23.560
23.820
24.090
24.250
24.360
24.510
24.620
24.890
25.160
25.440
25.600
25.700
25.970
26.230
26.390
26.500
26.650
26.760
27.030
27.300
27.570
27.730
27.830
28.100
28.370
28.520
28.630
28.800
28.900
29.160
29.430
29.570
29.700
29.860
29.970
30.140
30.240
30.380
30.490
30.750
31.030
31.290
31.570
31.850
32.000
32.110
32.380
32.640
32.810
32.910
33.180
33.450
33.720
33.880
33.990
34.140
34.250
34.510
34.650
34.790
34.930
35.050
35.300
35.590
35.850
36.130
36.270
36.390
36.650
36.930
37.080
37.200
37.460
37.730
38.000
38.140
38.260
38.400
38.520
38.670
38.780
38.940
39.050
39.310
39.590
39.850
40.120
40.270
40.400
40.540
40.650
40.920
41.070
41.190
41.340
41.450
41.610
41.710
41.980
42.250
42.530
42.690
42.790
43.060
43.210
43.320
43.490
43.590
43.730
43.850
44.110
44.270
44.380
44.540
44.640
44.780
44.900
45.170
45.440
45.690
45.820
45.880
46.020
46.100
46.210
46.470
46.710
46.790
46.860
46.990
47.120
47.240
47.380
47.500
47.770
48.050
48.300
48.570
48.730
48.850
48.990
49.110
49.360
49.510
49.640
49.790
49.910
50.040
50.160
50.420
50.690
50.960
51.120
51.220
51.490
51.640
51.760
51.920
52.020
52.170
52.280
52.540
52.810
52.960
53.090
53.230
53.350
53.610
53.880
54.030
54.130
54.290
54.400
54.660
54.940
55.060
55.330
55.610
55.870
55.990
56.260
56.390
56.540
56.800
57.080
57.350
57.490
57.610
57.870
58.130
58.300
58.400
58.550
58.660
58.930
59.200
59.340
59.480
59.620
59.730
59.980
60.140
60.250
60.400
60.520
60.670
60.770
61.040
61.310
61.580
61.730
61.840
62.100
62.380
62.530
62.640
62.910
63.180
63.450
63.590
63.650
63.720
63.880
64.140
64.260
64.400
64.510
64.790
65.060
65.330
65.610
65.870
66.010
66.130
66.390
66.660
66.820
66.920
67.190
67.460
67.730
67.880
68.000
68.150
68.270
68.530
68.700
68.800
68.940
69.060
69.330
69.600
69.880
70.150
70.310
70.410
70.680
70.950
71.110
71.210
71.480
71.740
72.010
72.270
72.340
72.430
72.520
72.610
72.690
72.760
72.850
72.940
73.030
73.300
73.840
74.110
74.390
74.550
74.650
74.920
75.190
75.360
75.460
75.730
75.990
76.260
76.540
76.700
76.810
77.080
77.350
77.520
77.620
77.790
77.880
78.160
78.430
78.700
78.860
78.970
79.240
79.410
79.510
79.670
79.790
79.940
80.040
80.310
80.570
80.710
80.830
80.980
81.240
81.500
81.620
81.900
82.450
82.730
83.000
83.150
83.260
83.530
83.800
83.950
84.070
84.330
84.600
84.880
85.040
85.150
85.300
85.420
85.690
85.960
86.120
86.230
86.500
86.760
87.030
87.200
87.300
87.460
87.570
87.840
88.110
88.250
88.370
88.510
88.760
88.890
89.150
89.290
89.530
89.650
89.910
89.960
90.370
90.500
90.550
