0.216210
0.358455
0.479476
0.687639
0.790700
1.062129
1.224374
1.356006
1.452945
1.565190
1.723353
1.843761
1.977435
2.084578
2.365190
3.091721
3.211449
3.314170
3.402945
3.596823
3.806006
4.003467
4.206006
4.433557
4.673353
4.902945
5.145802
5.665190
5.948455
6.254986
6.445802
6.557027
6.843512
7.098864
7.391721
7.668251
7.858455
7.983557
8.096460
8.260451
8.402945
8.526415
8.793467
9.220292
9.650904
9.887639
9.991721
10.484578
10.826415
10.981517
11.082537
11.233557
11.671449
11.825462
11.967231
12.096460
12.194782
12.384578
12.584578
12.706006
12.846823
12.954986
13.384578
13.675394
13.888659
14.020451
14.140700
14.392741
15.507027
16.042741
16.134578
16.347843
16.531517
16.679476
16.817231
16.928455
17.028455
17.104986
