0.290
0.460
0.640
0.830
1.020
1.380
1.550
1.720
2.100
2.270
2.450
2.640
2.810
3.000
3.160
3.360
3.540
3.700
3.890
4.260
4.430
4.620
4.790
4.990
5.150
5.340
5.700
6.050
6.090
6.250
6.430
6.590
6.800
7.160
7.330
7.500
7.680
7.880
8.040
8.240
8.420
8.600
8.790
8.940
8.980
9.150
9.330
9.480
9.670
9.880
10.040
10.220
10.400
10.570
10.930
11.120
11.490
11.830
11.870
12.030
12.200
12.370
12.580
12.940
13.120
13.290
13.460
13.660
13.830
14.020
14.210
14.380
14.570
14.730
14.920
15.100
15.270
15.450
15.660
15.820
16.000
16.170
16.340
16.710
16.900
17.270
17.440
17.620
17.810
17.990
18.160
18.350
18.710
18.890
19.070
19.240
19.440
19.610
19.800
19.980
20.160
20.350
20.510
20.700
20.890
21.050
21.230
21.600
21.780
21.960
22.140
22.340
22.500
22.690
23.050
23.230
23.400
23.600
23.770
23.940
24.140
24.500
24.680
24.850
25.030
25.230
25.390
25.580
25.770
25.940
26.130
26.290
26.480
26.660
26.830
27.020
27.210
27.390
27.560
27.740
27.920
28.280
28.470
28.830
29.010
29.180
29.370
29.550
29.720
29.910
30.100
30.270
30.460
30.640
30.800
31.010
31.180
31.360
