0.150
0.540
0.930
1.130
1.320
1.520
1.600
1.710
1.900
2.100
2.200
2.300
2.390
2.490
2.680
2.720
2.850
2.890
3.070
3.140
3.250
3.470
3.600
3.640
3.680
3.860
4.050
4.240
4.440
4.540
4.600
4.640
4.760
4.830
5.030
5.090
5.220
5.270
5.330
5.420
5.480
5.610
5.740
5.800
5.860
5.970
6.010
6.110
6.200
6.300
6.390
6.580
6.780
6.970
7.170
7.360
7.560
7.650
7.750
7.950
8.140
8.330
8.520
8.720
8.920
9.030
9.110
9.200
9.310
9.480
9.520
9.700
9.890
10.090
10.290
10.410
10.640
10.680
10.870
11.070
11.260
11.460
11.650
11.840
12.040
12.240
12.430
12.640
12.820
12.930
13.020
13.120
13.210
13.310
13.400
13.600
13.790
13.990
14.180
14.380
14.560
14.760
14.820
14.870
14.950
15.120
15.160
15.330
15.370
15.500
15.550
15.720
15.760
15.940
16.130
16.330
16.520
16.720
16.910
17.010
17.110
17.300
17.500
17.680
17.880
18.070
18.220
18.270
18.440
18.480
18.540
18.640
18.840
19.050
19.250
19.410
19.470
19.640
19.830
20.010
