0.060
0.220
0.260
0.450
0.680
0.860
1.010
1.050
1.250
1.430
1.630
1.860
2.020
2.060
2.220
2.430
2.610
2.840
3.010
3.070
3.190
3.250
3.430
3.620
3.850
4.000
4.190
4.230
4.440
4.610
4.820
4.860
4.990
5.030
5.200
5.410
5.580
5.780
5.990
6.170
6.370
6.600
6.780
7.160
7.200
7.360
7.510
7.560
7.750
7.800
7.920
7.960
8.140
8.350
8.390
8.710
8.890
8.930
9.180
9.340
9.520
9.580
9.680
9.720
9.890
10.110
10.280
10.500
10.660
10.740
10.870
11.040
11.260
11.420
11.460
11.670
11.840
11.910
11.990
12.410
12.490
12.590
12.630
12.800
13.000
13.150
13.250
13.380
13.550
13.600
13.820
13.960
14.000
14.160
14.230
14.350
14.570
14.820
14.950
15.010
15.130
15.170
15.340
15.720
15.760
15.930
15.970
16.190
16.350
16.520
16.580
16.710
16.750
16.900
17.000
17.140
17.300
17.480
17.530
17.730
17.920
18.090
18.300
18.530
18.710
18.910
18.960
19.080
19.120
19.370
19.510
19.700
19.880
20.100
20.290
20.470
20.680
20.890
20.930
21.090
21.270
21.320
21.480
21.670
21.900
22.070
22.270
22.480
22.680
22.840
22.910
23.070
23.280
23.460
23.670
23.710
23.820
23.860
24.050
24.250
24.290
24.430
24.470
24.640
24.830
25.040
25.210
25.250
25.450
25.620
25.760
25.830
26.010
26.050
26.170
26.230
26.380
26.420
26.570
26.650
26.770
26.820
27.160
27.230
27.520
27.570
27.730
27.820
27.970
28.160
28.340
28.410
28.510
28.700
28.910
28.980
29.110
29.280
29.500
29.540
29.700
