0.000
0.300
0.630
0.800
0.970
1.070
1.130
1.300
1.470
1.630
1.800
1.970
2.140
2.300
2.480
2.640
2.810
2.970
3.140
3.300
3.470
3.640
3.810
3.960
4.130
4.440
4.750
4.810
4.870
4.950
5.090
5.290
5.460
5.760
6.090
6.210
6.290
6.450
6.620
6.710
6.800
7.090
7.400
7.560
7.680
7.770
7.950
8.120
8.450
8.760
8.940
9.110
9.290
9.470
9.630
9.800
9.960
10.130
10.250
10.300
10.460
10.630
10.800
10.960
11.140
11.290
11.470
11.550
11.620
11.800
11.960
12.120
12.290
12.460
12.620
12.790
12.910
12.960
13.130
13.290
13.460
13.620
13.790
13.960
14.130
14.240
14.300
14.460
14.620
14.790
15.090
15.420
15.580
15.690
15.780
15.950
16.120
16.450
16.810
16.990
17.190
17.290
17.350
17.450
17.790
18.140
18.320
18.500
18.610
18.780
19.130
19.470
19.590
19.640
19.730
19.840
19.950
20.120
20.290
20.460
20.620
20.790
20.930
20.970
21.120
21.280
21.450
21.620
21.790
21.950
22.130
22.290
22.450
22.620
22.790
22.950
23.120
23.280
23.450
23.620
23.780
23.960
24.120
24.290
24.450
24.620
24.790
24.950
25.120
25.280
25.320
25.460
25.620
25.790
25.950
26.120
26.280
26.450
26.610
26.670
26.780
26.950
27.120
27.280
27.450
27.610
27.780
27.940
28.110
28.280
28.450
28.610
28.780
28.950
29.120
29.280
29.450
29.500
29.610
29.780
29.940
