0.060
0.300
0.550
0.770
1.010
1.240
1.480
1.710
1.950
2.180
2.430
2.650
2.890
3.120
3.360
3.400
3.590
3.840
4.060
4.300
4.520
4.760
4.990
5.240
5.470
5.700
5.930
6.170
6.400
6.630
6.860
7.090
7.330
7.440
7.560
7.670
7.780
7.990
8.040
8.250
8.490
8.720
8.970
9.180
9.410
9.480
9.660
9.880
10.120
10.590
10.830
11.050
11.280
11.350
11.520
11.760
11.880
11.970
12.080
12.210
12.430
12.470
12.680
12.900
13.120
13.370
13.600
13.830
14.070
14.290
14.530
14.750
14.990
15.230
15.340
15.460
15.680
15.850
15.910
16.130
16.180
16.380
16.610
16.830
17.080
17.310
17.420
17.520
17.770
17.980
18.220
18.450
18.630
18.690
18.930
19.060
19.160
19.380
19.620
19.840
20.090
20.300
20.540
20.780
21.010
21.230
21.460
21.680
21.930
21.970
22.160
22.390
22.640
22.750
22.860
23.060
23.100
23.330
23.550
23.790
24.010
24.250
24.290
24.490
24.630
24.730
24.940
25.180
25.400
25.650
25.860
26.100
26.330
26.570
26.790
27.030
27.070
27.250
27.430
27.490
27.720
27.920
27.970
28.050
28.180
28.420
28.630
28.870
29.090
29.330
29.550
29.790
