0.270
0.410
1.480
1.570
1.640
1.730
1.830
1.940
5.160
5.470
5.920
8.150
8.360
8.540
11.330
12.090
12.330
12.630
13.730
13.930
14.140
14.350
14.560
16.410
16.700
18.040
18.260
18.480
18.560
19.310
20.450
20.670
20.900
21.150
23.540
23.710
23.840
23.980
24.140
24.270
24.370
24.550
24.680
24.790
24.960
25.140
25.260
25.420
25.540
25.700
25.830
25.980
26.150
26.300
26.540
26.710
27.680
28.030
28.210
28.360
28.600
28.780
29.010
29.300
30.580
30.810
31.010
33.550
33.710
33.800
33.890
33.990
34.080
34.190
34.400
34.580
34.740
34.910
37.650
37.820
38.960
39.020
39.290
40.010
40.250
40.450
40.630
40.840
41.730
42.060
42.320
44.620
44.840
44.940
45.180
46.970
50.050
50.140
50.230
50.410
50.910
51.060
52.210
52.390
53.220
53.440
53.620
53.720
54.110
54.270
55.110
55.310
55.640
55.800
55.990
56.130
56.320
56.440
56.810
57.050
57.660
57.800
58.020
58.160
58.360
58.540
58.740
58.890
59.060
59.150
59.300
59.520
59.610
59.700
59.830
59.900
59.960
60.300
60.710
