0.180
0.370
0.460
0.620
1.480
1.670
1.800
2.020
2.100
2.650
3.520
3.860
4.000
4.070
4.140
4.450
5.270
5.620
5.940
6.010
6.870
7.090
7.290
7.470
7.650
7.840
8.020
8.200
8.370
8.420
9.360
10.530
10.960
11.250
11.300
12.050
12.280
12.560
12.960
13.160
13.460
13.510
13.650
13.870
14.050
14.230
14.280
14.460
15.190
15.710
15.760
16.000
16.300
16.510
16.590
17.780
17.870
18.110
18.330
18.410
19.120
19.350
19.570
19.780
19.990
20.190
20.250
20.470
20.690
20.940
21.340
21.800
22.430
22.760
23.210
23.260
23.440
23.570
23.680
23.730
23.870
23.990
24.100
24.240
24.290
24.380
24.430
24.510
24.640
24.820
24.940
25.120
25.220
25.270
25.370
25.540
25.650
25.810
25.880
26.200
26.280
26.400
26.450
27.280
27.330
27.490
27.660
27.860
28.010
28.170
28.240
28.380
28.620
28.910
30.070
30.170
30.380
30.430
30.590
31.990
32.190
32.490
32.890
33.040
33.090
33.250
33.400
33.610
33.700
33.930
34.100
34.240
34.420
35.980
36.660
37.000
37.090
37.250
38.380
38.430
38.690
39.080
39.420
39.650
39.840
39.970
40.020
40.210
40.590
40.960
41.100
41.440
41.680
41.980
42.030
42.460
43.040
43.920
43.970
44.230
44.400
45.870
46.060
46.210
46.260
46.370
46.990
47.180
47.280
47.650
47.870
48.350
48.710
49.170
49.240
49.430
49.590
49.670
50.090
50.220
50.270
50.860
51.210
51.350
51.400
51.540
52.350
52.560
52.730
52.790
52.850
53.200
53.250
53.370
53.430
54.150
54.210
54.400
54.580
54.720
54.870
55.070
55.200
55.410
55.510
55.610
55.860
56.120
56.490
56.650
56.710
56.850
57.050
57.100
57.180
57.230
57.400
57.570
57.770
57.890
58.070
58.150
58.340
58.550
58.720
58.850
59.130
59.250
59.300
59.720
61.120
61.330
