0.582
0.308
0.813
0.750
0.708
0.800
0.619
0.509
0.791
0.833
0.600
0.636
0.727
0.661
0.600
0.711
0.872
0.702
0.771
0.544
0.753
0.556
0.585
0.667
0.800
0.694
0.857
0.737
0.659
0.681
0.744
0.875
0.706
0.554
0.869
0.747
0.707
0.547
0.646
0.631
0.766
0.682
0.642
0.568
0.604
0.573
0.554
0.570
0.654
0.836
0.569
0.767
0.568
0.611
0.689
0.740
0.558
0.789
0.600
0.697
0.690
0.394
0.667
0.732
0.578
0.951
0.778
0.701
0.792
0.864
0.807
0.825
0.198
0.456
0.714
0.365
0.815
0.752
0.505
0.762
0.356
0.118
0.636
0.662
0.719
0.888
0.413
0.804
0.947
0.741
0.800
0.554
0.978
0.758
0.667
0.719
0.797
0.824
0.852
0.771
0.871
0.651
0.896
0.786
0.746
0.778
1.000
0.782
0.607
0.824
0.818
0.640
0.833
0.628
0.767
1.000
0.591
0.643
0.720
0.800
0.798
0.694
0.552
0.617
0.744
0.427
0.728
0.801
0.690
0.760
0.459
0.402
0.579
0.723
0.570
0.730
0.626
0.631
0.151
0.860
0.792
0.753
0.601
0.563
0.508
0.588
0.495
0.589
0.321
0.275
0.476
0.375
0.796
0.862
0.721
0.597
0.571
0.778
0.729
0.750
0.714
0.857
0.710
0.286
0.720
0.826
0.375
0.712
0.927
0.341
0.200
0.800
0.326
0.625
0.552
0.836
0.823
0.508
0.730
0.703
0.882
0.500
0.577
0.697
0.886
