0.582
0.308
0.813
0.750
0.708
0.800
0.619
0.509
0.791
0.833
0.600
0.636
0.727
0.661
0.600
0.711
0.872
0.702
0.771
0.544
0.767
0.556
0.585
0.667
0.817
0.706
0.857
0.737
0.659
0.681
0.744
0.875
0.706
0.554
0.869
0.747
0.707
0.547
0.662
0.631
0.766
0.697
0.642
0.568
0.604
0.600
0.554
0.582
0.654
0.836
0.583
0.808
0.580
0.611
0.703
0.740
0.558
0.789
0.600
0.697
0.702
0.394
0.667
0.732
0.597
0.951
0.778
0.707
0.792
0.870
0.812
0.825
0.245
0.474
0.714
0.365
0.815
0.752
0.515
0.762
0.356
0.118
0.636
0.662
0.719
0.898
0.460
0.804
0.947
0.741
0.800
0.554
0.978
0.758
0.704
0.750
0.797
0.824
0.852
0.771
0.871
0.651
0.896
0.786
0.746
0.778
1.000
0.800
0.607
0.824
0.818
0.652
0.833
0.628
0.767
1.000
0.598
0.643
0.720
0.800
0.798
0.694
0.552
0.617
0.744
0.427
0.733
0.801
0.690
0.760
0.459
0.402
0.579
0.723
0.574
0.730
0.634
0.631
0.164
0.860
0.792
0.753
0.606
0.564
0.514
0.592
0.495
0.594
0.321
0.275
0.476
0.375
0.796
0.862
0.721
0.597
0.571
0.778
0.729
0.750
0.714
0.857
0.710
0.306
0.720
0.826
0.375
0.712
0.927
0.341
0.200
0.800
0.349
0.625
0.569
0.836
0.823
0.508
0.730
0.709
0.882
0.500
0.577
0.697
0.886
