0.843
0.938
0.900
0.850
1.000
1.000
0.903
0.960
0.706
0.875
0.956
0.943
1.000
1.000
0.984
1.000
0.926
0.762
0.783
0.935
1.000
0.706
0.960
0.952
0.930
0.977
1.000
0.571
0.826
0.933
0.632
1.000
0.969
0.957
0.688
0.923
0.750
0.829
1.000
0.909
0.880
0.925
0.333
0.951
0.909
0.800
0.733
0.973
1.000
1.000
1.000
0.944
0.982
0.750
0.750
0.818
0.500
0.889
1.000
1.000
0.844
0.923
0.906
0.980
0.977
0.956
0.930
0.981
1.000
0.972
0.864
0.750
0.789
0.667
0.975
0.923
0.893
0.604
0.778
0.850
0.889
0.920
0.938
0.940
0.750
0.833
0.962
0.875
0.800
0.828
0.958
0.968
0.805
0.958
1.000
0.948
0.941
0.950
0.909
1.000
0.975
1.000
0.981
0.979
0.983
0.966
0.983
0.977
0.978
1.000
1.000
1.000
0.984
0.960
1.000
0.980
1.000
0.982
0.985
0.964
1.000
1.000
1.000
1.000
0.974
1.000
0.980
0.955
1.000
1.000
1.000
1.000
0.982
1.000
0.971
1.000
0.977
1.000
1.000
0.929
0.974
1.000
0.949
0.983
0.984
0.963
1.000
0.981
0.964
0.978
0.976
0.864
0.966
0.984
0.979
0.985
1.000
0.000
0.950
1.000
0.972
1.000
1.000
0.981
1.000
1.000
0.951
0.815
0.995
0.981
0.982
0.983
0.814
0.993
0.981
0.857
0.846
0.962
1.000
0.989
0.750
0.917
1.000
0.988
1.000
0.971
1.000
0.765
1.000
1.000
0.900
0.826
0.962
0.991
0.974
1.000
1.000
1.000
1.000
0.986
1.000
0.875
0.994
1.000
0.969
0.800
0.900
1.000
1.000
0.875
0.933
1.000
0.933
0.974
0.667
1.000
0.875
0.857
0.917
1.000
1.000
1.000
1.000
1.000
1.000
1.000
0.979
0.957
0.500
0.978
0.989
1.000
0.950
1.000
1.000
0.993
0.963
0.889
0.968
1.000
0.969
0.993
0.950
0.986
0.994
0.982
0.991
0.970
0.850
0.994
0.940
0.995
0.986
0.992
0.968
1.000
1.000
0.996
0.968
1.000
0.989
0.945
0.971
0.965
0.997
0.737
0.750
0.933
0.889
0.963
0.976
0.980
0.967
0.974
0.808
0.939
0.981
0.920
0.981
0.976
0.976
1.000
0.935
0.972
0.929
1.000
0.959
0.875
0.680
0.943
1.000
0.909
0.951
1.000
1.000
0.984
0.969
0.806
0.936
0.750
1.000
0.915
1.000
0.754
0.872
0.997
1.000
1.000
1.000
1.000
1.000
0.963
0.750
0.998
0.969
1.000
0.667
1.000
1.000
0.938
0.974
