0.811
1.000
1.000
0.850
1.000
1.000
0.816
0.964
0.730
0.833
0.925
0.944
1.000
1.000
1.000
1.000
1.000
0.970
0.818
0.935
0.929
0.706
0.963
0.952
0.926
0.847
0.949
0.750
0.875
0.853
0.600
0.977
0.957
0.929
0.706
0.839
0.818
0.766
0.983
0.958
0.917
0.881
0.846
0.947
0.952
0.846
0.783
0.939
0.538
0.969
1.000
0.927
0.909
0.926
0.842
0.875
0.750
0.800
1.000
0.882
0.812
0.820
0.882
0.964
0.900
0.957
0.930
0.965
0.962
0.946
0.880
0.875
0.773
0.692
0.922
0.882
0.897
0.761
0.762
0.846
0.917
1.000
0.909
1.000
0.875
0.881
0.935
0.865
0.850
0.775
0.947
0.958
0.950
0.982
1.000
1.000
0.947
0.923
0.978
0.975
0.976
1.000
0.983
0.983
0.931
0.957
0.987
0.941
0.965
1.000
1.000
1.000
0.972
0.970
0.986
0.981
0.922
0.985
0.962
0.971
0.969
0.982
0.964
0.960
0.982
1.000
1.000
0.968
1.000
0.966
1.000
1.000
0.984
0.984
1.000
0.956
1.000
1.000
1.000
0.953
0.984
0.985
0.941
0.986
0.986
0.977
0.981
0.984
0.902
0.986
0.965
0.899
0.982
0.982
0.994
0.981
0.989
0.833
0.920
0.872
0.949
0.988
0.978
0.974
0.939
0.991
1.000
0.952
0.996
0.961
0.965
0.983
0.810
0.994
0.932
1.000
0.867
0.952
0.979
0.979
0.603
0.882
0.989
1.000
0.857
0.979
1.000
0.759
1.000
1.000
0.889
0.760
0.933
0.979
0.963
0.995
1.000
0.984
0.977
0.989
0.990
0.929
0.994
1.000
0.947
0.800
0.900
1.000
0.909
0.875
0.938
1.000
0.933
0.960
0.667
1.000
0.769
0.750
0.917
0.955
0.976
1.000
1.000
0.979
1.000
1.000
0.981
0.960
0.700
0.976
0.962
1.000
0.951
1.000
0.778
0.994
0.966
0.895
1.000
1.000
0.973
0.980
0.987
0.944
0.983
0.956
0.970
0.975
0.909
0.994
0.955
0.980
0.977
1.000
0.960
0.971
0.944
0.996
0.972
0.967
0.973
0.965
0.987
0.956
0.997
0.871
0.786
0.935
0.857
1.000
0.979
0.983
0.973
0.980
0.857
0.939
0.948
0.929
0.953
0.963
0.983
0.970
0.956
0.976
0.968
1.000
0.962
1.000
0.821
0.923
0.977
1.000
0.961
0.976
1.000
0.986
0.933
0.905
0.912
0.773
0.975
0.892
0.956
0.741
0.881
0.994
0.980
0.889
0.889
0.970
0.993
0.895
0.867
0.994
0.969
0.973
0.500
0.983
1.000
0.871
0.975
