0.717
0.696
0.500
0.654
0.600
0.720
0.620
0.903
0.622
0.708
0.778
0.872
1.000
1.000
0.971
1.000
0.377
0.516
0.643
0.967
0.867
0.545
0.839
0.909
0.728
0.607
0.847
0.600
0.576
0.681
0.361
0.875
0.750
0.765
0.494
0.684
0.750
0.735
0.934
0.733
0.676
0.649
0.500
0.736
0.941
0.676
0.704
0.875
0.500
0.955
0.928
0.816
0.740
0.490
0.439
0.523
0.375
0.538
0.429
0.545
0.588
0.690
0.789
0.912
0.880
0.936
0.930
0.982
0.923
0.946
0.489
0.585
0.539
0.450
0.855
0.839
0.875
0.531
0.615
0.548
0.611
0.806
0.667
0.707
0.629
0.675
0.659
0.479
0.347
0.554
0.862
0.904
0.690
0.917
0.904
0.861
0.764
0.768
0.810
0.928
0.932
0.974
0.952
0.844
0.824
0.868
0.955
0.806
0.814
0.972
0.930
0.985
0.917
0.861
0.895
0.873
0.787
0.905
0.872
0.973
0.857
0.914
0.732
0.900
0.897
0.902
0.798
0.800
0.987
0.838
0.877
0.981
0.911
0.805
0.949
0.971
0.983
0.941
0.958
0.953
0.942
0.896
0.800
0.930
0.898
0.893
0.923
0.890
0.652
0.881
0.919
0.692
0.879
0.928
0.825
0.932
0.959
0.909
0.866
0.690
1.000
0.987
0.789
0.893
0.741
0.982
0.900
0.500
0.979
0.945
0.879
0.983
0.687
0.917
0.764
0.410
0.933
0.863
0.850
0.905
0.518
0.837
0.976
0.696
0.265
0.980
0.860
0.676
1.000
0.964
0.694
0.613
0.903
0.976
0.923
0.945
1.000
0.894
0.943
0.932
0.967
0.933
0.983
0.873
0.949
0.800
0.900
1.000
0.833
0.778
0.882
1.000
0.933
0.978
0.486
0.909
0.667
0.857
0.917
0.887
0.951
0.875
1.000
0.892
0.897
1.000
0.941
0.857
0.389
0.893
0.892
0.800
0.888
0.887
0.750
0.993
0.879
0.895
0.850
1.000
0.929
0.898
0.863
0.874
0.906
0.829
0.866
0.885
0.805
0.918
0.820
0.952
0.881
0.935
0.783
0.830
0.535
0.996
0.853
0.850
0.972
0.901
0.929
0.807
0.994
0.591
0.657
0.805
0.607
0.889
0.769
0.868
0.816
0.914
0.686
0.889
0.923
0.619
0.956
0.841
0.951
0.766
0.797
0.913
0.754
0.824
0.810
0.821
0.456
0.686
0.962
0.660
0.905
0.889
0.917
0.939
0.963
0.539
0.724
0.409
0.951
0.784
0.792
0.241
0.573
0.991
0.901
0.800
0.889
0.970
0.980
0.680
0.307
0.938
0.850
0.911
0.625
0.875
1.000
0.667
0.952
