0.764
0.652
0.667
0.708
0.750
0.739
0.912
0.895
0.574
0.698
0.792
0.854
1.000
1.000
1.000
1.000
0.684
0.970
0.889
0.800
1.000
0.688
0.781
1.000
0.792
0.671
0.915
0.000
0.778
0.885
0.714
0.923
0.698
0.667
0.311
0.833
0.407
0.688
1.000
0.778
0.719
0.923
0.222
0.566
0.850
0.900
0.778
0.941
0.158
0.979
1.000
0.909
0.900
0.444
0.625
0.551
0.071
0.134
0.028
0.421
0.644
0.745
0.938
0.887
0.956
1.000
0.973
0.980
0.950
1.000
0.556
0.488
0.784
0.500
0.932
0.830
0.848
0.525
0.833
0.479
0.818
0.750
0.947
0.659
0.818
0.671
0.707
0.321
0.533
0.862
0.960
0.500
0.944
0.970
1.000
1.000
0.964
0.957
0.957
1.000
0.972
1.000
0.967
0.950
0.981
0.857
0.977
0.923
1.000
0.976
1.000
1.000
0.960
0.917
1.000
0.971
1.000
0.962
0.963
0.947
1.000
1.000
1.000
1.000
0.923
1.000
1.000
1.000
0.857
1.000
1.000
1.000
0.970
1.000
1.000
0.967
0.947
1.000
0.962
0.966
0.947
1.000
0.941
1.000
0.944
0.000
0.909
0.875
0.955
1.000
0.984
0.770
0.974
0.993
0.989
0.986
1.000
0.889
0.526
0.732
1.000
0.991
0.767
0.952
0.893
1.000
0.955
0.892
0.989
0.953
0.739
0.982
0.946
1.000
0.929
1.000
0.909
0.866
1.000
0.987
0.708
0.781
1.000
0.659
0.242
0.955
1.000
0.786
1.000
1.000
0.929
0.679
0.962
0.989
0.980
0.994
1.000
0.991
0.976
1.000
1.000
1.000
0.988
1.000
1.000
1.000
1.000
1.000
1.000
1.000
1.000
1.000
0.933
1.000
0.586
1.000
0.727
0.857
0.917
0.970
0.969
0.895
1.000
0.929
0.977
1.000
0.971
0.929
0.857
1.000
1.000
0.800
0.974
1.000
1.000
0.957
0.957
0.938
1.000
1.000
0.930
0.991
0.750
0.975
0.975
0.977
0.965
0.939
0.836
1.000
1.000
0.989
0.980
0.962
0.947
0.987
0.857
0.995
0.986
0.992
0.874
0.954
0.937
0.881
1.000
0.637
0.000
0.000
1.000
1.000
0.972
0.977
0.917
1.000
0.800
0.950
0.958
0.938
0.979
0.976
0.972
1.000
0.952
0.958
0.000
0.975
0.979
1.000
0.000
0.944
1.000
0.500
0.833
1.000
1.000
0.974
0.867
0.508
0.737
0.456
0.973
0.864
0.961
0.374
0.593
0.997
0.979
0.889
0.889
0.970
0.998
0.951
0.000
0.998
0.994
0.996
0.750
1.000
1.000
0.633
0.964
